1	354709249
2	7092283
3	2299966
4	2257284
5	2710313
6	3274993
7	3705742
8	3972390
9	4060757
10	4074770
11	4079459
12	4152788
13	4342911
14	4657916
15	5086466
16	5609073
17	6185127
18	6784247
19	7371787
20	7902761
21	8345084
22	8658127
23	8812104
24	8779214
25	8552359
26	8168212
27	7609657
28	6937532
29	6188451
30	5387141
31	4593183
32	3833496
33	3139688
34	2529990
35	1994828
36	1548434
37	1191637
38	902255
39	679970
40	509610
41	383250
42	290732
43	224127
44	177311
45	145423
46	122392
47	106324
48	95513
49	86828
50	81747
51	76248
52	71855
53	68228
54	64201
55	60772
56	57401
57	54338
58	51047
59	48686
60	45174
61	42440
62	39236
63	37006
64	34836
65	33230
66	30955
67	29314
68	28105
69	26559
70	25436
71	24497
72	23325
73	22543
74	21645
75	20967
76	20489
77	19484
78	19288
79	18563
80	18085
81	17510
82	17174
83	17050
84	16447
85	16142
86	15635
87	15087
88	15012
89	14812
90	14464
91	13967
92	13622
93	13301
94	13003
95	12553
96	11981
97	11791
98	11511
99	11188
100	11261
101	10776
102	10483
103	10547
104	10566
105	10131
106	10086
107	9591
108	9602
109	9406
110	9351
111	8958
112	8928
113	8817
114	8901
115	8233
116	8025
117	7825
118	7701
119	7636
120	7712
121	7491
122	7278
123	7145
124	7034
125	6802
126	6719
127	6467
128	6427
129	6266
130	6151
131	6097
132	5973
133	5921
134	5839
135	5740
136	5706
137	5478
138	5527
139	5343
140	5229
141	5144
142	5020
143	5088
144	4898
145	4802
146	4801
147	4613
148	4366
149	4468
150	4305
151	4219
152	4263
153	4181
154	4091
155	3975
156	4061
157	3898
158	3811
159	3849
160	3679
161	3806
162	3686
163	3692
164	3628
165	3553
166	3443
167	3434
168	3295
169	3336
170	3335
171	3121
172	3205
173	3141
174	3117
175	2993
176	3027
177	3076
178	2988
179	2877
180	2832
181	2697
182	2738
183	2711
184	2719
185	2597
186	2507
187	2528
188	2442
189	2419
190	2445
191	2328
192	2301
193	2329
194	2324
195	2324
196	2216
197	2250
198	2173
199	2187
200	2120
201	2016
202	2080
203	1958
204	1971
205	2027
206	2003
207	1877
208	1919
209	1904
210	1885
211	1901
212	1794
213	1718
214	1728
215	1699
216	1684
217	1700
218	1676
219	1675
220	1670
221	1755
222	1709
223	1667
224	1609
225	1592
226	1627
227	1591
228	1606
229	1591
230	1511
231	1490
232	1494
233	1455
234	1457
235	1384
236	1383
237	1346
238	1339
239	1411
240	1340
241	1258
242	1312
243	1355
244	1334
245	1348
246	1305
247	1302
248	1350
249	1399
250	1332
251	1330
252	1353
253	1389
254	1323
255	1357
256	1302
257	1380
258	1319
259	1355
260	1359
261	1283
262	1269
263	1196
264	1243
265	1236
266	1291
267	1208
268	1199
269	1250
270	1212
271	1174
272	1226
273	1207
274	1214
275	1209
276	1156
277	1154
278	1131
279	1236
280	1112
281	1071
282	1085
283	1102
284	1149
285	1066
286	1007
287	1008
288	1018
289	1003
290	1083
291	997
292	1017
293	992
294	1011
295	1021
296	993
297	956
298	944
299	931
300	948
301	934
302	1043
303	935
304	903
305	957
306	925
307	961
308	956
309	972
310	939
311	916
312	968
313	888
314	906
315	904
316	905
317	824
318	875
319	874
320	890
321	876
322	890
323	887
324	921
325	900
326	807
327	848
328	849
329	870
330	901
331	905
332	868
333	897
334	819
335	864
336	850
337	886
338	857
339	868
340	819
341	858
342	826
343	824
344	850
345	774
346	773
347	776
348	832
349	831
350	767
351	766
352	731
353	811
354	752
355	728
356	778
357	753
358	713
359	721
360	739
361	686
362	743
363	729
364	682
365	707
366	687
367	774
368	705
369	688
370	734
371	686
372	736
373	735
374	732
375	690
376	704
377	673
378	662
379	695
380	663
381	637
382	619
383	623
384	612
385	628
386	619
387	675
388	625
389	613
390	644
391	639
392	604
393	584
394	649
395	628
396	621
397	574
398	595
399	620
400	587
401	607
402	566
403	544
404	481
405	598
406	573
407	541
408	548
409	559
410	577
411	518
412	542
413	508
414	522
415	495
416	532
417	539
418	473
419	542
420	475
421	506
422	498
423	512
424	483
425	481
426	478
427	468
428	455
429	496
430	454
431	442
432	450
433	461
434	483
435	511
436	485
437	520
438	479
439	471
440	461
441	458
442	453
443	428
444	472
445	451
446	436
447	430
448	495
449	463
450	416
451	519
452	440
453	458
454	464
455	424
456	445
457	420
458	391
459	415
460	412
461	402
462	392
463	371
464	400
465	398
466	360
467	388
468	370
469	389
470	375
471	399
472	382
473	389
474	373
475	336
476	386
477	373
478	343
479	403
480	389
481	391
482	388
483	382
484	370
485	396
486	400
487	392
488	382
489	395
490	363
491	340
492	416
493	333
494	363
495	343
496	355
497	379
498	329
499	369
500	374
501	344
502	357
503	342
504	337
505	354
506	356
507	354
508	307
509	306
510	333
511	335
512	320
513	285
514	332
515	295
516	285
517	297
518	322
519	325
520	325
521	320
522	299
523	296
524	291
525	317
526	315
527	315
528	281
529	331
530	278
531	322
532	334
533	304
534	283
535	328
536	309
537	307
538	320
539	343
540	299
541	312
542	279
543	304
544	305
545	302
546	263
547	290
548	288
549	304
550	232
551	265
552	283
553	302
554	289
555	274
556	256
557	295
558	253
559	294
560	276
561	252
562	283
563	264
564	286
565	221
566	264
567	272
568	236
569	299
570	264
571	224
572	275
573	253
574	251
575	265
576	279
577	264
578	294
579	259
580	229
581	223
582	237
583	223
584	210
585	243
586	236
587	218
588	227
589	243
590	257
591	252
592	219
593	230
594	224
595	240
596	228
597	247
598	234
599	229
600	194
601	223
602	240
603	218
604	220
605	218
606	215
607	221
608	234
609	224
610	230
611	241
612	259
613	201
614	237
615	222
616	230
617	246
618	228
619	236
620	230
621	236
622	249
623	247
624	244
625	222
626	218
627	214
628	205
629	208
630	218
631	232
632	209
633	210
634	185
635	223
636	212
637	231
638	220
639	212
640	194
641	204
642	196
643	200
644	214
645	220
646	201
647	225
648	169
649	205
650	192
651	177
652	210
653	211
654	178
655	196
656	209
657	203
658	183
659	174
660	193
661	207
662	204
663	194
664	203
665	209
666	199
667	171
668	176
669	178
670	181
671	184
672	169
673	190
674	188
675	178
676	186
677	182
678	187
679	189
680	175
681	178
682	176
683	170
684	162
685	176
686	187
687	182
688	193
689	177
690	199
691	196
692	202
693	190
694	208
695	154
696	178
697	203
698	168
699	176
700	188
701	183
702	192
703	193
704	198
705	174
706	192
707	187
708	193
709	175
710	179
711	185
712	168
713	154
714	174
715	160
716	172
717	178
718	162
719	195
720	158
721	180
722	138
723	183
724	183
725	160
726	173
727	163
728	171
729	155
730	152
731	153
732	171
733	160
734	167
735	166
736	164
737	147
738	158
739	143
740	139
741	170
742	154
743	134
744	163
745	164
746	161
747	144
748	161
749	154
750	139
751	154
752	170
753	144
754	144
755	157
756	148
757	142
758	153
759	137
760	149
761	148
762	156
763	148
764	140
765	152
766	141
767	136
768	125
769	128
770	134
771	143
772	134
773	124
774	143
775	143
776	134
777	131
778	134
779	131
780	116
781	135
782	129
783	116
784	133
785	159
786	137
787	134
788	148
789	133
790	141
791	139
792	128
793	140
794	147
795	130
796	134
797	141
798	135
799	117
800	131
801	129
802	114
803	151
804	109
805	119
806	132
807	112
808	145
809	122
810	132
811	126
812	122
813	128
814	144
815	134
816	118
817	121
818	135
819	132
820	104
821	133
822	113
823	128
824	124
825	136
826	145
827	121
828	95
829	120
830	104
831	103
832	105
833	128
834	95
835	88
836	114
837	93
838	109
839	104
840	97
841	103
842	95
843	98
844	107
845	81
846	99
847	110
848	100
849	83
850	98
851	102
852	73
853	94
854	80
855	100
856	90
857	120
858	108
859	94
860	118
861	101
862	102
863	98
864	81
865	89
866	86
867	79
868	83
869	91
870	94
871	105
872	78
873	80
874	79
875	89
876	82
877	93
878	98
879	90
880	111
881	94
882	108
883	85
884	91
885	96
886	84
887	90
888	98
889	75
890	90
891	80
892	73
893	84
894	92
895	73
896	74
897	83
898	93
899	83
900	88
901	82
902	84
903	73
904	77
905	87
906	98
907	60
908	85
909	78
910	72
911	85
912	76
913	74
914	76
915	64
916	75
917	72
918	83
919	63
920	76
921	84
922	73
923	70
924	70
925	64
926	54
927	71
928	57
929	71
930	87
931	67
932	73
933	71
934	63
935	67
936	68
937	78
938	66
939	90
940	78
941	74
942	79
943	66
944	68
945	74
946	75
947	75
948	70
949	69
950	81
951	67
952	71
953	66
954	73
955	69
956	60
957	56
958	68
959	67
960	73
961	55
962	58
963	57
964	54
965	46
966	69
967	64
968	57
969	65
970	63
971	45
972	49
973	60
974	65
975	54
976	44
977	67
978	62
979	62
980	48
981	39
982	61
983	52
984	73
985	65
986	60
987	70
988	44
989	49
990	59
991	54
992	46
993	67
994	56
995	52
996	60
997	69
998	47
999	50
1000	56
1001	61
1002	55
1003	50
1004	48
1005	65
1006	47
1007	56
1008	50
1009	52
1010	46
1011	61
1012	69
1013	74
1014	63
1015	53
1016	46
1017	61
1018	86
1019	58
1020	56
1021	58
1022	60
1023	54
1024	56
1025	68
1026	79
1027	52
1028	55
1029	57
1030	53
1031	62
1032	57
1033	48
1034	41
1035	53
1036	48
1037	57
1038	47
1039	53
1040	57
1041	61
1042	47
1043	45
1044	60
1045	52
1046	53
1047	49
1048	44
1049	71
1050	41
1051	52
1052	44
1053	56
1054	58
1055	45
1056	63
1057	50
1058	51
1059	53
1060	46
1061	52
1062	59
1063	50
1064	64
1065	56
1066	36
1067	57
1068	57
1069	52
1070	50
1071	53
1072	35
1073	45
1074	54
1075	51
1076	47
1077	40
1078	42
1079	59
1080	48
1081	47
1082	56
1083	53
1084	48
1085	43
1086	62
1087	51
1088	39
1089	42
1090	54
1091	44
1092	51
1093	44
1094	43
1095	39
1096	40
1097	51
1098	51
1099	48
1100	51
1101	39
1102	52
1103	73
1104	44
1105	53
1106	36
1107	47
1108	51
1109	51
1110	49
1111	37
1112	41
1113	49
1114	53
1115	33
1116	47
1117	39
1118	34
1119	46
1120	49
1121	46
1122	33
1123	34
1124	29
1125	44
1126	42
1127	50
1128	30
1129	50
1130	37
1131	46
1132	39
1133	43
1134	43
1135	36
1136	48
1137	45
1138	40
1139	52
1140	42
1141	38
1142	49
1143	40
1144	41
1145	47
1146	33
1147	40
1148	49
1149	58
1150	44
1151	40
1152	46
1153	32
1154	42
1155	48
1156	36
1157	40
1158	44
1159	34
1160	36
1161	47
1162	39
1163	45
1164	48
1165	53
1166	35
1167	50
1168	47
1169	35
1170	49
1171	39
1172	43
1173	43
1174	58
1175	39
1176	41
1177	50
1178	38
1179	41
1180	38
1181	51
1182	46
1183	41
1184	47
1185	45
1186	37
1187	45
1188	42
1189	40
1190	44
1191	32
1192	54
1193	33
1194	39
1195	34
1196	44
1197	48
1198	39
1199	32
1200	34
1201	41
1202	39
1203	36
1204	47
1205	38
1206	30
1207	40
1208	47
1209	53
1210	43
1211	40
1212	45
1213	42
1214	45
1215	33
1216	40
1217	33
1218	55
1219	42
1220	44
1221	38
1222	37
1223	30
1224	36
1225	34
1226	37
1227	33
1228	44
1229	45
1230	29
1231	24
1232	31
1233	33
1234	41
1235	43
1236	32
1237	45
1238	54
1239	40
1240	40
1241	40
1242	34
1243	36
1244	35
1245	35
1246	45
1247	29
1248	38
1249	34
1250	36
1251	30
1252	32
1253	39
1254	38
1255	38
1256	40
1257	48
1258	27
1259	42
1260	36
1261	42
1262	39
1263	35
1264	38
1265	46
1266	53
1267	50
1268	39
1269	44
1270	51
1271	46
1272	38
1273	44
1274	43
1275	32
1276	49
1277	49
1278	31
1279	31
1280	47
1281	35
1282	42
1283	44
1284	38
1285	35
1286	33
1287	35
1288	38
1289	46
1290	47
1291	37
1292	41
1293	42
1294	51
1295	31
1296	38
1297	36
1298	45
1299	24
1300	23
1301	31
1302	37
1303	28
1304	35
1305	26
1306	30
1307	30
1308	26
1309	28
1310	35
1311	26
1312	31
1313	36
1314	35
1315	32
1316	32
1317	33
1318	33
1319	39
1320	43
1321	39
1322	37
1323	37
1324	35
1325	30
1326	38
1327	31
1328	30
1329	38
1330	28
1331	29
1332	47
1333	33
1334	19
1335	31
1336	28
1337	30
1338	26
1339	36
1340	28
1341	33
1342	29
1343	29
1344	28
1345	34
1346	31
1347	35
1348	27
1349	30
1350	48
1351	44
1352	45
1353	23
1354	35
1355	32
1356	46
1357	34
1358	26
1359	32
1360	42
1361	33
1362	27
1363	22
1364	39
1365	28
1366	25
1367	34
1368	34
1369	27
1370	28
1371	26
1372	38
1373	41
1374	27
1375	31
1376	35
1377	32
1378	38
1379	31
1380	37
1381	32
1382	24
1383	28
1384	26
1385	36
1386	26
1387	34
1388	25
1389	37
1390	20
1391	31
1392	44
1393	38
1394	30
1395	29
1396	37
1397	29
1398	31
1399	37
1400	27
1401	23
1402	27
1403	26
1404	21
1405	22
1406	29
1407	30
1408	24
1409	28
1410	32
1411	31
1412	26
1413	23
1414	23
1415	17
1416	32
1417	24
1418	34
1419	25
1420	31
1421	28
1422	22
1423	17
1424	21
1425	24
1426	28
1427	23
1428	33
1429	28
1430	25
1431	31
1432	22
1433	31
1434	19
1435	26
1436	27
1437	21
1438	22
1439	31
1440	25
1441	23
1442	26
1443	24
1444	18
1445	28
1446	31
1447	29
1448	31
1449	26
1450	19
1451	16
1452	26
1453	27
1454	23
1455	24
1456	23
1457	21
1458	26
1459	18
1460	20
1461	25
1462	23
1463	16
1464	25
1465	26
1466	30
1467	23
1468	23
1469	26
1470	22
1471	26
1472	12
1473	31
1474	25
1475	30
1476	31
1477	35
1478	23
1479	25
1480	21
1481	17
1482	20
1483	26
1484	25
1485	28
1486	24
1487	25
1488	26
1489	21
1490	24
1491	17
1492	29
1493	12
1494	22
1495	23
1496	22
1497	26
1498	21
1499	21
1500	26
1501	21
1502	18
1503	22
1504	19
1505	28
1506	18
1507	24
1508	24
1509	23
1510	25
1511	20
1512	22
1513	30
1514	24
1515	20
1516	20
1517	18
1518	22
1519	25
1520	21
1521	29
1522	30
1523	16
1524	26
1525	21
1526	18
1527	21
1528	19
1529	27
1530	23
1531	22
1532	24
1533	25
1534	22
1535	19
1536	25
1537	27
1538	23
1539	20
1540	26
1541	20
1542	31
1543	11
1544	23
1545	28
1546	15
1547	18
1548	18
1549	24
1550	16
1551	28
1552	21
1553	26
1554	24
1555	17
1556	14
1557	17
1558	25
1559	25
1560	22
1561	23
1562	22
1563	16
1564	24
1565	17
1566	21
1567	18
1568	19
1569	17
1570	20
1571	26
1572	14
1573	22
1574	22
1575	18
1576	16
1577	25
1578	22
1579	20
1580	17
1581	20
1582	19
1583	23
1584	21
1585	17
1586	19
1587	13
1588	22
1589	20
1590	23
1591	20
1592	14
1593	20
1594	17
1595	17
1596	23
1597	18
1598	8
1599	13
1600	17
1601	18
1602	23
1603	20
1604	14
1605	13
1606	18
1607	21
1608	17
1609	15
1610	28
1611	19
1612	19
1613	11
1614	22
1615	17
1616	25
1617	18
1618	19
1619	20
1620	30
1621	21
1622	25
1623	23
1624	19
1625	17
1626	19
1627	14
1628	22
1629	12
1630	17
1631	11
1632	24
1633	19
1634	17
1635	12
1636	11
1637	14
1638	22
1639	20
1640	16
1641	20
1642	22
1643	24
1644	26
1645	21
1646	26
1647	13
1648	24
1649	21
1650	21
1651	17
1652	15
1653	22
1654	14
1655	21
1656	17
1657	18
1658	17
1659	17
1660	10
1661	24
1662	17
1663	12
1664	16
1665	15
1666	30
1667	14
1668	20
1669	7
1670	19
1671	17
1672	12
1673	28
1674	14
1675	16
1676	13
1677	21
1678	27
1679	12
1680	16
1681	15
1682	30
1683	18
1684	17
1685	25
1686	13
1687	14
1688	17
1689	14
1690	20
1691	10
1692	20
1693	8
1694	15
1695	10
1696	19
1697	19
1698	19
1699	17
1700	16
1701	14
1702	17
1703	22
1704	11
1705	12
1706	16
1707	9
1708	14
1709	17
1710	26
1711	9
1712	12
1713	21
1714	18
1715	15
1716	16
1717	24
1718	14
1719	24
1720	10
1721	11
1722	14
1723	22
1724	22
1725	18
1726	28
1727	16
1728	19
1729	14
1730	26
1731	15
1732	11
1733	19
1734	17
1735	16
1736	15
1737	12
1738	12
1739	6
1740	11
1741	13
1742	19
1743	20
1744	10
1745	17
1746	16
1747	16
1748	18
1749	18
1750	16
1751	20
1752	21
1753	13
1754	13
1755	12
1756	11
1757	20
1758	16
1759	17
1760	16
1761	13
1762	13
1763	17
1764	10
1765	11
1766	16
1767	16
1768	13
1769	15
1770	14
1771	18
1772	18
1773	13
1774	6
1775	15
1776	14
1777	16
1778	20
1779	19
1780	16
1781	17
1782	10
1783	13
1784	12
1785	16
1786	16
1787	18
1788	10
1789	14
1790	16
1791	13
1792	12
1793	14
1794	14
1795	22
1796	16
1797	19
1798	17
1799	21
1800	18
1801	17
1802	22
1803	21
1804	16
1805	18
1806	5
1807	18
1808	10
1809	20
1810	19
1811	10
1812	13
1813	14
1814	26
1815	17
1816	12
1817	13
1818	18
1819	20
1820	5
1821	17
1822	13
1823	15
1824	14
1825	18
1826	18
1827	10
1828	13
1829	17
1830	17
1831	17
1832	20
1833	13
1834	15
1835	11
1836	10
1837	17
1838	16
1839	18
1840	16
1841	15
1842	18
1843	25
1844	13
1845	11
1846	20
1847	14
1848	20
1849	20
1850	17
1851	15
1852	15
1853	21
1854	15
1855	8
1856	12
1857	12
1858	18
1859	20
1860	9
1861	17
1862	21
1863	11
1864	9
1865	7
1866	17
1867	12
1868	13
1869	18
1870	17
1871	20
1872	16
1873	17
1874	15
1875	11
1876	15
1877	11
1878	11
1879	15
1880	19
1881	7
1882	13
1883	15
1884	19
1885	17
1886	16
1887	8
1888	15
1889	14
1890	12
1891	12
1892	10
1893	18
1894	20
1895	13
1896	21
1897	14
1898	21
1899	16
1900	11
1901	17
1902	12
1903	12
1904	13
1905	9
1906	10
1907	12
1908	13
1909	11
1910	9
1911	15
1912	18
1913	10
1914	13
1915	9
1916	11
1917	12
1918	13
1919	15
1920	13
1921	12
1922	14
1923	15
1924	14
1925	12
1926	16
1927	9
1928	11
1929	16
1930	14
1931	16
1932	13
1933	16
1934	12
1935	14
1936	14
1937	8
1938	17
1939	11
1940	17
1941	11
1942	13
1943	14
1944	13
1945	10
1946	9
1947	6
1948	15
1949	13
1950	14
1951	13
1952	12
1953	16
1954	13
1955	11
1956	7
1957	10
1958	10
1959	16
1960	14
1961	17
1962	12
1963	17
1964	9
1965	12
1966	11
1967	13
1968	6
1969	9
1970	15
1971	16
1972	2
1973	13
1974	9
1975	13
1976	13
1977	10
1978	10
1979	10
1980	10
1981	10
1982	8
1983	16
1984	17
1985	9
1986	10
1987	6
1988	8
1989	15
1990	8
1991	17
1992	9
1993	10
1994	11
1995	10
1996	11
1997	8
1998	11
1999	6
2000	5
2001	9
2002	18
2003	9
2004	9
2005	14
2006	11
2007	10
2008	10
2009	16
2010	14
2011	15
2012	12
2013	17
2014	16
2015	14
2016	14
2017	11
2018	15
2019	18
2020	14
2021	7
2022	15
2023	16
2024	19
2025	13
2026	12
2027	14
2028	12
2029	18
2030	8
2031	16
2032	12
2033	15
2034	13
2035	20
2036	15
2037	8
2038	12
2039	9
2040	13
2041	13
2042	12
2043	9
2044	15
2045	9
2046	14
2047	11
2048	12
2049	10
2050	10
2051	17
2052	8
2053	11
2054	18
2055	14
2056	10
2057	15
2058	11
2059	16
2060	10
2061	16
2062	12
2063	12
2064	7
2065	11
2066	7
2067	9
2068	16
2069	11
2070	15
2071	11
2072	12
2073	13
2074	10
2075	21
2076	12
2077	8
2078	12
2079	10
2080	10
2081	18
2082	16
2083	8
2084	12
2085	12
2086	13
2087	12
2088	18
2089	16
2090	12
2091	14
2092	9
2093	13
2094	16
2095	14
2096	10
2097	17
2098	14
2099	12
2100	15
2101	16
2102	13
2103	13
2104	12
2105	13
2106	11
2107	15
2108	12
2109	9
2110	14
2111	12
2112	14
2113	9
2114	12
2115	15
2116	16
2117	17
2118	5
2119	20
2120	12
2121	11
2122	10
2123	6
2124	21
2125	14
2126	9
2127	14
2128	17
2129	14
2130	7
2131	8
2132	10
2133	8
2134	15
2135	12
2136	12
2137	11
2138	5
2139	17
2140	14
2141	11
2142	19
2143	12
2144	20
2145	5
2146	12
2147	11
2148	10
2149	12
2150	7
2151	8
2152	18
2153	10
2154	12
2155	13
2156	12
2157	19
2158	12
2159	15
2160	12
2161	10
2162	7
2163	15
2164	10
2165	7
2166	9
2167	8
2168	13
2169	7
2170	6
2171	4
2172	12
2173	13
2174	10
2175	13
2176	12
2177	13
2178	11
2179	8
2180	6
2181	15
2182	5
2183	14
2184	11
2185	10
2186	9
2187	10
2188	14
2189	3
2190	9
2191	10
2192	9
2193	11
2194	8
2195	9
2196	13
2197	4
2198	15
2199	8
2200	10
2201	8
2202	16
2203	13
2204	14
2205	11
2206	9
2207	16
2208	7
2209	11
2210	16
2211	15
2212	11
2213	10
2214	8
2215	5
2216	4
2217	12
2218	12
2219	10
2220	11
2221	12
2222	11
2223	11
2224	11
2225	10
2226	10
2227	8
2228	7
2229	7
2230	10
2231	10
2232	8
2233	8
2234	11
2235	8
2236	5
2237	7
2238	9
2239	11
2240	7
2241	11
2242	11
2243	8
2244	8
2245	11
2246	7
2247	10
2248	7
2249	13
2250	11
2251	8
2252	11
2253	9
2254	7
2255	11
2256	6
2257	13
2258	11
2259	11
2260	9
2261	7
2262	12
2263	13
2264	6
2265	9
2266	12
2267	12
2268	12
2269	9
2270	7
2271	12
2272	19
2273	11
2274	7
2275	8
2276	5
2277	11
2278	12
2279	14
2280	7
2281	5
2282	18
2283	5
2284	11
2285	13
2286	18
2287	8
2288	10
2289	14
2290	6
2291	12
2292	17
2293	11
2294	17
2295	7
2296	16
2297	8
2298	9
2299	16
2300	14
2301	8
2302	10
2303	14
2304	9
2305	9
2306	12
2307	10
2308	12
2309	11
2310	10
2311	6
2312	7
2313	8
2314	5
2315	9
2316	14
2317	9
2318	7
2319	10
2320	7
2321	15
2322	15
2323	14
2324	9
2325	9
2326	12
2327	8
2328	14
2329	15
2330	9
2331	18
2332	8
2333	12
2334	9
2335	10
2336	13
2337	8
2338	7
2339	13
2340	14
2341	11
2342	10
2343	14
2344	8
2345	14
2346	15
2347	16
2348	12
2349	11
2350	15
2351	16
2352	12
2353	9
2354	18
2355	12
2356	13
2357	12
2358	11
2359	11
2360	7
2361	10
2362	10
2363	15
2364	14
2365	12
2366	7
2367	13
2368	12
2369	13
2370	9
2371	11
2372	8
2373	15
2374	16
2375	10
2376	17
2377	11
2378	13
2379	15
2380	13
2381	15
2382	18
2383	16
2384	13
2385	17
2386	19
2387	11
2388	10
2389	12
2390	13
2391	12
2392	17
2393	16
2394	11
2395	12
2396	10
2397	9
2398	15
2399	10
2400	12
2401	14
2402	8
2403	19
2404	12
2405	11
2406	16
2407	9
2408	11
2409	8
2410	12
2411	12
2412	13
2413	13
2414	10
2415	9
2416	13
2417	9
2418	6
2419	9
2420	6
2421	11
2422	15
2423	7
2424	14
2425	12
2426	11
2427	11
2428	10
2429	7
2430	10
2431	8
2432	12
2433	16
2434	14
2435	8
2436	20
2437	15
2438	11
2439	16
2440	13
2441	12
2442	22
2443	18
2444	11
2445	10
2446	13
2447	15
2448	14
2449	13
2450	13
2451	19
2452	18
2453	11
2454	13
2455	14
2456	13
2457	17
2458	14
2459	21
2460	15
2461	16
2462	12
2463	15
2464	11
2465	10
2466	11
2467	14
2468	17
2469	13
2470	16
2471	14
2472	11
2473	17
2474	10
2475	15
2476	8
2477	16
2478	19
2479	15
2480	9
2481	20
2482	10
2483	15
2484	17
2485	13
2486	17
2487	7
2488	11
2489	18
2490	16
2491	12
2492	9
2493	14
2494	15
2495	10
2496	12
2497	6
2498	13
2499	15
2500	7
2501	20
2502	16
2503	4
2504	15
2505	15
2506	9
2507	13
2508	16
2509	15
2510	9
2511	21
2512	10
2513	13
2514	11
2515	16
2516	10
2517	7
2518	14
2519	15
2520	9
2521	25
2522	24
2523	19
2524	19
2525	19
2526	16
2527	14
2528	11
2529	9
2530	10
2531	14
2532	10
2533	13
2534	12
2535	15
2536	14
2537	18
2538	9
2539	19
2540	12
2541	19
2542	13
2543	11
2544	17
2545	17
2546	13
2547	13
2548	18
2549	15
2550	18
2551	18
2552	15
2553	25
2554	13
2555	13
2556	19
2557	24
2558	13
2559	19
2560	13
2561	14
2562	9
2563	16
2564	10
2565	12
2566	19
2567	14
2568	13
2569	14
2570	17
2571	17
2572	10
2573	17
2574	15
2575	22
2576	23
2577	17
2578	27
2579	14
2580	17
2581	18
2582	18
2583	15
2584	12
2585	16
2586	12
2587	21
2588	20
2589	12
2590	15
2591	13
2592	14
2593	16
2594	12
2595	14
2596	12
2597	13
2598	15
2599	11
2600	14
2601	15
2602	17
2603	15
2604	14
2605	15
2606	14
2607	11
2608	19
2609	11
2610	10
2611	14
2612	10
2613	13
2614	9
2615	17
2616	14
2617	10
2618	12
2619	10
2620	11
2621	15
2622	11
2623	13
2624	14
2625	12
2626	8
2627	12
2628	13
2629	11
2630	13
2631	13
2632	15
2633	11
2634	11
2635	10
2636	12
2637	10
2638	9
2639	18
2640	10
2641	15
2642	13
2643	11
2644	15
2645	11
2646	18
2647	10
2648	11
2649	17
2650	12
2651	10
2652	12
2653	15
2654	12
2655	8
2656	14
2657	12
2658	11
2659	12
2660	11
2661	17
2662	9
2663	12
2664	12
2665	14
2666	17
2667	13
2668	12
2669	9
2670	7
2671	12
2672	8
2673	14
2674	13
2675	11
2676	14
2677	13
2678	15
2679	10
2680	9
2681	15
2682	23
2683	9
2684	12
2685	9
2686	16
2687	12
2688	13
2689	18
2690	12
2691	10
2692	14
2693	13
2694	10
2695	11
2696	11
2697	16
2698	13
2699	5
2700	17
2701	10
2702	7
2703	13
2704	11
2705	7
2706	13
2707	10
2708	9
2709	11
2710	7
2711	10
2712	12
2713	7
2714	8
2715	7
2716	9
2717	10
2718	9
2719	12
2720	10
2721	3
2722	6
2723	5
2724	8
2725	9
2726	6
2727	9
2728	11
2729	12
2730	4
2731	7
2732	10
2733	11
2734	10
2735	7
2736	8
2737	5
2738	8
2739	8
2740	12
2741	6
2742	14
2743	12
2744	14
2745	11
2746	13
2747	12
2748	14
2749	8
2750	9
2751	12
2752	11
2753	9
2754	12
2755	9
2756	10
2757	9
2758	12
2759	10
2760	10
2761	11
2762	9
2763	17
2764	7
2765	14
2766	3
2767	13
2768	11
2769	15
2770	8
2771	13
2772	10
2773	12
2774	11
2775	10
2776	10
2777	7
2778	13
2779	11
2780	9
2781	8
2782	11
2783	12
2784	8
2785	10
2786	11
2787	7
2788	14
2789	7
2790	7
2791	12
2792	9
2793	8
2794	3
2795	12
2796	13
2797	13
2798	13
2799	10
2800	14
2801	9
2802	13
2803	13
2804	12
2805	8
2806	10
2807	7
2808	11
2809	7
2810	12
2811	7
2812	12
2813	12
2814	11
2815	12
2816	5
2817	6
2818	15
2819	7
2820	11
2821	7
2822	10
2823	11
2824	12
2825	16
2826	8
2827	9
2828	15
2829	10
2830	19
2831	12
2832	11
2833	8
2834	13
2835	8
2836	10
2837	17
2838	14
2839	11
2840	14
2841	19
2842	13
2843	13
2844	15
2845	12
2846	12
2847	11
2848	11
2849	8
2850	15
2851	10
2852	16
2853	15
2854	6
2855	17
2856	17
2857	19
2858	15
2859	13
2860	16
2861	9
2862	18
2863	13
2864	9
2865	13
2866	10
2867	9
2868	10
2869	12
2870	12
2871	7
2872	18
2873	11
2874	15
2875	13
2876	16
2877	14
2878	14
2879	12
2880	21
2881	15
2882	17
2883	16
2884	11
2885	14
2886	17
2887	10
2888	17
2889	11
2890	14
2891	16
2892	14
2893	13
2894	12
2895	16
2896	14
2897	15
2898	12
2899	14
2900	5
2901	13
2902	13
2903	17
2904	15
2905	15
2906	17
2907	17
2908	12
2909	18
2910	14
2911	13
2912	8
2913	13
2914	15
2915	12
2916	11
2917	7
2918	19
2919	14
2920	14
2921	13
2922	12
2923	8
2924	21
2925	22
2926	20
2927	16
2928	14
2929	13
2930	16
2931	13
2932	18
2933	20
2934	15
2935	17
2936	9
2937	15
2938	15
2939	16
2940	16
2941	14
2942	11
2943	12
2944	21
2945	19
2946	18
2947	14
2948	15
2949	20
2950	15
2951	17
2952	14
2953	13
2954	20
2955	12
2956	14
2957	15
2958	14
2959	14
2960	15
2961	12
2962	11
2963	16
2964	20
2965	14
2966	17
2967	20
2968	13
2969	18
2970	24
2971	14
2972	12
2973	15
2974	14
2975	25
2976	19
2977	12
2978	19
2979	12
2980	8
2981	12
2982	20
2983	13
2984	15
2985	18
2986	15
2987	9
2988	16
2989	19
2990	15
2991	16
2992	8
2993	10
2994	13
2995	16
2996	19
2997	17
2998	14
2999	11
3000	16
3001	12
3002	14
3003	21
3004	6
3005	19
3006	9
3007	11
3008	21
3009	22
3010	13
3011	16
3012	11
3013	15
3014	9
3015	17
3016	13
3017	12
3018	18
3019	16
3020	13
3021	14
3022	15
3023	17
3024	15
3025	12
3026	18
3027	14
3028	11
3029	15
3030	11
3031	17
3032	13
3033	14
3034	16
3035	20
3036	16
3037	10
3038	11
3039	9
3040	18
3041	13
3042	14
3043	15
3044	14
3045	12
3046	9
3047	13
3048	17
3049	13
3050	7
3051	10
3052	13
3053	12
3054	12
3055	16
3056	15
3057	6
3058	9
3059	8
3060	11
3061	13
3062	11
3063	12
3064	9
3065	12
3066	5
3067	11
3068	16
3069	13
3070	14
3071	14
3072	9
3073	4
3074	7
3075	7
3076	19
3077	13
3078	8
3079	11
3080	17
3081	4
3082	9
3083	12
3084	11
3085	10
3086	14
3087	10
3088	11
3089	12
3090	11
3091	12
3092	11
3093	12
3094	13
3095	17
3096	11
3097	10
3098	12
3099	12
3100	9
3101	13
3102	14
3103	12
3104	16
3105	9
3106	11
3107	16
3108	12
3109	12
3110	7
3111	11
3112	11
3113	12
3114	9
3115	13
3116	9
3117	11
3118	11
3119	13
3120	7
3121	9
3122	6
3123	10
3124	11
3125	13
3126	12
3127	14
3128	13
3129	6
3130	9
3131	10
3132	5
3133	7
3134	10
3135	6
3136	14
3137	9
3138	10
3139	5
3140	13
3141	15
3142	13
3143	8
3144	12
3145	11
3146	17
3147	7
3148	10
3149	13
3150	12
3151	13
3152	10
3153	12
3154	5
3155	13
3156	5
3157	13
3158	11
3159	12
3160	16
3161	16
3162	14
3163	12
3164	8
3165	12
3166	12
3167	14
3168	16
3169	9
3170	12
3171	9
3172	11
3173	11
3174	8
3175	13
3176	6
3177	12
3178	15
3179	14
3180	8
3181	10
3182	6
3183	9
3184	10
3185	13
3186	9
3187	12
3188	14
3189	13
3190	8
3191	13
3192	8
3193	16
3194	11
3195	11
3196	12
3197	12
3198	18
3199	16
3200	9
3201	13
3202	15
3203	10
3204	18
3205	13
3206	11
3207	14
3208	12
3209	15
3210	12
3211	20
3212	10
3213	8
3214	15
3215	16
3216	14
3217	17
3218	16
3219	15
3220	16
3221	10
3222	9
3223	15
3224	11
3225	9
3226	11
3227	12
3228	11
3229	11
3230	8
3231	8
3232	8
3233	12
3234	9
3235	7
3236	14
3237	15
3238	7
3239	13
3240	14
3241	10
3242	7
3243	4
3244	15
3245	5
3246	8
3247	10
3248	12
3249	4
3250	7
3251	10
3252	7
3253	9
3254	7
3255	2
3256	13
3257	8
3258	9
3259	15
3260	8
3261	7
3262	13
3263	9
3264	12
3265	12
3266	14
3267	12
3268	5
3269	13
3270	5
3271	7
3272	10
3273	11
3274	8
3275	12
3276	16
3277	10
3278	11
3279	10
3280	12
3281	11
3282	7
3283	13
3284	8
3285	7
3286	4
3287	12
3288	9
3289	4
3290	6
3291	5
3292	9
3293	8
3294	15
3295	4
3296	8
3297	8
3298	7
3299	7
3300	4
3301	14
3302	12
3303	4
3304	9
3305	8
3306	10
3307	16
3308	12
3309	16
3310	11
3311	17
3312	12
3313	20
3314	10
3315	8
3316	15
3317	11
3318	7
3319	16
3320	14
3321	12
3322	13
3323	11
3324	14
3325	7
3326	11
3327	7
3328	19
3329	12
3330	10
3331	22
3332	13
3333	15
3334	22
3335	13
3336	12
3337	13
3338	13
3339	12
3340	12
3341	12
3342	20
3343	8
3344	9
3345	15
3346	11
3347	12
3348	13
3349	10
3350	13
3351	12
3352	9
3353	18
3354	13
3355	13
3356	11
3357	12
3358	6
3359	7
3360	13
3361	13
3362	12
3363	13
3364	11
3365	15
3366	15
3367	10
3368	4
3369	12
3370	13
3371	10
3372	9
3373	9
3374	9
3375	11
3376	13
3377	12
3378	17
3379	13
3380	17
3381	10
3382	9
3383	13
3384	13
3385	14
3386	18
3387	12
3388	17
3389	14
3390	16
3391	14
3392	12
3393	11
3394	12
3395	14
3396	9
3397	11
3398	11
3399	17
3400	15
3401	10
3402	14
3403	9
3404	12
3405	10
3406	9
3407	14
3408	11
3409	15
3410	8
3411	12
3412	17
3413	13
3414	13
3415	14
3416	15
3417	16
3418	21
3419	14
3420	14
3421	9
3422	14
3423	12
3424	12
3425	5
3426	15
3427	12
3428	13
3429	17
3430	10
3431	13
3432	11
3433	6
3434	14
3435	9
3436	14
3437	16
3438	8
3439	14
3440	11
3441	15
3442	15
3443	10
3444	15
3445	17
3446	12
3447	11
3448	16
3449	17
3450	15
3451	16
3452	13
3453	15
3454	17
3455	6
3456	13
3457	8
3458	18
3459	14
3460	17
3461	17
3462	12
3463	9
3464	13
3465	6
3466	15
3467	11
3468	6
3469	13
3470	12
3471	14
3472	7
3473	9
3474	12
3475	12
3476	11
3477	10
3478	20
3479	10
3480	12
3481	11
3482	6
3483	13
3484	13
3485	13
3486	7
3487	14
3488	10
3489	10
3490	9
3491	6
3492	9
3493	9
3494	10
3495	12
3496	9
3497	12
3498	10
3499	17
3500	15
3501	12
3502	11
3503	16
3504	10
3505	16
3506	17
3507	15
3508	8
3509	13
3510	9
3511	8
3512	10
3513	9
3514	9
3515	15
3516	6
3517	13
3518	9
3519	9
3520	16
3521	9
3522	7
3523	21
3524	15
3525	11
3526	7
3527	13
3528	14
3529	15
3530	13
3531	12
3532	7
3533	13
3534	16
3535	8
3536	15
3537	10
3538	10
3539	13
3540	13
3541	11
3542	9
3543	12
3544	15
3545	11
3546	11
3547	10
3548	12
3549	9
3550	15
3551	15
3552	13
3553	15
3554	13
3555	8
3556	14
3557	15
3558	15
3559	11
3560	14
3561	12
3562	4
3563	15
3564	10
3565	15
3566	8
3567	9
3568	11
3569	9
3570	10
3571	12
3572	13
3573	13
3574	14
3575	4
3576	6
3577	15
3578	6
3579	8
3580	15
3581	9
3582	17
3583	9
3584	13
3585	14
3586	13
3587	9
3588	10
3589	13
3590	11
3591	11
3592	13
3593	13
3594	12
3595	18
3596	9
3597	20
3598	12
3599	11
3600	11
3601	8
3602	13
3603	9
3604	10
3605	9
3606	20
3607	16
3608	10
3609	13
3610	15
3611	11
3612	11
3613	13
3614	20
3615	15
3616	16
3617	15
3618	17
3619	19
3620	13
3621	18
3622	18
3623	9
3624	12
3625	13
3626	8
3627	26
3628	9
3629	22
3630	14
3631	9
3632	10
3633	14
3634	15
3635	19
3636	12
3637	15
3638	12
3639	10
3640	12
3641	15
3642	13
3643	9
3644	17
3645	14
3646	15
3647	16
3648	13
3649	18
3650	22
3651	14
3652	12
3653	17
3654	16
3655	18
3656	12
3657	13
3658	12
3659	15
3660	13
3661	16
3662	13
3663	12
3664	12
3665	17
3666	12
3667	24
3668	14
3669	15
3670	21
3671	14
3672	9
3673	16
3674	10
3675	16
3676	14
3677	16
3678	18
3679	22
3680	19
3681	21
3682	11
3683	13
3684	18
3685	23
3686	17
3687	16
3688	19
3689	25
3690	15
3691	13
3692	11
3693	10
3694	17
3695	14
3696	12
3697	18
3698	15
3699	19
3700	7
3701	16
3702	12
3703	14
3704	17
3705	13
3706	14
3707	23
3708	17
3709	22
3710	7
3711	14
3712	16
3713	12
3714	11
3715	20
3716	8
3717	16
3718	12
3719	12
3720	9
3721	16
3722	15
3723	18
3724	14
3725	16
3726	24
3727	14
3728	24
3729	13
3730	17
3731	15
3732	14
3733	29
3734	17
3735	18
3736	13
3737	13
3738	16
3739	14
3740	16
3741	14
3742	22
3743	18
3744	18
3745	20
3746	19
3747	17
3748	26
3749	19
3750	23
3751	22
3752	14
3753	13
3754	12
3755	25
3756	22
3757	25
3758	16
3759	16
3760	10
3761	12
3762	10
3763	11
3764	17
3765	9
3766	19
3767	13
3768	10
3769	9
3770	14
3771	21
3772	20
3773	7
3774	13
3775	13
3776	13
3777	10
3778	21
3779	10
3780	17
3781	10
3782	19
3783	8
3784	20
3785	17
3786	16
3787	17
3788	21
3789	16
3790	14
3791	15
3792	16
3793	26
3794	17
3795	10
3796	17
3797	15
3798	18
3799	17
3800	15
3801	19
3802	12
3803	9
3804	19
3805	19
3806	19
3807	22
3808	15
3809	21
3810	24
3811	20
3812	25
3813	20
3814	12
3815	23
3816	10
3817	19
3818	18
3819	12
3820	19
3821	14
3822	14
3823	21
3824	18
3825	8
3826	16
3827	11
3828	9
3829	14
3830	11
3831	18
3832	16
3833	11
3834	12
3835	16
3836	10
3837	11
3838	13
3839	17
3840	16
3841	14
3842	14
3843	13
3844	21
3845	16
3846	16
3847	9
3848	16
3849	16
3850	9
3851	18
3852	13
3853	8
3854	11
3855	13
3856	12
3857	11
3858	9
3859	8
3860	9
3861	8
3862	14
3863	17
3864	10
3865	13
3866	6
3867	11
3868	16
3869	5
3870	13
3871	5
3872	11
3873	11
3874	14
3875	10
3876	8
3877	19
3878	9
3879	10
3880	14
3881	14
3882	11
3883	9
3884	18
3885	10
3886	7
3887	8
3888	11
3889	11
3890	8
3891	10
3892	9
3893	13
3894	8
3895	13
3896	12
3897	5
3898	11
3899	13
3900	11
3901	18
3902	15
3903	14
3904	12
3905	9
3906	15
3907	8
3908	15
3909	10
3910	14
3911	7
3912	9
3913	8
3914	12
3915	6
3916	14
3917	12
3918	9
3919	13
3920	9
3921	13
3922	16
3923	10
3924	10
3925	15
3926	17
3927	10
3928	16
3929	10
3930	4
3931	16
3932	10
3933	8
3934	15
3935	13
3936	8
3937	11
3938	21
3939	16
3940	7
3941	12
3942	9
3943	16
3944	9
3945	10
3946	13
3947	5
3948	11
3949	12
3950	13
3951	9
3952	12
3953	13
3954	15
3955	10
3956	12
3957	11
3958	15
3959	11
3960	13
3961	14
3962	6
3963	15
3964	17
3965	14
3966	20
3967	12
3968	11
3969	10
3970	8
3971	10
3972	10
3973	9
3974	17
3975	13
3976	9
3977	10
3978	9
3979	13
3980	6
3981	13
3982	11
3983	10
3984	9
3985	19
3986	13
3987	12
3988	9
3989	9
3990	16
3991	15
3992	15
3993	19
3994	10
3995	11
3996	21
3997	17
3998	10
3999	14
4000	11
4001	11
4002	12
4003	16
4004	13
4005	17
4006	11
4007	15
4008	10
4009	15
4010	7
4011	11
4012	14
4013	16
4014	11
4015	15
4016	8
4017	11
4018	11
4019	14
4020	14
4021	4
4022	18
4023	18
4024	7
4025	9
4026	12
4027	16
4028	6
4029	10
4030	9
4031	7
4032	14
4033	10
4034	10
4035	12
4036	13
4037	12
4038	11
4039	7
4040	10
4041	13
4042	8
4043	15
4044	10
4045	12
4046	9
4047	19
4048	10
4049	10
4050	9
4051	11
4052	11
4053	15
4054	6
4055	13
4056	11
4057	13
4058	14
4059	13
4060	13
4061	17
4062	14
4063	19
4064	13
4065	15
4066	7
4067	10
4068	9
4069	9
4070	11
4071	17
4072	8
4073	13
4074	10
4075	12
4076	13
4077	13
4078	16
4079	11
4080	23
4081	17
4082	14
4083	14
4084	14
4085	18
4086	17
4087	21
4088	20
4089	16
4090	14
4091	16
4092	16
4093	16
4094	19
4095	19
4096	14
4097	15
4098	12
4099	11
4100	28
4101	13
4102	16
4103	11
4104	15
4105	12
4106	19
4107	16
4108	17
4109	15
4110	12
4111	19
4112	18
4113	17
4114	15
4115	12
4116	16
4117	22
4118	10
4119	15
4120	15
4121	18
4122	17
4123	11
4124	18
4125	20
4126	13
4127	17
4128	11
4129	14
4130	12
4131	14
4132	12
4133	13
4134	11
4135	11
4136	5
4137	13
4138	16
4139	8
4140	15
4141	9
4142	9
4143	12
4144	19
4145	13
4146	17
4147	10
4148	12
4149	21
4150	16
4151	10
4152	11
4153	10
4154	11
4155	13
4156	19
4157	13
4158	13
4159	14
4160	10
4161	10
4162	16
4163	15
4164	8
4165	7
4166	12
4167	9
4168	16
4169	18
4170	9
4171	13
4172	9
4173	14
4174	12
4175	12
4176	16
4177	19
4178	13
4179	12
4180	14
4181	14
4182	13
4183	14
4184	13
4185	10
4186	16
4187	12
4188	15
4189	11
4190	11
4191	17
4192	18
4193	12
4194	9
4195	23
4196	17
4197	10
4198	12
4199	10
4200	6
4201	11
4202	12
4203	15
4204	16
4205	10
4206	11
4207	15
4208	8
4209	14
4210	13
4211	18
4212	13
4213	12
4214	11
4215	14
4216	9
4217	6
4218	10
4219	15
4220	6
4221	11
4222	20
4223	7
4224	10
4225	9
4226	8
4227	10
4228	8
4229	7
4230	10
4231	12
4232	11
4233	23
4234	10
4235	9
4236	14
4237	9
4238	9
4239	12
4240	12
4241	13
4242	9
4243	14
4244	11
4245	11
4246	10
4247	9
4248	14
4249	7
4250	14
4251	7
4252	11
4253	8
4254	12
4255	10
4256	10
4257	7
4258	11
4259	11
4260	9
4261	20
4262	16
4263	18
4264	11
4265	6
4266	10
4267	10
4268	10
4269	14
4270	10
4271	11
4272	18
4273	12
4274	9
4275	16
4276	16
4277	14
4278	12
4279	17
4280	18
4281	13
4282	16
4283	12
4284	12
4285	14
4286	13
4287	12
4288	12
4289	10
4290	16
4291	14
4292	17
4293	17
4294	19
4295	13
4296	16
4297	18
4298	12
4299	14
4300	20
4301	13
4302	14
4303	21
4304	15
4305	17
4306	20
4307	20
4308	13
4309	19
4310	16
4311	13
4312	11
4313	13
4314	11
4315	12
4316	13
4317	25
4318	13
4319	12
4320	13
4321	12
4322	16
4323	18
4324	5
4325	17
4326	17
4327	17
4328	10
4329	16
4330	24
4331	13
4332	8
4333	12
4334	15
4335	9
4336	17
4337	13
4338	5
4339	19
4340	15
4341	14
4342	11
4343	13
4344	17
4345	10
4346	17
4347	11
4348	12
4349	15
4350	11
4351	15
4352	26
4353	8
4354	18
4355	6
4356	17
4357	15
4358	10
4359	17
4360	17
4361	12
4362	13
4363	19
4364	15
4365	12
4366	18
4367	9
4368	20
4369	16
4370	10
4371	16
4372	14
4373	11
4374	14
4375	13
4376	12
4377	12
4378	14
4379	15
4380	14
4381	13
4382	11
4383	12
4384	9
4385	18
4386	14
4387	24
4388	21
4389	11
4390	15
4391	22
4392	20
4393	18
4394	21
4395	23
4396	18
4397	17
4398	12
4399	20
4400	10
4401	13
4402	19
4403	21
4404	13
4405	17
4406	19
4407	16
4408	21
4409	14
4410	15
4411	21
4412	19
4413	9
4414	16
4415	21
4416	11
4417	12
4418	12
4419	13
4420	19
4421	17
4422	9
4423	12
4424	8
4425	9
4426	19
4427	8
4428	18
4429	13
4430	19
4431	15
4432	11
4433	13
4434	24
4435	14
4436	13
4437	19
4438	13
4439	13
4440	12
4441	16
4442	18
4443	14
4444	17
4445	19
4446	19
4447	9
4448	8
4449	22
4450	8
4451	19
4452	18
4453	12
4454	13
4455	14
4456	22
4457	19
4458	24
4459	18
4460	16
4461	13
4462	14
4463	14
4464	10
4465	9
4466	14
4467	15
4468	18
4469	14
4470	16
4471	17
4472	9
4473	15
4474	12
4475	13
4476	15
4477	12
4478	9
4479	15
4480	11
4481	7
4482	14
4483	14
4484	14
4485	9
4486	9
4487	8
4488	16
4489	20
4490	12
4491	14
4492	8
4493	6
4494	12
4495	14
4496	11
4497	12
4498	13
4499	16
4500	14
4501	11
4502	9
4503	14
4504	9
4505	14
4506	17
4507	11
4508	13
4509	15
4510	22
4511	15
4512	21
4513	13
4514	15
4515	18
4516	16
4517	18
4518	13
4519	19
4520	11
4521	21
4522	13
4523	12
4524	15
4525	15
4526	19
4527	20
4528	18
4529	17
4530	14
4531	15
4532	19
4533	18
4534	11
4535	9
4536	6
4537	12
4538	17
4539	14
4540	9
4541	9
4542	17
4543	15
4544	8
4545	13
4546	13
4547	11
4548	10
4549	13
4550	8
4551	13
4552	11
4553	13
4554	14
4555	22
4556	15
4557	16
4558	14
4559	6
4560	12
4561	20
4562	18
4563	11
4564	15
4565	18
4566	12
4567	14
4568	11
4569	16
4570	7
4571	10
4572	14
4573	19
4574	11
4575	15
4576	16
4577	21
4578	7
4579	19
4580	9
4581	9
4582	17
4583	11
4584	13
4585	9
4586	17
4587	16
4588	15
4589	13
4590	7
4591	11
4592	11
4593	12
4594	19
4595	14
4596	10
4597	21
4598	13
4599	16
4600	13
4601	14
4602	14
4603	20
4604	15
4605	14
4606	16
4607	17
4608	14
4609	15
4610	17
4611	10
4612	11
4613	15
4614	18
4615	13
4616	16
4617	13
4618	14
4619	8
4620	11
4621	8
4622	12
4623	17
4624	20
4625	14
4626	12
4627	21
4628	21
4629	23
4630	14
4631	13
4632	14
4633	15
4634	14
4635	8
4636	14
4637	11
4638	10
4639	17
4640	11
4641	13
4642	8
4643	7
4644	15
4645	15
4646	13
4647	14
4648	16
4649	17
4650	12
4651	19
4652	7
4653	10
4654	17
4655	17
4656	11
4657	16
4658	6
4659	9
4660	9
4661	14
4662	12
4663	11
4664	17
4665	12
4666	15
4667	11
4668	12
4669	16
4670	17
4671	15
4672	14
4673	9
4674	6
4675	12
4676	15
4677	5
4678	11
4679	10
4680	11
4681	15
4682	9
4683	10
4684	8
4685	14
4686	13
4687	12
4688	15
4689	6
4690	8
4691	15
4692	5
4693	13
4694	10
4695	9
4696	11
4697	4
4698	8
4699	8
4700	7
4701	12
4702	13
4703	12
4704	6
4705	12
4706	13
4707	4
4708	4
4709	5
4710	14
4711	14
4712	8
4713	10
4714	11
4715	13
4716	12
4717	12
4718	14
4719	9
4720	19
4721	13
4722	11
4723	6
4724	9
4725	19
4726	13
4727	13
4728	14
4729	17
4730	16
4731	7
4732	18
4733	14
4734	10
4735	15
4736	14
4737	23
4738	23
4739	9
4740	12
4741	21
4742	15
4743	8
4744	13
4745	12
4746	14
4747	5
4748	11
4749	11
4750	21
4751	17
4752	15
4753	9
4754	13
4755	19
4756	10
4757	19
4758	16
4759	9
4760	15
4761	10
4762	10
4763	10
4764	14
4765	18
4766	9
4767	10
4768	14
4769	9
4770	12
4771	15
4772	20
4773	12
4774	8
4775	16
4776	11
4777	7
4778	8
4779	14
4780	10
4781	13
4782	16
4783	18
4784	6
4785	10
4786	11
4787	10
4788	11
4789	7
4790	14
4791	10
4792	15
4793	11
4794	9
4795	7
4796	12
4797	15
4798	13
4799	13
4800	10
4801	13
4802	7
4803	7
4804	18
4805	10
4806	15
4807	8
4808	7
4809	19
4810	14
4811	12
4812	14
4813	22
4814	9
4815	14
4816	10
4817	10
4818	16
4819	18
4820	13
4821	10
4822	14
4823	17
4824	11
4825	13
4826	19
4827	14
4828	10
4829	10
4830	15
4831	16
4832	7
4833	4
4834	10
4835	13
4836	14
4837	9
4838	9
4839	12
4840	15
4841	7
4842	12
4843	17
4844	13
4845	6
4846	9
4847	14
4848	15
4849	14
4850	8
4851	16
4852	12
4853	16
4854	12
4855	18
4856	13
4857	11
4858	15
4859	10
4860	19
4861	15
4862	9
4863	17
4864	10
4865	17
4866	6
4867	14
4868	10
4869	9
4870	14
4871	12
4872	12
4873	6
4874	11
4875	10
4876	16
4877	8
4878	13
4879	14
4880	6
4881	16
4882	16
4883	15
4884	13
4885	11
4886	14
4887	10
4888	10
4889	10
4890	11
4891	12
4892	13
4893	6
4894	9
4895	11
4896	12
4897	7
4898	9
4899	8
4900	16
4901	12
4902	10
4903	9
4904	12
4905	8
4906	12
4907	15
4908	8
4909	12
4910	7
4911	8
4912	15
4913	18
4914	14
4915	12
4916	11
4917	10
4918	12
4919	12
4920	24
4921	12
4922	12
4923	15
4924	9
4925	11
4926	5
4927	17
4928	14
4929	15
4930	14
4931	14
4932	17
4933	8
4934	13
4935	10
4936	9
4937	9
4938	12
4939	12
4940	12
4941	5
4942	10
4943	15
4944	14
4945	9
4946	9
4947	14
4948	12
4949	15
4950	13
4951	16
4952	14
4953	13
4954	12
4955	14
4956	12
4957	14
4958	11
4959	12
4960	8
4961	21
4962	8
4963	6
4964	15
4965	9
4966	14
4967	13
4968	11
4969	16
4970	10
4971	12
4972	4
4973	9
4974	7
4975	5
4976	14
4977	9
4978	16
4979	8
4980	10
4981	17
4982	11
4983	21
4984	10
4985	12
4986	7
4987	12
4988	9
4989	12
4990	10
4991	11
4992	12
4993	17
4994	16
4995	11
4996	11
4997	9
4998	12
4999	17
5000	15
5001	3
5002	12
5003	8
5004	12
5005	8
5006	8
5007	15
5008	8
5009	10
5010	10
5011	12
5012	14
5013	13
5014	8
5015	14
5016	9
5017	13
5018	12
5019	9
5020	19
5021	9
5022	12
5023	11
5024	10
5025	15
5026	9
5027	15
5028	20
5029	10
5030	12
5031	15
5032	10
5033	8
5034	11
5035	9
5036	14
5037	9
5038	11
5039	10
5040	12
5041	10
5042	13
5043	5
5044	7
5045	18
5046	9
5047	5
5048	12
5049	11
5050	11
5051	12
5052	5
5053	13
5054	15
5055	13
5056	14
5057	8
5058	10
5059	19
5060	10
5061	11
5062	8
5063	6
5064	15
5065	11
5066	5
5067	13
5068	9
5069	17
5070	6
5071	7
5072	10
5073	10
5074	13
5075	12
5076	14
5077	12
5078	13
5079	9
5080	9
5081	11
5082	10
5083	8
5084	10
5085	13
5086	10
5087	11
5088	11
5089	10
5090	10
5091	10
5092	8
5093	7
5094	13
5095	9
5096	13
5097	5
5098	6
5099	13
5100	6
5101	11
5102	9
5103	7
5104	9
5105	10
5106	8
5107	11
5108	13
5109	4
5110	7
5111	14
5112	6
5113	3
5114	8
5115	7
5116	11
5117	7
5118	7
5119	14
5120	12
5121	13
5122	10
5123	11
5124	11
5125	11
5126	20
5127	7
5128	8
5129	9
5130	6
5131	7
5132	3
5133	7
5134	7
5135	4
5136	10
5137	7
5138	11
5139	7
5140	7
5141	11
5142	6
5143	13
5144	5
5145	7
5146	6
5147	6
5148	10
5149	8
5150	12
5151	5
5152	11
5153	10
5154	6
5155	6
5156	5
5157	8
5158	5
5159	10
5160	11
5161	6
5162	7
5163	8
5164	7
5165	6
5166	7
5167	5
5168	9
5169	9
5170	5
5171	7
5172	7
5173	7
5174	4
5175	6
5176	8
5177	7
5178	4
5179	9
5180	7
5181	11
5182	8
5183	5
5184	3
5185	9
5186	7
5187	9
5188	6
5189	7
5190	11
5191	5
5192	8
5193	6
5194	9
5195	9
5196	4
5197	7
5198	5
5199	5
5200	8
5201	2
5202	7
5203	4
5204	6
5205	9
5206	12
5207	9
5208	7
5209	3
5210	7
5211	5
5212	4
5213	4
5214	6
5215	6
5216	4
5217	9
5218	4
5219	4
5220	7
5221	7
5222	6
5223	6
5224	3
5225	9
5226	6
5227	8
5228	6
5229	1
5230	5
5231	3
5232	8
5233	5
5234	7
5235	4
5236	7
5237	9
5238	3
5239	9
5240	9
5241	6
5242	12
5243	7
5244	4
5245	5
5246	2
5247	4
5248	8
5249	3
5250	2
5251	5
5252	5
5253	2
5254	4
5255	8
5256	8
5257	4
5258	2
5259	6
5260	10
5261	10
5262	5
5263	4
5264	7
5265	3
5266	3
5267	0
5268	4
5269	5
5270	7
5271	4
5272	3
5273	6
5274	6
5275	2
5276	3
5277	4
5278	5
5279	4
5280	6
5281	7
5282	5
5283	5
5284	9
5285	7
5286	2
5287	5
5288	3
5289	6
5290	4
5291	5
5292	4
5293	6
5294	1
5295	6
5296	1
5297	5
5298	3
5299	6
5300	4
5301	6
5302	5
5303	1
5304	3
5305	4
5306	10
5307	3
5308	4
5309	2
5310	5
5311	2
5312	3
5313	4
5314	5
5315	6
5316	3
5317	3
5318	5
5319	4
5320	4
5321	7
5322	6
5323	5
5324	7
5325	2
5326	2
5327	5
5328	5
5329	5
5330	6
5331	1
5332	4
5333	5
5334	5
5335	7
5336	2
5337	3
5338	2
5339	6
5340	2
5341	5
5342	3
5343	2
5344	2
5345	2
5346	0
5347	1
5348	3
5349	8
5350	3
5351	6
5352	2
5353	0
5354	2
5355	4
5356	2
5357	2
5358	2
5359	2
5360	4
5361	7
5362	1
5363	2
5364	6
5365	3
5366	0
5367	4
5368	3
5369	6
5370	4
5371	1
5372	4
5373	3
5374	2
5375	2
5376	3
5377	1
5378	1
5379	2
5380	1
5381	1
5382	1
5383	1
5384	1
5385	5
5386	2
5387	1
5388	0
5389	1
5390	4
5391	0
5392	0
5393	7
5394	2
5395	1
5396	1
5397	3
5398	6
5399	1
5400	3
5401	1
5402	4
5403	2
5404	3
5405	1
5406	3
5407	7
5408	5
5409	0
5410	1
5411	0
5412	3
5413	2
5414	3
5415	0
5416	2
5417	0
5418	3
5419	1
5420	3
5421	6
5422	0
5423	1
5424	4
5425	1
5426	3
5427	1
5428	1
5429	3
5430	2
5431	1
5432	3
5433	1
5434	4
5435	3
5436	5
5437	2
5438	10
5439	1
5440	0
5441	3
5442	0
5443	1
5444	4
5445	1
5446	0
5447	5
5448	1
5449	2
5450	2
5451	5
5452	2
5453	6
5454	3
5455	1
5456	1
5457	2
5458	5
5459	5
5460	1
5461	0
5462	0
5463	2
5464	2
5465	3
5466	1
5467	3
5468	4
5469	2
5470	4
5471	5
5472	1
5473	3
5474	5
5475	3
5476	3
5477	5
5478	8
5479	3
5480	4
5481	3
5482	1
5483	6
5484	5
5485	2
5486	4
5487	0
5488	4
5489	5
5490	3
5491	1
5492	1
5493	2
5494	2
5495	2
5496	4
5497	3
5498	2
5499	2
5500	3
5501	0
5502	4
5503	5
5504	0
5505	3
5506	5
5507	2
5508	3
5509	2
5510	3
5511	1
5512	2
5513	2
5514	4
5515	3
5516	1
5517	0
5518	2
5519	1
5520	2
5521	1
5522	4
5523	1
5524	2
5525	5
5526	3
5527	0
5528	3
5529	1
5530	3
5531	3
5532	4
5533	2
5534	1
5535	1
5536	1
5537	1
5538	1
5539	0
5540	3
5541	2
5542	2
5543	0
5544	1
5545	4
5546	5
5547	1
5548	0
5549	1
5550	2
5551	0
5552	1
5553	2
5554	2
5555	1
5556	4
5557	0
5558	2
5559	1
5560	1
5561	2
5562	2
5563	0
5564	1
5565	2
5566	0
5567	2
5568	4
5569	2
5570	2
5571	2
5572	1
5573	1
5574	0
5575	2
5576	2
5577	0
5578	3
5579	4
5580	1
5581	3
5582	1
5583	1
5584	0
5585	1
5586	1
5587	1
5588	1
5589	2
5590	1
5591	1
5592	3
5593	4
5594	0
5595	2
5596	2
5597	2
5598	1
5599	1
5600	2
5601	1
5602	2
5603	0
5604	3
5605	1
5606	4
5607	1
5608	2
5609	1
5610	1
5611	2
5612	3
5613	1
5614	2
5615	1
5616	3
5617	0
5618	1
5619	3
5620	4
5621	0
5622	1
5623	2
5624	0
5625	5
5626	0
5627	1
5628	0
5629	0
5630	3
5631	4
5632	1
5633	1
5634	1
5635	3
5636	2
5637	4
5638	0
5639	1
5640	2
5641	0
5642	1
5643	3
5644	1
5645	0
5646	1
5647	1
5648	1
5649	1
5650	1
5651	1
5652	1
5653	1
5654	0
5655	0
5656	2
5657	1
5658	0
5659	0
5660	0
5661	1
5662	1
5663	0
5664	0
5665	0
5666	0
5667	1
5668	3
5669	0
5670	0
5671	1
5672	2
5673	2
5674	0
5675	0
5676	4
5677	2
5678	1
5679	0
5680	0
5681	2
5682	0
5683	0
5684	0
5685	3
5686	1
5687	0
5688	1
5689	1
5690	1
5691	0
5692	2
5693	0
5694	0
5695	0
5696	1
5697	5
5698	0
5699	2
5700	2
5701	2
5702	0
5703	1
5704	1
5705	1
5706	0
5707	2
5708	0
5709	3
5710	1
5711	0
5712	2
5713	0
5714	2
5715	0
5716	1
5717	1
5718	1
5719	0
5720	3
5721	0
5722	1
5723	1
5724	0
5725	1
5726	4
5727	0
5728	2
5729	1
5730	3
5731	0
5732	1
5733	1
5734	0
5735	2
5736	1
5737	2
5738	2
5739	1
5740	3
5741	0
5742	2
5743	0
5744	1
5745	0
5746	1
5747	1
5748	0
5749	1
5750	1
5751	0
5752	0
5753	0
5754	2
5755	0
5756	1
5757	2
5758	0
5759	2
5760	2
5761	0
5762	2
5763	2
5764	0
5765	1
5766	0
5767	3
5768	1
5769	0
5770	0
5771	0
5772	1
5773	1
5774	0
5775	2
5776	0
5777	0
5778	0
5779	1
5780	0
5781	0
5782	1
5783	0
5784	3
5785	0
5786	4
5787	1
5788	2
5789	1
5790	1
5791	2
5792	2
5793	6
5794	0
5795	2
5796	1
5797	1
5798	1
5799	0
5800	0
5801	2
5802	2
5803	0
5804	2
5805	2
5806	0
5807	0
5808	1
5809	1
5810	0
5811	2
5812	0
5813	2
5814	1
5815	1
5816	0
5817	1
5818	2
5819	2
5820	2
5821	2
5822	3
5823	1
5824	2
5825	0
5826	2
5827	1
5828	1
5829	3
5830	1
5831	1
5832	1
5833	0
5834	2
5835	2
5836	0
5837	2
5838	1
5839	2
5840	0
5841	3
5842	2
5843	0
5844	0
5845	0
5846	0
5847	0
5848	2
5849	0
5850	1
5851	0
5852	0
5853	0
5854	2
5855	0
5856	2
5857	3
5858	1
5859	1
5860	2
5861	2
5862	1
5863	1
5864	1
5865	1
5866	1
5867	0
5868	1
5869	0
5870	2
5871	0
5872	1
5873	1
5874	0
5875	2
5876	2
5877	1
5878	0
5879	1
5880	1
5881	0
5882	2
5883	1
5884	0
5885	0
5886	0
5887	2
5888	1
5889	1
5890	0
5891	1
5892	1
5893	1
5894	1
5895	1
5896	2
5897	0
5898	1
5899	3
5900	2
5901	0
5902	0
5903	0
5904	0
5905	0
5906	1
5907	2
5908	1
5909	3
5910	0
5911	0
5912	1
5913	1
5914	2
5915	0
5916	1
5917	0
5918	0
5919	0
5920	0
5921	0
5922	0
5923	2
5924	1
5925	0
5926	0
5927	0
5928	1
5929	1
5930	1
5931	0
5932	0
5933	1
5934	1
5935	0
5936	0
5937	2
5938	2
5939	0
5940	1
5941	1
5942	2
5943	2
5944	1
5945	1
5946	0
5947	4
5948	0
5949	2
5950	1
5951	1
5952	1
5953	0
5954	2
5955	1
5956	1
5957	2
5958	0
5959	0
5960	0
5961	0
5962	1
5963	0
5964	0
5965	0
5966	0
5967	1
5968	0
5969	0
5970	0
5971	1
5972	1
5973	1
5974	2
5975	1
5976	0
5977	0
5978	0
5979	0
5980	1
5981	0
5982	2
5983	0
5984	1
5985	1
5986	1
5987	1
5988	0
5989	1
5990	0
5991	2
5992	0
5993	1
5994	0
5995	1
5996	0
5997	1
5998	1
5999	1
6000	0
6001	2
6002	0
6003	0
6004	2
6005	0
6006	0
6007	1
6008	0
6009	2
6010	4
6011	1
6012	0
6013	0
6014	0
6015	1
6016	0
6017	0
6018	1
6019	1
6020	0
6021	0
6022	1
6023	1
6024	2
6025	0
6026	1
6027	0
6028	0
6029	1
6030	1
6031	4
6032	0
6033	1
6034	0
6035	1
6036	2
6037	0
6038	1
6039	0
6040	1
6041	1
6042	0
6043	0
6044	1
6045	0
6046	2
6047	1
6048	2
6049	0
6050	0
6051	1
6052	1
6053	0
6054	1
6055	1
6056	0
6057	0
6058	0
6059	0
6060	4
6061	3
6062	3
6063	0
6064	2
6065	0
6066	2
6067	1
6068	1
6069	0
6070	0
6071	1
6072	0
6073	0
6074	0
6075	0
6076	0
6077	0
6078	1
6079	1
6080	1
6081	3
6082	1
6083	0
6084	1
6085	1
6086	0
6087	0
6088	1
6089	0
6090	0
6091	1
6092	0
6093	2
6094	1
6095	0
6096	0
6097	4
6098	2
6099	0
6100	0
6101	1
6102	0
6103	2
6104	1
6105	2
6106	0
6107	3
6108	0
6109	1
6110	1
6111	0
6112	1
6113	0
6114	1
6115	2
6116	0
6117	1
6118	1
6119	1
6120	3
6121	2
6122	1
6123	0
6124	1
6125	2
6126	1
6127	0
6128	0
6129	0
6130	0
6131	0
6132	0
6133	1
6134	1
6135	0
6136	3
6137	1
6138	1
6139	0
6140	0
6141	0
6142	2
6143	1
6144	0
6145	0
6146	1
6147	0
6148	1
6149	0
6150	2
6151	0
6152	1
6153	0
6154	2
6155	0
6156	0
6157	4
6158	0
6159	2
6160	1
6161	1
6162	3
6163	2
6164	0
6165	2
6166	2
6167	1
6168	0
6169	1
6170	2
6171	1
6172	3
6173	0
6174	1
6175	2
6176	1
6177	1
6178	1
6179	1
6180	2
6181	1
6182	0
6183	0
6184	0
6185	1
6186	1
6187	1
6188	0
6189	2
6190	1
6191	2
6192	1
6193	1
6194	0
6195	3
6196	2
6197	0
6198	0
6199	1
6200	0
6201	0
6202	0
6203	1
6204	0
6205	0
6206	1
6207	0
6208	0
6209	0
6210	0
6211	1
6212	0
6213	2
6214	2
6215	1
6216	0
6217	2
6218	1
6219	1
6220	2
6221	2
6222	3
6223	2
6224	0
6225	0
6226	0
6227	0
6228	1
6229	0
6230	2
6231	1
6232	2
6233	1
6234	0
6235	0
6236	3
6237	3
6238	1
6239	3
6240	2
6241	0
6242	0
6243	0
6244	0
6245	1
6246	0
6247	0
6248	1
6249	0
6250	0
6251	0
6252	1
6253	0
6254	1
6255	0
6256	0
6257	3
6258	2
6259	1
6260	0
6261	0
6262	0
6263	0
6264	1
6265	3
6266	0
6267	1
6268	0
6269	3
6270	0
6271	2
6272	2
6273	3
6274	2
6275	1
6276	3
6277	0
6278	0
6279	0
6280	2
6281	1
6282	0
6283	0
6284	4
6285	0
6286	0
6287	1
6288	0
6289	1
6290	0
6291	0
6292	1
6293	2
6294	1
6295	0
6296	0
6297	1
6298	3
6299	1
6300	0
6301	2
6302	1
6303	1
6304	2
6305	0
6306	2
6307	1
6308	0
6309	0
6310	3
6311	1
6312	0
6313	1
6314	2
6315	1
6316	1
6317	0
6318	1
6319	1
6320	0
6321	0
6322	3
6323	2
6324	2
6325	1
6326	1
6327	0
6328	1
6329	1
6330	1
6331	2
6332	1
6333	2
6334	0
6335	6
6336	0
6337	0
6338	4
6339	2
6340	2
6341	0
6342	0
6343	3
6344	2
6345	0
6346	1
6347	4
6348	2
6349	3
6350	0
6351	0
6352	0
6353	1
6354	1
6355	3
6356	0
6357	1
6358	2
6359	0
6360	1
6361	0
6362	0
6363	2
6364	3
6365	0
6366	0
6367	4
6368	1
6369	1
6370	0
6371	0
6372	1
6373	2
6374	0
6375	1
6376	1
6377	0
6378	2
6379	1
6380	1
6381	3
6382	0
6383	0
6384	1
6385	0
6386	1
6387	1
6388	1
6389	0
6390	1
6391	0
6392	2
6393	1
6394	1
6395	2
6396	2
6397	0
6398	1
6399	0
6400	0
6401	0
6402	2
6403	0
6404	0
6405	1
6406	0
6407	0
6408	2
6409	1
6410	0
6411	1
6412	0
6413	0
6414	0
6415	2
6416	0
6417	0
6418	0
6419	1
6420	1
6421	0
6422	0
6423	1
6424	0
6425	0
6426	0
6427	0
6428	0
6429	0
6430	1
6431	1
6432	0
6433	0
6434	1
6435	2
6436	0
6437	0
6438	0
6439	0
6440	2
6441	2
6442	0
6443	2
6444	0
6445	0
6446	0
6447	1
6448	2
6449	0
6450	0
6451	1
6452	0
6453	1
6454	1
6455	2
6456	0
6457	1
6458	2
6459	2
6460	0
6461	1
6462	2
6463	0
6464	1
6465	0
6466	0
6467	1
6468	1
6469	0
6470	0
6471	1
6472	2
6473	1
6474	0
6475	1
6476	1
6477	0
6478	2
6479	1
6480	0
6481	0
6482	2
6483	1
6484	1
6485	0
6486	0
6487	1
6488	1
6489	1
6490	0
6491	0
6492	0
6493	0
6494	0
6495	0
6496	1
6497	0
6498	2
6499	1
6500	4
6501	1
6502	0
6503	3
6504	1
6505	2
6506	0
6507	0
6508	1
6509	1
6510	1
6511	0
6512	0
6513	1
6514	1
6515	2
6516	0
6517	2
6518	1
6519	0
6520	0
6521	0
6522	1
6523	1
6524	0
6525	1
6526	1
6527	1
6528	0
6529	0
6530	0
6531	1
6532	1
6533	2
6534	2
6535	1
6536	1
6537	0
6538	3
6539	0
6540	1
6541	0
6542	1
6543	1
6544	1
6545	1
6546	0
6547	0
6548	1
6549	1
6550	1
6551	1
6552	0
6553	0
6554	1
6555	1
6556	0
6557	1
6558	0
6559	2
6560	2
6561	0
6562	1
6563	1
6564	0
6565	1
6566	1
6567	0
6568	1
6569	1
6570	0
6571	0
6572	1
6573	1
6574	1
6575	1
6576	0
6577	0
6578	0
6579	2
6580	0
6581	1
6582	0
6583	1
6584	0
6585	1
6586	0
6587	1
6588	1
6589	1
6590	0
6591	0
6592	1
6593	0
6594	0
6595	2
6596	0
6597	1
6598	0
6599	1
6600	0
6601	2
6602	2
6603	2
6604	2
6605	3
6606	1
6607	3
6608	0
6609	1
6610	0
6611	0
6612	0
6613	1
6614	0
6615	0
6616	1
6617	0
6618	0
6619	3
6620	0
6621	0
6622	3
6623	0
6624	1
6625	0
6626	0
6627	4
6628	1
6629	0
6630	2
6631	0
6632	2
6633	2
6634	0
6635	0
6636	1
6637	2
6638	1
6639	0
6640	1
6641	0
6642	1
6643	0
6644	0
6645	0
6646	2
6647	2
6648	2
6649	2
6650	1
6651	1
6652	1
6653	0
6654	0
6655	1
6656	1
6657	0
6658	0
6659	0
6660	1
6661	2
6662	3
6663	0
6664	0
6665	0
6666	0
6667	0
6668	2
6669	0
6670	3
6671	0
6672	0
6673	2
6674	0
6675	1
6676	3
6677	0
6678	1
6679	0
6680	0
6681	1
6682	0
6683	0
6684	1
6685	1
6686	0
6687	1
6688	0
6689	0
6690	0
6691	0
6692	0
6693	0
6694	1
6695	0
6696	1
6697	1
6698	1
6699	2
6700	0
6701	1
6702	0
6703	0
6704	0
6705	0
6706	1
6707	1
6708	0
6709	0
6710	0
6711	0
6712	1
6713	0
6714	1
6715	0
6716	0
6717	2
6718	0
6719	0
6720	0
6721	1
6722	0
6723	1
6724	0
6725	2
6726	2
6727	1
6728	1
6729	1
6730	2
6731	1
6732	2
6733	2
6734	2
6735	0
6736	1
6737	2
6738	0
6739	2
6740	0
6741	0
6742	0
6743	0
6744	1
6745	1
6746	0
6747	0
6748	0
6749	0
6750	1
6751	0
6752	1
6753	0
6754	0
6755	1
6756	1
6757	1
6758	0
6759	2
6760	2
6761	0
6762	0
6763	0
6764	0
6765	1
6766	0
6767	2
6768	0
6769	1
6770	0
6771	0
6772	0
6773	0
6774	0
6775	1
6776	0
6777	0
6778	0
6779	1
6780	0
6781	0
6782	0
6783	0
6784	0
6785	1
6786	0
6787	2
6788	0
6789	2
6790	0
6791	0
6792	1
6793	2
6794	0
6795	1
6796	0
6797	0
6798	0
6799	0
6800	0
6801	1
6802	0
6803	0
6804	0
6805	0
6806	1
6807	0
6808	0
6809	1
6810	1
6811	0
6812	1
6813	1
6814	0
6815	2
6816	1
6817	1
6818	0
6819	2
6820	1
6821	3
6822	1
6823	0
6824	3
6825	1
6826	1
6827	0
6828	0
6829	3
6830	0
6831	1
6832	0
6833	0
6834	1
6835	0
6836	3
6837	1
6838	0
6839	0
6840	0
6841	1
6842	0
6843	0
6844	0
6845	0
6846	0
6847	2
6848	0
6849	0
6850	0
6851	1
6852	0
6853	1
6854	1
6855	0
6856	0
6857	1
6858	1
6859	0
6860	3
6861	2
6862	0
6863	2
6864	0
6865	0
6866	0
6867	0
6868	0
6869	0
6870	0
6871	1
6872	1
6873	0
6874	0
6875	0
6876	2
6877	0
6878	0
6879	1
6880	1
6881	0
6882	0
6883	0
6884	2
6885	0
6886	3
6887	0
6888	1
6889	1
6890	1
6891	1
6892	0
6893	0
6894	1
6895	1
6896	1
6897	1
6898	0
6899	1
6900	2
6901	1
6902	1
6903	3
6904	0
6905	1
6906	1
6907	0
6908	5
6909	2
6910	2
6911	1
6912	1
6913	0
6914	0
6915	2
6916	1
6917	1
6918	1
6919	0
6920	0
6921	5
6922	0
6923	2
6924	2
6925	1
6926	1
6927	0
6928	2
6929	0
6930	0
6931	0
6932	0
6933	0
6934	0
6935	1
6936	0
6937	1
6938	2
6939	0
6940	1
6941	3
6942	1
6943	0
6944	1
6945	1
6946	2
6947	0
6948	1
6949	2
6950	0
6951	2
6952	1
6953	1
6954	2
6955	0
6956	1
6957	1
6958	0
6959	0
6960	3
6961	2
6962	0
6963	2
6964	0
6965	1
6966	0
6967	0
6968	2
6969	0
6970	0
6971	1
6972	0
6973	2
6974	1
6975	3
6976	2
6977	2
6978	0
6979	2
6980	1
6981	1
6982	1
6983	0
6984	1
6985	0
6986	3
6987	0
6988	0
6989	2
6990	0
6991	2
6992	0
6993	1
6994	2
6995	1
6996	1
6997	1
6998	2
6999	0
7000	1
7001	0
7002	3
7003	1
7004	1
7005	2
7006	0
7007	2
7008	2
7009	1
7010	1
7011	0
7012	0
7013	0
7014	1
7015	0
7016	1
7017	2
7018	1
7019	0
7020	1
7021	1
7022	0
7023	0
7024	2
7025	2
7026	1
7027	1
7028	0
7029	0
7030	1
7031	1
7032	0
7033	0
7034	0
7035	1
7036	0
7037	1
7038	1
7039	2
7040	1
7041	0
7042	1
7043	0
7044	1
7045	1
7046	1
7047	0
7048	2
7049	1
7050	0
7051	1
7052	0
7053	1
7054	1
7055	1
7056	0
7057	0
7058	0
7059	0
7060	1
7061	2
7062	1
7063	0
7064	0
7065	0
7066	0
7067	0
7068	1
7069	0
7070	2
7071	0
7072	0
7073	0
7074	1
7075	1
7076	1
7077	1
7078	0
7079	3
7080	2
7081	1
7082	1
7083	1
7084	0
7085	1
7086	0
7087	1
7088	0
7089	0
7090	0
7091	1
7092	0
7093	2
7094	1
7095	0
7096	1
7097	0
7098	2
7099	1
7100	2
7101	1
7102	0
7103	1
7104	0
7105	0
7106	1
7107	0
7108	2
7109	1
7110	0
7111	2
7112	0
7113	0
7114	1
7115	0
7116	1
7117	0
7118	0
7119	1
7120	3
7121	1
7122	0
7123	1
7124	0
7125	0
7126	1
7127	1
7128	1
7129	0
7130	1
7131	3
7132	0
7133	0
7134	1
7135	0
7136	1
7137	2
7138	2
7139	0
7140	2
7141	2
7142	0
7143	2
7144	1
7145	1
7146	0
7147	0
7148	0
7149	0
7150	1
7151	0
7152	0
7153	0
7154	2
7155	1
7156	0
7157	1
7158	0
7159	0
7160	0
7161	0
7162	1
7163	1
7164	0
7165	2
7166	0
7167	0
7168	1
7169	1
7170	0
7171	0
7172	0
7173	1
7174	1
7175	0
7176	1
7177	0
7178	0
7179	0
7180	1
7181	0
7182	2
7183	1
7184	0
7185	1
7186	0
7187	0
7188	1
7189	0
7190	1
7191	2
7192	0
7193	0
7194	1
7195	0
7196	1
7197	1
7198	3
7199	0
7200	1
7201	0
7202	0
7203	1
7204	0
7205	1
7206	0
7207	0
7208	2
7209	0
7210	1
7211	0
7212	0
7213	1
7214	2
7215	0
7216	3
7217	0
7218	2
7219	0
7220	2
7221	0
7222	0
7223	3
7224	3
7225	0
7226	0
7227	2
7228	0
7229	0
7230	1
7231	0
7232	1
7233	0
7234	0
7235	2
7236	1
7237	0
7238	0
7239	1
7240	1
7241	0
7242	1
7243	1
7244	0
7245	0
7246	0
7247	2
7248	0
7249	0
7250	0
7251	1
7252	0
7253	1
7254	2
7255	0
7256	2
7257	1
7258	2
7259	1
7260	0
7261	0
7262	0
7263	0
7264	0
7265	1
7266	2
7267	1
7268	2
7269	1
7270	1
7271	0
7272	1
7273	1
7274	1
7275	0
7276	2
7277	3
7278	2
7279	1
7280	2
7281	3
7282	1
7283	1
7284	0
7285	1
7286	1
7287	0
7288	1
7289	3
7290	0
7291	1
7292	1
7293	0
7294	1
7295	1
7296	1
7297	1
7298	1
7299	3
7300	2
7301	1
7302	0
7303	0
7304	0
7305	0
7306	1
7307	1
7308	0
7309	0
7310	2
7311	1
7312	1
7313	3
7314	3
7315	0
7316	1
7317	2
7318	1
7319	1
7320	0
7321	1
7322	1
7323	0
7324	0
7325	0
7326	0
7327	1
7328	0
7329	1
7330	0
7331	0
7332	2
7333	1
7334	0
7335	0
7336	1
7337	1
7338	0
7339	1
7340	1
7341	1
7342	0
7343	1
7344	1
7345	0
7346	0
7347	0
7348	1
7349	0
7350	0
7351	1
7352	1
7353	2
7354	0
7355	0
7356	0
7357	1
7358	2
7359	0
7360	1
7361	0
7362	1
7363	2
7364	2
7365	0
7366	1
7367	0
7368	1
7369	0
7370	1
7371	1
7372	3
7373	2
7374	2
7375	0
7376	1
7377	2
7378	0
7379	0
7380	1
7381	1
7382	1
7383	1
7384	0
7385	0
7386	3
7387	1
7388	0
7389	0
7390	1
7391	0
7392	0
7393	1
7394	1
7395	1
7396	0
7397	0
7398	1
7399	0
7400	0
7401	0
7402	0
7403	1
7404	0
7405	2
7406	0
7407	1
7408	0
7409	0
7410	1
7411	2
7412	0
7413	0
7414	2
7415	1
7416	0
7417	2
7418	0
7419	0
7420	3
7421	1
7422	1
7423	1
7424	0
7425	3
7426	1
7427	1
7428	0
7429	0
7430	0
7431	2
7432	0
7433	0
7434	0
7435	2
7436	0
7437	1
7438	1
7439	0
7440	1
7441	1
7442	1
7443	1
7444	0
7445	0
7446	1
7447	0
7448	1
7449	0
7450	2
7451	0
7452	0
7453	0
7454	2
7455	0
7456	2
7457	0
7458	1
7459	1
7460	0
7461	0
7462	0
7463	1
7464	0
7465	0
7466	1
7467	0
7468	1
7469	0
7470	3
7471	0
7472	1
7473	1
7474	1
7475	0
7476	1
7477	0
7478	0
7479	1
7480	2
7481	1
7482	0
7483	1
7484	1
7485	2
7486	0
7487	1
7488	2
7489	0
7490	1
7491	2
7492	0
7493	0
7494	1
7495	1
7496	1
7497	1
7498	0
7499	0
7500	0
7501	1
7502	0
7503	0
7504	1
7505	0
7506	0
7507	2
7508	0
7509	0
7510	1
7511	1
7512	0
7513	0
7514	0
7515	1
7516	0
7517	0
7518	2
7519	0
7520	0
7521	0
7522	0
7523	0
7524	0
7525	1
7526	0
7527	0
7528	1
7529	0
7530	1
7531	0
7532	0
7533	0
7534	0
7535	1
7536	1
7537	0
7538	2
7539	0
7540	1
7541	0
7542	2
7543	0
7544	1
7545	0
7546	3
7547	1
7548	1
7549	0
7550	0
7551	0
7552	1
7553	0
7554	2
7555	0
7556	2
7557	0
7558	2
7559	0
7560	1
7561	0
7562	0
7563	1
7564	0
7565	1
7566	0
7567	1
7568	1
7569	3
7570	1
7571	0
7572	3
7573	2
7574	1
7575	1
7576	0
7577	1
7578	0
7579	1
7580	0
7581	1
7582	2
7583	2
7584	3
7585	1
7586	0
7587	1
7588	0
7589	0
7590	0
7591	0
7592	0
7593	2
7594	2
7595	0
7596	1
7597	1
7598	0
7599	0
7600	2
7601	0
7602	2
7603	0
7604	0
7605	0
7606	0
7607	1
7608	0
7609	2
7610	0
7611	0
7612	1
7613	1
7614	1
7615	0
7616	0
7617	0
7618	1
7619	2
7620	1
7621	0
7622	0
7623	1
7624	1
7625	0
7626	1
7627	0
7628	1
7629	1
7630	3
7631	0
7632	0
7633	0
7634	0
7635	1
7636	1
7637	1
7638	1
7639	1
7640	2
7641	2
7642	1
7643	1
7644	0
7645	0
7646	0
7647	2
7648	1
7649	2
7650	2
7651	0
7652	1
7653	2
7654	0
7655	1
7656	2
7657	1
7658	0
7659	1
7660	0
7661	1
7662	0
7663	2
7664	2
7665	1
7666	0
7667	1
7668	0
7669	1
7670	0
7671	0
7672	1
7673	0
7674	2
7675	0
7676	0
7677	1
7678	2
7679	1
7680	0
7681	1
7682	1
7683	2
7684	2
7685	0
7686	1
7687	0
7688	2
7689	3
7690	0
7691	1
7692	1
7693	0
7694	0
7695	1
7696	1
7697	1
7698	0
7699	0
7700	0
7701	0
7702	4
7703	0
7704	2
7705	3
7706	0
7707	2
7708	1
7709	0
7710	0
7711	1
7712	0
7713	0
7714	1
7715	1
7716	2
7717	1
7718	0
7719	0
7720	0
7721	1
7722	1
7723	0
7724	0
7725	1
7726	2
7727	0
7728	0
7729	0
7730	1
7731	0
7732	0
7733	1
7734	2
7735	0
7736	2
7737	1
7738	0
7739	0
7740	0
7741	1
7742	0
7743	1
7744	0
7745	0
7746	0
7747	2
7748	0
7749	0
7750	0
7751	0
7752	1
7753	0
7754	0
7755	0
7756	0
7757	0
7758	0
7759	0
7760	2
7761	2
7762	0
7763	0
7764	0
7765	0
7766	1
7767	2
7768	0
7769	1
7770	1
7771	0
7772	3
7773	0
7774	0
7775	0
7776	2
7777	2
7778	0
7779	3
7780	1
7781	2
7782	1
7783	1
7784	2
7785	0
7786	0
7787	0
7788	1
7789	1
7790	2
7791	1
7792	0
7793	0
7794	0
7795	1
7796	0
7797	3
7798	4
7799	2
7800	0
7801	3
7802	0
7803	0
7804	1
7805	0
7806	0
7807	0
7808	0
7809	1
7810	1
7811	0
7812	1
7813	0
7814	1
7815	3
7816	1
7817	0
7818	0
7819	0
7820	2
7821	0
7822	2
7823	0
7824	3
7825	1
7826	1
7827	0
7828	0
7829	0
7830	1
7831	0
7832	3
7833	1
7834	2
7835	0
7836	1
7837	0
7838	0
7839	2
7840	1
7841	0
7842	2
7843	1
7844	2
7845	0
7846	0
7847	0
7848	0
7849	1
7850	0
7851	0
7852	0
7853	0
7854	0
7855	2
7856	0
7857	1
7858	2
7859	0
7860	1
7861	0
7862	1
7863	0
7864	0
7865	2
7866	0
7867	0
7868	4
7869	0
7870	1
7871	0
7872	2
7873	0
7874	1
7875	0
7876	2
7877	1
7878	0
7879	0
7880	1
7881	0
7882	0
7883	0
7884	0
7885	1
7886	2
7887	2
7888	0
7889	1
7890	0
7891	0
7892	0
7893	0
7894	1
7895	2
7896	0
7897	0
7898	0
7899	0
7900	0
7901	0
7902	1
7903	2
7904	0
7905	1
7906	0
7907	2
7908	3
7909	2
7910	2
7911	1
7912	0
7913	0
7914	2
7915	0
7916	0
7917	1
7918	0
7919	0
7920	0
7921	1
7922	0
7923	1
7924	0
7925	0
7926	0
7927	0
7928	1
7929	2
7930	0
7931	0
7932	0
7933	0
7934	1
7935	0
7936	2
7937	2
7938	0
7939	1
7940	0
7941	0
7942	0
7943	1
7944	0
7945	1
7946	0
7947	0
7948	0
7949	1
7950	0
7951	1
7952	2
7953	2
7954	0
7955	1
7956	0
7957	0
7958	0
7959	0
7960	0
7961	0
7962	1
7963	1
7964	1
7965	0
7966	1
7967	1
7968	1
7969	1
7970	1
7971	0
7972	1
7973	0
7974	1
7975	0
7976	1
7977	1
7978	1
7979	0
7980	0
7981	1
7982	1
7983	0
7984	1
7985	0
7986	0
7987	1
7988	0
7989	0
7990	1
7991	0
7992	1
7993	0
7994	0
7995	1
7996	0
7997	0
7998	3
7999	2
8000	0
8001	0
8002	1
8003	0
8004	1
8005	2
8006	0
8007	1
8008	1
8009	0
8010	0
8011	0
8012	1
8013	1
8014	1
8015	0
8016	0
8017	0
8018	0
8019	1
8020	1
8021	1
8022	0
8023	1
8024	0
8025	0
8026	0
8027	1
8028	1
8029	0
8030	0
8031	1
8032	1
8033	0
8034	1
8035	0
8036	0
8037	0
8038	0
8039	0
8040	1
8041	1
8042	0
8043	1
8044	0
8045	0
8046	1
8047	2
8048	0
8049	0
8050	0
8051	0
8052	2
8053	0
8054	0
8055	1
8056	3
8057	1
8058	0
8059	0
8060	1
8061	0
8062	0
8063	1
8064	0
8065	2
8066	0
8067	1
8068	1
8069	0
8070	2
8071	1
8072	0
8073	1
8074	0
8075	1
8076	1
8077	1
8078	1
8079	0
8080	0
8081	1
8082	0
8083	1
8084	1
8085	1
8086	0
8087	0
8088	1
8089	0
8090	0
8091	0
8092	0
8093	0
8094	2
8095	0
8096	1
8097	1
8098	1
8099	2
8100	1
8101	0
8102	0
8103	1
8104	2
8105	0
8106	0
8107	1
8108	0
8109	0
8110	0
8111	0
8112	0
8113	0
8114	1
8115	0
8116	1
8117	0
8118	3
8119	0
8120	0
8121	0
8122	1
8123	1
8124	0
8125	0
8126	0
8127	2
8128	0
8129	1
8130	0
8131	3
8132	0
8133	0
8134	0
8135	0
8136	0
8137	1
8138	0
8139	1
8140	1
8141	1
8142	1
8143	2
8144	1
8145	0
8146	1
8147	1
8148	2
8149	0
8150	0
8151	0
8152	0
8153	2
8154	2
8155	0
8156	0
8157	1
8158	1
8159	1
8160	1
8161	0
8162	1
8163	1
8164	0
8165	1
8166	1
8167	0
8168	2
8169	1
8170	1
8171	0
8172	0
8173	0
8174	1
8175	0
8176	1
8177	0
8178	0
8179	0
8180	1
8181	0
8182	1
8183	1
8184	0
8185	2
8186	1
8187	0
8188	0
8189	0
8190	0
8191	0
8192	0
8193	1
8194	2
8195	3
8196	1
8197	0
8198	0
8199	0
8200	0
8201	0
8202	1
8203	0
8204	0
8205	1
8206	0
8207	1
8208	1
8209	0
8210	0
8211	0
8212	0
8213	0
8214	0
8215	0
8216	0
8217	0
8218	0
8219	0
8220	0
8221	1
8222	0
8223	2
8224	0
8225	0
8226	1
8227	0
8228	1
8229	0
8230	1
8231	1
8232	0
8233	0
8234	1
8235	0
8236	0
8237	3
8238	0
8239	0
8240	0
8241	2
8242	1
8243	0
8244	0
8245	1
8246	0
8247	2
8248	0
8249	0
8250	0
8251	1
8252	0
8253	0
8254	0
8255	0
8256	0
8257	0
8258	0
8259	0
8260	0
8261	0
8262	1
8263	0
8264	1
8265	0
8266	1
8267	0
8268	0
8269	2
8270	1
8271	0
8272	1
8273	0
8274	1
8275	0
8276	0
8277	1
8278	0
8279	1
8280	0
8281	1
8282	0
8283	0
8284	1
8285	0
8286	0
8287	1
8288	1
8289	0
8290	0
8291	0
8292	0
8293	0
8294	0
8295	2
8296	0
8297	0
8298	0
8299	1
8300	1
8301	0
8302	1
8303	1
8304	2
8305	1
8306	2
8307	1
8308	1
8309	2
8310	0
8311	0
8312	0
8313	1
8314	1
8315	2
8316	1
8317	0
8318	1
8319	0
8320	0
8321	1
8322	1
8323	0
8324	1
8325	1
8326	2
8327	0
8328	1
8329	1
8330	0
8331	0
8332	1
8333	0
8334	0
8335	2
8336	1
8337	1
8338	0
8339	0
8340	1
8341	0
8342	1
8343	1
8344	1
8345	1
8346	0
8347	3
8348	1
8349	0
8350	0
8351	2
8352	3
8353	0
8354	1
8355	3
8356	2
8357	2
8358	1
8359	0
8360	0
8361	2
8362	1
8363	4
8364	0
8365	0
8366	2
8367	1
8368	0
8369	1
8370	2
8371	2
8372	1
8373	1
8374	1
8375	0
8376	2
8377	2
8378	1
8379	0
8380	2
8381	1
8382	0
8383	2
8384	0
8385	0
8386	2
8387	3
8388	1
8389	3
8390	2
8391	0
8392	1
8393	1
8394	2
8395	1
8396	2
8397	2
8398	0
8399	1
8400	2
8401	2
8402	0
8403	0
8404	0
8405	0
8406	1
8407	1
8408	1
8409	2
8410	1
8411	1
8412	0
8413	1
8414	1
8415	2
8416	1
8417	0
8418	2
8419	1
8420	0
8421	1
8422	0
8423	1
8424	0
8425	0
8426	1
8427	0
8428	0
8429	2
8430	0
8431	3
8432	3
8433	0
8434	0
8435	1
8436	2
8437	2
8438	1
8439	1
8440	0
8441	1
8442	0
8443	0
8444	2
8445	0
8446	1
8447	2
8448	0
8449	0
8450	0
8451	2
8452	1
8453	2
8454	2
8455	0
8456	0
8457	0
8458	0
8459	1
8460	1
8461	1
8462	0
8463	0
8464	1
8465	1
8466	0
8467	1
8468	1
8469	0
8470	0
8471	0
8472	0
8473	0
8474	0
8475	0
8476	1
8477	1
8478	0
8479	1
8480	2
8481	2
8482	0
8483	1
8484	0
8485	3
8486	1
8487	0
8488	1
8489	0
8490	0
8491	0
8492	0
8493	2
8494	0
8495	0
8496	0
8497	1
8498	0
8499	1
8500	1
8501	0
8502	0
8503	0
8504	1
8505	2
8506	0
8507	1
8508	0
8509	1
8510	2
8511	1
8512	2
8513	1
8514	1
8515	0
8516	0
8517	0
8518	2
8519	1
8520	1
8521	0
8522	1
8523	0
8524	1
8525	0
8526	0
8527	0
8528	2
8529	0
8530	0
8531	0
8532	1
8533	1
8534	2
8535	1
8536	0
8537	0
8538	0
8539	0
8540	0
8541	1
8542	1
8543	0
8544	1
8545	0
8546	0
8547	1
8548	1
8549	2
8550	1
8551	0
8552	1
8553	0
8554	0
8555	0
8556	1
8557	1
8558	1
8559	2
8560	1
8561	0
8562	3
8563	0
8564	1
8565	0
8566	0
8567	0
8568	0
8569	0
8570	0
8571	0
8572	0
8573	1
8574	0
8575	0
8576	1
8577	0
8578	0
8579	1
8580	1
8581	0
8582	0
8583	0
8584	1
8585	0
8586	0
8587	0
8588	0
8589	0
8590	0
8591	0
8592	0
8593	1
8594	1
8595	0
8596	1
8597	0
8598	0
8599	0
8600	0
8601	0
8602	0
8603	1
8604	2
8605	0
8606	0
8607	2
8608	0
8609	0
8610	1
8611	0
8612	0
8613	0
8614	2
8615	0
8616	1
8617	0
8618	0
8619	0
8620	0
8621	1
8622	1
8623	0
8624	1
8625	0
8626	0
8627	1
8628	0
8629	0
8630	1
8631	0
8632	2
8633	1
8634	1
8635	0
8636	2
8637	1
8638	0
8639	0
8640	0
8641	2
8642	0
8643	0
8644	1
8645	1
8646	1
8647	0
8648	1
8649	0
8650	0
8651	0
8652	0
8653	0
8654	1
8655	0
8656	0
8657	1
8658	1
8659	0
8660	0
8661	0
8662	1
8663	2
8664	1
8665	0
8666	0
8667	0
8668	1
8669	1
8670	0
8671	0
8672	2
8673	0
8674	1
8675	0
8676	1
8677	2
8678	1
8679	0
8680	0
8681	0
8682	1
8683	0
8684	2
8685	0
8686	2
8687	1
8688	1
8689	1
8690	0
8691	0
8692	0
8693	1
8694	1
8695	1
8696	0
8697	0
8698	0
8699	2
8700	0
8701	0
8702	2
8703	1
8704	1
8705	0
8706	0
8707	1
8708	0
8709	0
8710	0
8711	0
8712	0
8713	0
8714	0
8715	0
8716	1
8717	0
8718	0
8719	0
8720	0
8721	0
8722	0
8723	0
8724	0
8725	1
8726	0
8727	0
8728	0
8729	0
8730	0
8731	1
8732	0
8733	0
8734	2
8735	0
8736	2
8737	1
8738	1
8739	0
8740	0
8741	1
8742	0
8743	1
8744	0
8745	0
8746	0
8747	1
8748	0
8749	1
8750	0
8751	0
8752	2
8753	0
8754	0
8755	0
8756	0
8757	0
8758	0
8759	0
8760	0
8761	0
8762	2
8763	0
8764	0
8765	0
8766	0
8767	1
8768	1
8769	0
8770	0
8771	0
8772	1
8773	0
8774	0
8775	0
8776	2
8777	2
8778	0
8779	0
8780	0
8781	0
8782	1
8783	0
8784	0
8785	0
8786	0
8787	0
8788	0
8789	2
8790	0
8791	0
8792	0
8793	0
8794	1
8795	0
8796	0
8797	0
8798	0
8799	0
8800	2
8801	3
8802	0
8803	0
8804	0
8805	2
8806	2
8807	0
8808	2
8809	0
8810	0
8811	1
8812	1
8813	1
8814	2
8815	0
8816	1
8817	0
8818	1
8819	1
8820	2
8821	0
8822	2
8823	1
8824	0
8825	1
8826	0
8827	0
8828	0
8829	1
8830	1
8831	0
8832	1
8833	0
8834	0
8835	0
8836	1
8837	2
8838	1
8839	0
8840	0
8841	0
8842	0
8843	1
8844	0
8845	0
8846	2
8847	0
8848	1
8849	1
8850	0
8851	0
8852	1
8853	1
8854	1
8855	1
8856	1
8857	0
8858	1
8859	1
8860	1
8861	0
8862	1
8863	0
8864	1
8865	0
8866	0
8867	0
8868	1
8869	1
8870	2
8871	0
8872	1
8873	0
8874	1
8875	2
8876	0
8877	1
8878	0
8879	0
8880	1
8881	0
8882	0
8883	1
8884	0
8885	1
8886	0
8887	0
8888	0
8889	0
8890	1
8891	1
8892	1
8893	0
8894	1
8895	0
8896	0
8897	0
8898	2
8899	0
8900	0
8901	2
8902	2
8903	0
8904	1
8905	1
8906	0
8907	0
8908	0
8909	1
8910	0
8911	2
8912	0
8913	2
8914	0
8915	0
8916	1
8917	1
8918	2
8919	0
8920	0
8921	0
8922	0
8923	2
8924	0
8925	0
8926	2
8927	0
8928	1
8929	0
8930	0
8931	0
8932	1
8933	0
8934	1
8935	3
8936	0
8937	0
8938	0
8939	0
8940	1
8941	2
8942	0
8943	0
8944	1
8945	0
8946	0
8947	0
8948	0
8949	1
8950	2
8951	1
8952	0
8953	1
8954	0
8955	0
8956	0
8957	1
8958	1
8959	0
8960	0
8961	0
8962	0
8963	0
8964	0
8965	0
8966	1
8967	0
8968	1
8969	0
8970	0
8971	1
8972	1
8973	0
8974	0
8975	1
8976	2
8977	2
8978	1
8979	0
8980	0
8981	2
8982	1
8983	0
8984	1
8985	0
8986	0
8987	0
8988	0
8989	0
8990	0
8991	0
8992	1
8993	0
8994	0
8995	0
8996	0
8997	1
8998	1
8999	1
9000	0
9001	1
9002	1
9003	0
9004	0
9005	0
9006	1
9007	0
9008	1
9009	3
9010	1
9011	1
9012	0
9013	2
9014	0
9015	0
9016	0
9017	0
9018	0
9019	1
9020	1
9021	0
9022	0
9023	0
9024	0
9025	1
9026	1
9027	1
9028	1
9029	0
9030	0
9031	2
9032	0
9033	1
9034	1
9035	0
9036	0
9037	1
9038	2
9039	1
9040	0
9041	1
9042	0
9043	0
9044	1
9045	1
9046	0
9047	1
9048	0
9049	0
9050	1
9051	0
9052	2
9053	1
9054	0
9055	0
9056	0
9057	1
9058	1
9059	0
9060	0
9061	0
9062	0
9063	0
9064	0
9065	2
9066	0
9067	2
9068	1
9069	0
9070	0
9071	0
9072	0
9073	0
9074	0
9075	2
9076	1
9077	0
9078	0
9079	0
9080	1
9081	0
9082	0
9083	0
9084	0
9085	0
9086	1
9087	1
9088	0
9089	3
9090	1
9091	1
9092	0
9093	1
9094	1
9095	1
9096	0
9097	0
9098	1
9099	1
9100	1
9101	1
9102	1
9103	0
9104	0
9105	1
9106	1
9107	1
9108	0
9109	1
9110	0
9111	0
9112	3
9113	3
9114	0
9115	0
9116	0
9117	1
9118	3
9119	2
9120	0
9121	0
9122	1
9123	0
9124	2
9125	1
9126	0
9127	0
9128	0
9129	0
9130	2
9131	0
9132	0
9133	1
9134	1
9135	0
9136	0
9137	0
9138	2
9139	1
9140	0
9141	0
9142	0
9143	0
9144	2
9145	0
9146	1
9147	1
9148	0
9149	0
9150	1
9151	0
9152	1
9153	0
9154	2
9155	0
9156	0
9157	0
9158	0
9159	0
9160	0
9161	1
9162	3
9163	0
9164	0
9165	1
9166	1
9167	0
9168	2
9169	1
9170	0
9171	1
9172	0
9173	0
9174	0
9175	1
9176	2
9177	0
9178	0
9179	1
9180	0
9181	1
9182	0
9183	2
9184	0
9185	0
9186	0
9187	1
9188	0
9189	1
9190	2
9191	0
9192	0
9193	1
9194	1
9195	2
9196	0
9197	0
9198	0
9199	0
9200	0
9201	1
9202	1
9203	0
9204	0
9205	1
9206	0
9207	0
9208	1
9209	0
9210	1
9211	0
9212	0
9213	0
9214	0
9215	0
9216	0
9217	0
9218	1
9219	0
9220	0
9221	0
9222	1
9223	0
9224	0
9225	0
9226	0
9227	0
9228	1
9229	1
9230	1
9231	1
9232	0
9233	0
9234	0
9235	0
9236	1
9237	0
9238	0
9239	0
9240	1
9241	0
9242	0
9243	1
9244	0
9245	0
9246	1
9247	0
9248	0
9249	0
9250	0
9251	1
9252	0
9253	1
9254	0
9255	0
9256	1
9257	0
9258	0
9259	0
9260	0
9261	0
9262	0
9263	0
9264	0
9265	0
9266	1
9267	0
9268	0
9269	0
9270	0
9271	1
9272	1
9273	2
9274	2
9275	0
9276	0
9277	0
9278	1
9279	3
9280	0
9281	0
9282	0
9283	1
9284	1
9285	0
9286	0
9287	0
9288	0
9289	1
9290	0
9291	0
9292	0
9293	1
9294	1
9295	2
9296	0
9297	1
9298	1
9299	2
9300	1
9301	0
9302	0
9303	0
9304	0
9305	0
9306	1
9307	0
9308	2
9309	0
9310	1
9311	0
9312	0
9313	1
9314	0
9315	1
9316	0
9317	0
9318	0
9319	0
9320	0
9321	0
9322	0
9323	0
9324	0
9325	0
9326	1
9327	0
9328	1
9329	1
9330	0
9331	0
9332	1
9333	0
9334	1
9335	0
9336	1
9337	0
9338	0
9339	1
9340	0
9341	1
9342	0
9343	0
9344	0
9345	0
9346	1
9347	1
9348	0
9349	1
9350	0
9351	1
9352	0
9353	0
9354	2
9355	1
9356	0
9357	0
9358	0
9359	0
9360	0
9361	1
9362	0
9363	0
9364	1
9365	0
9366	0
9367	0
9368	0
9369	0
9370	0
9371	0
9372	0
9373	0
9374	0
9375	0
9376	1
9377	0
9378	1
9379	2
9380	0
9381	1
9382	0
9383	0
9384	2
9385	0
9386	0
9387	1
9388	2
9389	0
9390	0
9391	0
9392	0
9393	0
9394	0
9395	0
9396	0
9397	1
9398	0
9399	1
9400	0
9401	0
9402	0
9403	1
9404	1
9405	2
9406	2
9407	0
9408	1
9409	0
9410	1
9411	0
9412	0
9413	0
9414	0
9415	0
9416	1
9417	2
9418	0
9419	1
9420	0
9421	0
9422	0
9423	0
9424	0
9425	0
9426	0
9427	3
9428	1
9429	0
9430	1
9431	1
9432	2
9433	0
9434	1
9435	0
9436	0
9437	1
9438	1
9439	0
9440	0
9441	0
9442	0
9443	0
9444	0
9445	0
9446	0
9447	0
9448	0
9449	0
9450	0
9451	0
9452	2
9453	0
9454	0
9455	0
9456	0
9457	3
9458	0
9459	0
9460	1
9461	1
9462	1
9463	1
9464	1
9465	1
9466	0
9467	0
9468	0
9469	0
9470	2
9471	1
9472	0
9473	2
9474	1
9475	0
9476	0
9477	1
9478	0
9479	0
9480	0
9481	2
9482	0
9483	0
9484	0
9485	0
9486	2
9487	0
9488	0
9489	0
9490	0
9491	0
9492	0
9493	0
9494	0
9495	1
9496	1
9497	1
9498	1
9499	0
9500	0
9501	1
9502	1
9503	1
9504	0
9505	0
9506	0
9507	0
9508	0
9509	0
9510	0
9511	3
9512	0
9513	1
9514	1
9515	1
9516	0
9517	0
9518	1
9519	1
9520	0
9521	1
9522	0
9523	0
9524	1
9525	1
9526	0
9527	0
9528	3
9529	0
9530	1
9531	0
9532	0
9533	2
9534	0
9535	0
9536	1
9537	1
9538	0
9539	0
9540	1
9541	0
9542	0
9543	0
9544	1
9545	1
9546	0
9547	0
9548	0
9549	1
9550	1
9551	0
9552	1
9553	0
9554	0
9555	0
9556	1
9557	0
9558	0
9559	0
9560	0
9561	0
9562	0
9563	1
9564	0
9565	0
9566	0
9567	1
9568	0
9569	1
9570	0
9571	1
9572	0
9573	1
9574	0
9575	0
9576	0
9577	3
9578	1
9579	0
9580	0
9581	0
9582	2
9583	0
9584	0
9585	0
9586	0
9587	1
9588	1
9589	0
9590	1
9591	0
9592	0
9593	0
9594	0
9595	1
9596	0
9597	0
9598	0
9599	1
9600	0
9601	0
9602	0
9603	0
9604	1
9605	0
9606	0
9607	2
9608	0
9609	0
9610	0
9611	0
9612	0
9613	1
9614	0
9615	0
9616	0
9617	1
9618	1
9619	1
9620	0
9621	0
9622	0
9623	0
9624	2
9625	0
9626	2
9627	0
9628	1
9629	0
9630	1
9631	0
9632	1
9633	0
9634	0
9635	0
9636	0
9637	1
9638	0
9639	0
9640	0
9641	1
9642	0
9643	0
9644	0
9645	0
9646	0
9647	0
9648	0
9649	0
9650	0
9651	0
9652	0
9653	0
9654	0
9655	1
9656	0
9657	0
9658	0
9659	1
9660	0
9661	0
9662	0
9663	0
9664	0
9665	0
9666	0
9667	0
9668	0
9669	0
9670	1
9671	0
9672	0
9673	0
9674	1
9675	0
9676	0
9677	1
9678	0
9679	1
9680	0
9681	0
9682	0
9683	0
9684	1
9685	0
9686	0
9687	1
9688	0
9689	1
9690	0
9691	0
9692	1
9693	0
9694	0
9695	0
9696	0
9697	0
9698	1
9699	1
9700	1
9701	1
9702	0
9703	0
9704	0
9705	1
9706	1
9707	0
9708	0
9709	1
9710	0
9711	0
9712	0
9713	0
9714	0
9715	0
9716	0
9717	0
9718	0
9719	1
9720	0
9721	0
9722	1
9723	0
9724	0
9725	0
9726	0
9727	0
9728	0
9729	0
9730	0
9731	0
9732	0
9733	1
9734	1
9735	0
9736	0
9737	0
9738	0
9739	0
9740	0
9741	1
9742	0
9743	0
9744	0
9745	0
9746	0
9747	1
9748	1
9749	0
9750	0
9751	0
9752	0
9753	0
9754	1
9755	1
9756	1
9757	0
9758	0
9759	0
9760	0
9761	0
9762	1
9763	0
9764	0
9765	0
9766	0
9767	1
9768	0
9769	1
9770	0
9771	0
9772	0
9773	1
9774	0
9775	1
9776	0
9777	1
9778	0
9779	0
9780	0
9781	1
9782	0
9783	0
9784	0
9785	0
9786	0
9787	1
9788	1
9789	0
9790	0
9791	0
9792	0
9793	0
9794	0
9795	1
9796	1
9797	1
9798	0
9799	0
9800	0
9801	0
9802	0
9803	0
9804	0
9805	0
9806	0
9807	1
9808	0
9809	0
9810	0
9811	0
9812	0
9813	2
9814	0
9815	0
9816	0
9817	0
9818	1
9819	1
9820	0
9821	0
9822	1
9823	0
9824	1
9825	0
9826	0
9827	0
9828	0
9829	0
9830	0
9831	0
9832	0
9833	0
9834	0
9835	0
9836	1
9837	0
9838	0
9839	0
9840	0
9841	0
9842	0
9843	0
9844	0
9845	0
9846	1
9847	1
9848	0
9849	0
9850	1
9851	0
9852	1
9853	1
9854	1
9855	0
9856	1
9857	0
9858	1
9859	0
9860	1
9861	0
9862	0
9863	1
9864	0
9865	1
9866	0
9867	0
9868	0
9869	0
9870	0
9871	0
9872	0
9873	1
9874	1
9875	1
9876	1
9877	0
9878	0
9879	0
9880	0
9881	0
9882	0
9883	0
9884	0
9885	0
9886	0
9887	0
9888	1
9889	1
9890	0
9891	0
9892	1
9893	0
9894	0
9895	0
9896	0
9897	0
9898	0
9899	0
9900	0
9901	0
9902	0
9903	0
9904	0
9905	1
9906	0
9907	0
9908	0
9909	0
9910	0
9911	0
9912	1
9913	0
9914	0
9915	0
9916	0
9917	1
9918	0
9919	1
9920	0
9921	1
9922	0
9923	0
9924	0
9925	1
9926	0
9927	0
9928	0
9929	0
9930	1
9931	0
9932	1
9933	1
9934	2
9935	0
9936	0
9937	1
9938	1
9939	0
9940	1
9941	1
9942	1
9943	0
9944	0
9945	0
9946	0
9947	0
9948	0
9949	0
9950	0
9951	0
9952	0
9953	0
9954	0
9955	0
9956	0
9957	0
9958	0
9959	1
9960	0
9961	0
9962	1
9963	0
9964	0
9965	0
9966	0
9967	2
9968	1
9969	0
9970	1
9971	0
9972	0
9973	0
9974	1
9975	1
9976	0
9977	1
9978	0
9979	0
9980	0
9981	0
9982	2
9983	0
9984	0
9985	0
9986	1
9987	0
9988	0
9989	1
9990	0
9991	0
9992	0
9993	0
9994	0
9995	0
9996	1
9997	0
9998	0
9999	2
10000	0
