1	375142413
2	11011071
3	4979328
4	3824795
5	3257488
6	3146499
7	3370270
8	3803858
9	4278686
10	4675504
11	4941497
12	5082024
13	5100955
14	5069229
15	5038294
16	5032021
17	5073483
18	5151548
19	5290573
20	5468678
21	5686463
22	5916959
23	6154508
24	6350179
25	6481410
26	6540632
27	6481566
28	6320120
29	6041438
30	5659030
31	5194632
32	4668273
33	4101532
34	3533904
35	2989110
36	2482023
37	2021749
38	1618245
39	1273096
40	990737
41	758419
42	571842
43	429357
44	320267
45	236766
46	176157
47	133271
48	102927
49	81983
50	66821
51	56575
52	49167
53	44280
54	41140
55	38105
56	36484
57	34641
58	33659
59	32291
60	31042
61	29796
62	28939
63	27322
64	26028
65	25190
66	24225
67	23354
68	21939
69	20634
70	19350
71	18387
72	17504
73	16816
74	15938
75	15314
76	14793
77	13695
78	13416
79	12758
80	12241
81	11858
82	11273
83	10979
84	10818
85	10390
86	10100
87	9685
88	9673
89	9461
90	9215
91	8928
92	8653
93	8486
94	8306
95	8051
96	7752
97	7642
98	7443
99	7258
100	7089
101	6811
102	6607
103	6275
104	6195
105	6005
106	5982
107	5962
108	5936
109	5778
110	5814
111	5764
112	5595
113	5360
114	5355
115	5277
116	4904
117	4920
118	4928
119	4797
120	4544
121	4521
122	4529
123	4355
124	4364
125	4166
126	4242
127	4143
128	4139
129	4077
130	3857
131	3829
132	3796
133	3809
134	3637
135	3415
136	3343
137	3317
138	3346
139	3153
140	3106
141	3020
142	3059
143	2942
144	3030
145	2928
146	2940
147	2894
148	2837
149	2765
150	2773
151	2671
152	2665
153	2723
154	2611
155	2664
156	2583
157	2556
158	2516
159	2492
160	2347
161	2341
162	2358
163	2353
164	2249
165	2276
166	2308
167	2197
168	2231
169	2280
170	2205
171	2135
172	2054
173	2112
174	2108
175	2045
176	2021
177	2042
178	2034
179	1956
180	1867
181	1828
182	1766
183	1853
184	1834
185	1822
186	1731
187	1769
188	1700
189	1725
190	1654
191	1589
192	1563
193	1585
194	1499
195	1473
196	1563
197	1497
198	1428
199	1504
200	1430
201	1406
202	1433
203	1392
204	1380
205	1383
206	1243
207	1284
208	1213
209	1208
210	1247
211	1250
212	1177
213	1173
214	1198
215	1176
216	1160
217	1176
218	1147
219	1110
220	1140
221	1129
222	1051
223	1035
224	1003
225	1001
226	960
227	999
228	1028
229	966
230	1008
231	968
232	968
233	963
234	936
235	922
236	941
237	946
238	943
239	917
240	919
241	889
242	887
243	887
244	881
245	887
246	891
247	890
248	901
249	895
250	871
251	860
252	848
253	886
254	834
255	837
256	760
257	845
258	802
259	827
260	824
261	815
262	806
263	775
264	809
265	734
266	697
267	775
268	748
269	735
270	731
271	689
272	718
273	735
274	740
275	687
276	723
277	708
278	718
279	697
280	709
281	634
282	656
283	605
284	639
285	675
286	616
287	648
288	598
289	661
290	614
291	629
292	630
293	569
294	626
295	595
296	592
297	637
298	622
299	624
300	582
301	587
302	570
303	549
304	557
305	527
306	532
307	524
308	506
309	519
310	519
311	470
312	479
313	498
314	507
315	523
316	468
317	508
318	506
319	464
320	475
321	495
322	523
323	469
324	478
325	491
326	466
327	479
328	453
329	498
330	429
331	480
332	475
333	504
334	460
335	469
336	443
337	425
338	414
339	434
340	430
341	419
342	407
343	418
344	393
345	448
346	404
347	435
348	427
349	418
350	429
351	417
352	401
353	394
354	411
355	402
356	402
357	411
358	381
359	405
360	375
361	359
362	395
363	385
364	411
365	409
366	352
367	339
368	338
369	395
370	360
371	385
372	367
373	371
374	360
375	371
376	327
377	340
378	354
379	324
380	336
381	340
382	326
383	336
384	296
385	329
386	307
387	299
388	293
389	285
390	329
391	312
392	298
393	330
394	296
395	336
396	301
397	308
398	290
399	315
400	300
401	272
402	295
403	297
404	284
405	289
406	301
407	289
408	301
409	295
410	310
411	288
412	285
413	272
414	313
415	297
416	290
417	299
418	292
419	297
420	300
421	262
422	278
423	279
424	284
425	294
426	317
427	299
428	292
429	306
430	295
431	254
432	288
433	280
434	300
435	286
436	259
437	257
438	280
439	267
440	272
441	269
442	280
443	250
444	273
445	247
446	234
447	237
448	262
449	246
450	210
451	253
452	256
453	242
454	250
455	221
456	229
457	268
458	269
459	246
460	273
461	259
462	248
463	255
464	210
465	261
466	210
467	229
468	214
469	225
470	233
471	205
472	240
473	243
474	213
475	223
476	210
477	220
478	222
479	238
480	218
481	234
482	249
483	233
484	224
485	219
486	215
487	222
488	235
489	208
490	241
491	230
492	214
493	250
494	222
495	239
496	204
497	221
498	218
499	231
500	198
501	221
502	200
503	222
504	228
505	217
506	201
507	201
508	196
509	208
510	202
511	217
512	221
513	215
514	197
515	181
516	176
517	196
518	217
519	181
520	185
521	176
522	172
523	167
524	189
525	184
526	160
527	169
528	162
529	161
530	185
531	158
532	175
533	158
534	150
535	165
536	160
537	166
538	147
539	154
540	155
541	141
542	136
543	154
544	154
545	169
546	127
547	164
548	159
549	188
550	140
551	146
552	163
553	155
554	145
555	154
556	161
557	147
558	168
559	157
560	167
561	153
562	174
563	152
564	165
565	157
566	147
567	159
568	126
569	157
570	153
571	158
572	145
573	143
574	137
575	148
576	139
577	132
578	134
579	132
580	136
581	142
582	148
583	158
584	133
585	129
586	128
587	145
588	166
589	143
590	129
591	143
592	147
593	157
594	131
595	130
596	141
597	144
598	134
599	115
600	129
601	138
602	115
603	118
604	150
605	133
606	142
607	107
608	125
609	136
610	133
611	136
612	123
613	120
614	119
615	120
616	141
617	135
618	109
619	150
620	147
621	139
622	126
623	130
624	126
625	139
626	115
627	111
628	123
629	141
630	131
631	113
632	129
633	117
634	121
635	108
636	139
637	104
638	133
639	136
640	136
641	113
642	107
643	103
644	113
645	110
646	108
647	118
648	109
649	97
650	105
651	99
652	90
653	100
654	104
655	101
656	104
657	120
658	94
659	89
660	94
661	98
662	95
663	102
664	100
665	116
666	106
667	109
668	92
669	84
670	81
671	94
672	109
673	99
674	101
675	98
676	108
677	94
678	99
679	113
680	99
681	106
682	98
683	95
684	89
685	101
686	84
687	98
688	85
689	103
690	98
691	87
692	99
693	85
694	106
695	106
696	91
697	96
698	83
699	100
700	88
701	89
702	83
703	91
704	89
705	107
706	93
707	93
708	84
709	87
710	88
711	95
712	87
713	93
714	97
715	90
716	86
717	91
718	93
719	79
720	75
721	90
722	81
723	95
724	97
725	72
726	79
727	91
728	83
729	79
730	81
731	86
732	89
733	63
734	79
735	86
736	81
737	81
738	73
739	74
740	101
741	95
742	102
743	97
744	73
745	89
746	98
747	85
748	87
749	111
750	81
751	77
752	77
753	69
754	86
755	72
756	80
757	99
758	85
759	62
760	79
761	74
762	90
763	83
764	86
765	68
766	94
767	82
768	89
769	87
770	73
771	75
772	87
773	95
774	63
775	88
776	82
777	80
778	76
779	85
780	90
781	71
782	87
783	93
784	87
785	79
786	72
787	73
788	67
789	71
790	69
791	88
792	75
793	72
794	88
795	92
796	77
797	97
798	79
799	69
800	92
801	67
802	82
803	70
804	77
805	81
806	77
807	78
808	69
809	77
810	69
811	85
812	80
813	71
814	87
815	64
816	71
817	80
818	75
819	65
820	73
821	72
822	96
823	95
824	93
825	74
826	90
827	77
828	89
829	91
830	84
831	71
832	64
833	68
834	75
835	81
836	81
837	71
838	63
839	84
840	86
841	80
842	74
843	74
844	82
845	82
846	80
847	82
848	96
849	89
850	82
851	81
852	102
853	94
854	83
855	88
856	84
857	92
858	72
859	90
860	80
861	104
862	81
863	94
864	80
865	81
866	74
867	85
868	96
869	93
870	87
871	86
872	67
873	97
874	75
875	54
876	72
877	70
878	73
879	73
880	69
881	75
882	71
883	104
884	76
885	85
886	67
887	66
888	98
889	90
890	83
891	87
892	71
893	77
894	80
895	74
896	79
897	72
898	63
899	74
900	70
901	74
902	83
903	89
904	66
905	72
906	67
907	81
908	76
909	62
910	66
911	71
912	67
913	85
914	65
915	72
916	81
917	71
918	70
919	84
920	66
921	69
922	75
923	71
924	66
925	60
926	72
927	63
928	71
929	80
930	59
931	54
932	53
933	59
934	56
935	71
936	71
937	60
938	66
939	66
940	65
941	52
942	65
943	60
944	71
945	66
946	62
947	52
948	51
949	50
950	71
951	59
952	70
953	56
954	59
955	60
956	63
957	62
958	68
959	54
960	59
961	67
962	56
963	50
964	56
965	54
966	60
967	54
968	53
969	56
970	73
971	61
972	55
973	61
974	49
975	74
976	56
977	53
978	68
979	60
980	58
981	65
982	52
983	69
984	56
985	49
986	60
987	65
988	66
989	70
990	64
991	56
992	56
993	65
994	55
995	66
996	51
997	52
998	58
999	59
1000	54
1001	50
1002	66
1003	55
1004	55
1005	56
1006	47
1007	40
1008	53
1009	40
1010	56
1011	68
1012	54
1013	66
1014	52
1015	50
1016	46
1017	56
1018	36
1019	44
1020	39
1021	43
1022	36
1023	39
1024	38
1025	54
1026	51
1027	47
1028	47
1029	56
1030	56
1031	52
1032	39
1033	47
1034	43
1035	47
1036	39
1037	48
1038	49
1039	34
1040	36
1041	46
1042	33
1043	42
1044	39
1045	36
1046	43
1047	38
1048	37
1049	49
1050	34
1051	48
1052	37
1053	36
1054	38
1055	29
1056	43
1057	48
1058	42
1059	35
1060	46
1061	45
1062	46
1063	29
1064	44
1065	47
1066	39
1067	45
1068	36
1069	40
1070	40
1071	49
1072	43
1073	43
1074	52
1075	37
1076	47
1077	35
1078	32
1079	33
1080	32
1081	35
1082	41
1083	32
1084	33
1085	40
1086	34
1087	31
1088	40
1089	45
1090	40
1091	40
1092	42
1093	38
1094	34
1095	35
1096	41
1097	37
1098	43
1099	31
1100	43
1101	37
1102	27
1103	41
1104	37
1105	31
1106	35
1107	30
1108	40
1109	31
1110	28
1111	38
1112	38
1113	33
1114	46
1115	34
1116	31
1117	35
1118	39
1119	31
1120	30
1121	32
1122	31
1123	36
1124	34
1125	35
1126	36
1127	37
1128	22
1129	32
1130	31
1131	34
1132	38
1133	38
1134	41
1135	33
1136	37
1137	29
1138	33
1139	37
1140	37
1141	34
1142	47
1143	34
1144	23
1145	38
1146	33
1147	39
1148	30
1149	42
1150	44
1151	33
1152	37
1153	36
1154	36
1155	35
1156	31
1157	33
1158	33
1159	45
1160	50
1161	29
1162	34
1163	32
1164	44
1165	35
1166	42
1167	38
1168	28
1169	31
1170	39
1171	35
1172	41
1173	32
1174	36
1175	36
1176	27
1177	37
1178	34
1179	41
1180	36
1181	32
1182	36
1183	26
1184	32
1185	36
1186	31
1187	33
1188	36
1189	32
1190	34
1191	37
1192	32
1193	28
1194	40
1195	24
1196	30
1197	29
1198	21
1199	27
1200	28
1201	32
1202	32
1203	21
1204	25
1205	36
1206	47
1207	42
1208	41
1209	35
1210	31
1211	28
1212	20
1213	31
1214	35
1215	28
1216	35
1217	23
1218	27
1219	25
1220	29
1221	32
1222	36
1223	37
1224	40
1225	30
1226	36
1227	33
1228	34
1229	25
1230	33
1231	23
1232	36
1233	24
1234	21
1235	30
1236	21
1237	33
1238	36
1239	37
1240	30
1241	32
1242	30
1243	28
1244	30
1245	30
1246	31
1247	35
1248	23
1249	43
1250	27
1251	30
1252	22
1253	25
1254	27
1255	30
1256	35
1257	44
1258	21
1259	23
1260	32
1261	27
1262	23
1263	25
1264	26
1265	32
1266	30
1267	25
1268	27
1269	24
1270	32
1271	28
1272	27
1273	20
1274	31
1275	34
1276	31
1277	28
1278	27
1279	31
1280	28
1281	26
1282	28
1283	34
1284	33
1285	31
1286	36
1287	18
1288	29
1289	23
1290	23
1291	19
1292	15
1293	22
1294	27
1295	20
1296	26
1297	23
1298	18
1299	28
1300	25
1301	15
1302	21
1303	31
1304	25
1305	21
1306	24
1307	31
1308	26
1309	20
1310	16
1311	32
1312	30
1313	29
1314	21
1315	25
1316	27
1317	27
1318	29
1319	42
1320	22
1321	24
1322	23
1323	17
1324	17
1325	21
1326	29
1327	30
1328	24
1329	26
1330	27
1331	20
1332	36
1333	23
1334	29
1335	23
1336	22
1337	24
1338	28
1339	35
1340	33
1341	24
1342	29
1343	27
1344	28
1345	25
1346	26
1347	32
1348	18
1349	27
1350	21
1351	27
1352	30
1353	32
1354	26
1355	20
1356	16
1357	17
1358	21
1359	21
1360	27
1361	32
1362	27
1363	25
1364	27
1365	30
1366	28
1367	24
1368	22
1369	32
1370	31
1371	27
1372	28
1373	23
1374	28
1375	25
1376	23
1377	24
1378	33
1379	24
1380	22
1381	31
1382	31
1383	28
1384	30
1385	21
1386	36
1387	22
1388	27
1389	38
1390	38
1391	25
1392	23
1393	34
1394	26
1395	23
1396	16
1397	34
1398	30
1399	35
1400	35
1401	29
1402	34
1403	37
1404	28
1405	25
1406	29
1407	38
1408	28
1409	22
1410	36
1411	27
1412	28
1413	25
1414	22
1415	22
1416	16
1417	30
1418	28
1419	21
1420	22
1421	21
1422	18
1423	23
1424	26
1425	19
1426	21
1427	22
1428	15
1429	18
1430	13
1431	28
1432	19
1433	13
1434	27
1435	28
1436	29
1437	16
1438	23
1439	34
1440	25
1441	27
1442	24
1443	31
1444	24
1445	24
1446	23
1447	23
1448	30
1449	39
1450	21
1451	16
1452	28
1453	30
1454	24
1455	21
1456	23
1457	26
1458	18
1459	17
1460	21
1461	19
1462	23
1463	18
1464	22
1465	28
1466	21
1467	21
1468	28
1469	28
1470	29
1471	24
1472	23
1473	18
1474	23
1475	32
1476	19
1477	23
1478	18
1479	13
1480	19
1481	21
1482	17
1483	31
1484	16
1485	18
1486	22
1487	23
1488	26
1489	26
1490	13
1491	31
1492	20
1493	16
1494	12
1495	18
1496	24
1497	14
1498	24
1499	20
1500	24
1501	24
1502	22
1503	29
1504	20
1505	18
1506	17
1507	24
1508	30
1509	18
1510	22
1511	27
1512	29
1513	21
1514	40
1515	20
1516	19
1517	17
1518	20
1519	23
1520	22
1521	25
1522	28
1523	28
1524	22
1525	28
1526	16
1527	19
1528	17
1529	17
1530	22
1531	22
1532	23
1533	19
1534	20
1535	26
1536	26
1537	23
1538	21
1539	13
1540	16
1541	21
1542	22
1543	21
1544	17
1545	22
1546	21
1547	26
1548	19
1549	23
1550	22
1551	29
1552	24
1553	20
1554	21
1555	18
1556	19
1557	22
1558	24
1559	16
1560	29
1561	18
1562	13
1563	13
1564	25
1565	20
1566	24
1567	29
1568	26
1569	29
1570	19
1571	22
1572	25
1573	24
1574	18
1575	20
1576	22
1577	24
1578	20
1579	31
1580	16
1581	25
1582	39
1583	20
1584	29
1585	24
1586	15
1587	26
1588	28
1589	26
1590	19
1591	24
1592	22
1593	20
1594	21
1595	35
1596	20
1597	16
1598	23
1599	21
1600	21
1601	21
1602	27
1603	22
1604	21
1605	21
1606	24
1607	26
1608	26
1609	19
1610	14
1611	18
1612	26
1613	21
1614	25
1615	22
1616	27
1617	27
1618	25
1619	30
1620	30
1621	27
1622	20
1623	17
1624	25
1625	16
1626	26
1627	22
1628	16
1629	24
1630	19
1631	19
1632	32
1633	19
1634	18
1635	11
1636	18
1637	21
1638	20
1639	18
1640	16
1641	23
1642	16
1643	25
1644	18
1645	22
1646	23
1647	26
1648	31
1649	22
1650	29
1651	28
1652	32
1653	18
1654	28
1655	19
1656	30
1657	31
1658	22
1659	10
1660	33
1661	20
1662	25
1663	39
1664	27
1665	35
1666	20
1667	24
1668	25
1669	29
1670	10
1671	31
1672	25
1673	30
1674	34
1675	19
1676	23
1677	21
1678	23
1679	25
1680	28
1681	25
1682	25
1683	19
1684	19
1685	20
1686	25
1687	22
1688	14
1689	28
1690	18
1691	20
1692	24
1693	25
1694	23
1695	24
1696	31
1697	31
1698	24
1699	24
1700	32
1701	19
1702	27
1703	31
1704	26
1705	19
1706	25
1707	35
1708	24
1709	25
1710	34
1711	28
1712	28
1713	21
1714	18
1715	29
1716	35
1717	26
1718	16
1719	28
1720	18
1721	30
1722	30
1723	23
1724	29
1725	23
1726	29
1727	19
1728	17
1729	25
1730	21
1731	22
1732	22
1733	19
1734	24
1735	19
1736	24
1737	27
1738	24
1739	25
1740	18
1741	22
1742	19
1743	21
1744	18
1745	19
1746	21
1747	19
1748	19
1749	23
1750	13
1751	21
1752	20
1753	27
1754	14
1755	16
1756	15
1757	19
1758	16
1759	17
1760	21
1761	14
1762	25
1763	33
1764	20
1765	15
1766	20
1767	18
1768	18
1769	11
1770	19
1771	25
1772	18
1773	20
1774	27
1775	27
1776	26
1777	17
1778	18
1779	19
1780	21
1781	23
1782	29
1783	20
1784	17
1785	24
1786	24
1787	16
1788	15
1789	15
1790	23
1791	28
1792	27
1793	23
1794	11
1795	27
1796	13
1797	23
1798	25
1799	25
1800	18
1801	28
1802	23
1803	26
1804	30
1805	19
1806	18
1807	21
1808	18
1809	17
1810	18
1811	30
1812	23
1813	26
1814	18
1815	24
1816	21
1817	23
1818	29
1819	22
1820	13
1821	30
1822	22
1823	23
1824	13
1825	23
1826	20
1827	31
1828	21
1829	28
1830	14
1831	25
1832	22
1833	25
1834	16
1835	22
1836	28
1837	16
1838	19
1839	13
1840	20
1841	22
1842	22
1843	26
1844	29
1845	16
1846	31
1847	31
1848	27
1849	27
1850	33
1851	30
1852	28
1853	30
1854	30
1855	31
1856	36
1857	32
1858	34
1859	24
1860	31
1861	21
1862	15
1863	27
1864	24
1865	24
1866	28
1867	22
1868	17
1869	30
1870	31
1871	21
1872	25
1873	21
1874	28
1875	27
1876	24
1877	29
1878	23
1879	23
1880	26
1881	40
1882	19
1883	23
1884	19
1885	22
1886	19
1887	16
1888	29
1889	21
1890	28
1891	24
1892	23
1893	16
1894	20
1895	18
1896	26
1897	27
1898	21
1899	18
1900	16
1901	22
1902	22
1903	24
1904	18
1905	19
1906	25
1907	24
1908	22
1909	24
1910	26
1911	27
1912	23
1913	20
1914	25
1915	25
1916	29
1917	20
1918	28
1919	27
1920	27
1921	18
1922	27
1923	22
1924	28
1925	23
1926	30
1927	22
1928	19
1929	28
1930	27
1931	26
1932	26
1933	32
1934	18
1935	28
1936	33
1937	23
1938	27
1939	35
1940	27
1941	22
1942	23
1943	29
1944	29
1945	27
1946	19
1947	22
1948	20
1949	22
1950	25
1951	24
1952	17
1953	26
1954	28
1955	33
1956	24
1957	21
1958	20
1959	18
1960	30
1961	24
1962	18
1963	21
1964	28
1965	18
1966	24
1967	25
1968	25
1969	33
1970	31
1971	29
1972	23
1973	20
1974	39
1975	29
1976	31
1977	29
1978	18
1979	30
1980	34
1981	28
1982	25
1983	25
1984	22
1985	21
1986	37
1987	26
1988	26
1989	17
1990	21
1991	29
1992	23
1993	12
1994	30
1995	23
1996	22
1997	27
1998	26
1999	21
2000	17
2001	24
2002	25
2003	24
2004	17
2005	25
2006	17
2007	31
2008	15
2009	21
2010	16
2011	21
2012	20
2013	24
2014	22
2015	18
2016	19
2017	24
2018	18
2019	22
2020	28
2021	14
2022	23
2023	14
2024	19
2025	16
2026	25
2027	23
2028	17
2029	15
2030	17
2031	16
2032	25
2033	17
2034	20
2035	18
2036	26
2037	26
2038	26
2039	18
2040	34
2041	23
2042	17
2043	26
2044	20
2045	21
2046	18
2047	27
2048	23
2049	16
2050	25
2051	22
2052	15
2053	21
2054	27
2055	22
2056	15
2057	18
2058	25
2059	23
2060	10
2061	22
2062	17
2063	30
2064	20
2065	17
2066	24
2067	17
2068	20
2069	21
2070	19
2071	18
2072	17
2073	25
2074	17
2075	19
2076	18
2077	22
2078	21
2079	13
2080	12
2081	19
2082	22
2083	18
2084	20
2085	19
2086	14
2087	25
2088	16
2089	23
2090	27
2091	14
2092	26
2093	18
2094	17
2095	14
2096	11
2097	14
2098	20
2099	22
2100	20
2101	19
2102	25
2103	20
2104	10
2105	21
2106	10
2107	16
2108	22
2109	11
2110	14
2111	14
2112	14
2113	18
2114	13
2115	11
2116	15
2117	21
2118	19
2119	12
2120	18
2121	9
2122	23
2123	16
2124	14
2125	19
2126	28
2127	15
2128	20
2129	25
2130	17
2131	24
2132	20
2133	19
2134	8
2135	27
2136	17
2137	20
2138	11
2139	19
2140	16
2141	17
2142	20
2143	30
2144	19
2145	23
2146	21
2147	23
2148	13
2149	23
2150	17
2151	22
2152	19
2153	22
2154	29
2155	18
2156	13
2157	24
2158	17
2159	15
2160	12
2161	16
2162	14
2163	11
2164	18
2165	19
2166	18
2167	17
2168	17
2169	11
2170	9
2171	11
2172	27
2173	17
2174	10
2175	20
2176	21
2177	20
2178	10
2179	15
2180	18
2181	19
2182	16
2183	17
2184	10
2185	17
2186	28
2187	28
2188	14
2189	12
2190	14
2191	20
2192	12
2193	15
2194	20
2195	16
2196	17
2197	17
2198	14
2199	13
2200	12
2201	19
2202	15
2203	15
2204	20
2205	22
2206	15
2207	16
2208	15
2209	20
2210	15
2211	24
2212	17
2213	16
2214	12
2215	15
2216	12
2217	24
2218	20
2219	14
2220	18
2221	18
2222	19
2223	17
2224	12
2225	21
2226	15
2227	18
2228	21
2229	23
2230	25
2231	17
2232	20
2233	20
2234	23
2235	28
2236	16
2237	14
2238	20
2239	22
2240	20
2241	16
2242	19
2243	18
2244	22
2245	17
2246	18
2247	22
2248	25
2249	20
2250	18
2251	18
2252	20
2253	18
2254	21
2255	20
2256	9
2257	15
2258	16
2259	15
2260	27
2261	22
2262	18
2263	22
2264	22
2265	15
2266	12
2267	11
2268	21
2269	23
2270	11
2271	15
2272	16
2273	22
2274	23
2275	18
2276	26
2277	22
2278	23
2279	19
2280	27
2281	27
2282	23
2283	30
2284	18
2285	21
2286	18
2287	26
2288	13
2289	22
2290	17
2291	17
2292	25
2293	27
2294	23
2295	19
2296	27
2297	22
2298	19
2299	21
2300	22
2301	25
2302	19
2303	28
2304	20
2305	21
2306	12
2307	16
2308	17
2309	20
2310	14
2311	12
2312	20
2313	24
2314	26
2315	18
2316	18
2317	23
2318	15
2319	18
2320	19
2321	22
2322	24
2323	18
2324	12
2325	28
2326	18
2327	17
2328	19
2329	21
2330	28
2331	17
2332	24
2333	25
2334	19
2335	19
2336	27
2337	23
2338	25
2339	13
2340	22
2341	22
2342	22
2343	25
2344	26
2345	33
2346	22
2347	17
2348	25
2349	24
2350	27
2351	27
2352	17
2353	26
2354	25
2355	20
2356	27
2357	35
2358	21
2359	28
2360	29
2361	24
2362	20
2363	29
2364	21
2365	25
2366	25
2367	24
2368	21
2369	16
2370	27
2371	23
2372	25
2373	22
2374	27
2375	32
2376	32
2377	21
2378	24
2379	22
2380	17
2381	18
2382	22
2383	15
2384	23
2385	26
2386	31
2387	24
2388	15
2389	20
2390	21
2391	19
2392	15
2393	28
2394	26
2395	19
2396	13
2397	14
2398	23
2399	16
2400	19
2401	23
2402	14
2403	17
2404	18
2405	25
2406	12
2407	21
2408	17
2409	23
2410	11
2411	21
2412	17
2413	19
2414	17
2415	32
2416	23
2417	31
2418	16
2419	26
2420	18
2421	21
2422	21
2423	24
2424	26
2425	16
2426	16
2427	25
2428	20
2429	21
2430	18
2431	18
2432	17
2433	17
2434	20
2435	16
2436	13
2437	19
2438	20
2439	20
2440	25
2441	15
2442	22
2443	25
2444	23
2445	9
2446	27
2447	19
2448	16
2449	25
2450	17
2451	22
2452	32
2453	23
2454	33
2455	21
2456	22
2457	21
2458	20
2459	28
2460	18
2461	18
2462	17
2463	28
2464	15
2465	24
2466	32
2467	22
2468	21
2469	19
2470	19
2471	31
2472	28
2473	25
2474	16
2475	17
2476	24
2477	19
2478	28
2479	23
2480	14
2481	27
2482	13
2483	24
2484	22
2485	20
2486	30
2487	23
2488	24
2489	23
2490	22
2491	12
2492	21
2493	27
2494	23
2495	30
2496	27
2497	30
2498	21
2499	28
2500	21
2501	24
2502	15
2503	33
2504	29
2505	20
2506	21
2507	27
2508	34
2509	29
2510	27
2511	17
2512	22
2513	19
2514	21
2515	27
2516	24
2517	21
2518	27
2519	20
2520	21
2521	17
2522	19
2523	22
2524	37
2525	26
2526	20
2527	18
2528	29
2529	17
2530	18
2531	33
2532	23
2533	27
2534	19
2535	14
2536	22
2537	17
2538	24
2539	18
2540	23
2541	22
2542	18
2543	15
2544	35
2545	20
2546	23
2547	18
2548	19
2549	20
2550	19
2551	24
2552	32
2553	24
2554	24
2555	18
2556	27
2557	22
2558	16
2559	22
2560	28
2561	22
2562	16
2563	18
2564	18
2565	29
2566	20
2567	26
2568	24
2569	23
2570	23
2571	26
2572	27
2573	34
2574	18
2575	24
2576	23
2577	25
2578	30
2579	19
2580	26
2581	22
2582	22
2583	14
2584	25
2585	20
2586	24
2587	16
2588	20
2589	15
2590	26
2591	23
2592	24
2593	17
2594	18
2595	25
2596	21
2597	16
2598	28
2599	16
2600	20
2601	21
2602	16
2603	17
2604	20
2605	20
2606	16
2607	18
2608	9
2609	21
2610	12
2611	14
2612	24
2613	17
2614	23
2615	19
2616	17
2617	16
2618	21
2619	23
2620	20
2621	24
2622	33
2623	17
2624	21
2625	28
2626	15
2627	23
2628	28
2629	20
2630	11
2631	21
2632	19
2633	25
2634	13
2635	24
2636	28
2637	22
2638	22
2639	22
2640	17
2641	16
2642	22
2643	15
2644	20
2645	24
2646	14
2647	13
2648	16
2649	24
2650	13
2651	18
2652	17
2653	15
2654	17
2655	12
2656	19
2657	16
2658	17
2659	20
2660	15
2661	13
2662	18
2663	14
2664	16
2665	19
2666	14
2667	23
2668	14
2669	16
2670	24
2671	17
2672	21
2673	15
2674	16
2675	23
2676	13
2677	16
2678	21
2679	13
2680	13
2681	16
2682	15
2683	15
2684	25
2685	15
2686	20
2687	15
2688	16
2689	18
2690	18
2691	13
2692	16
2693	13
2694	18
2695	18
2696	18
2697	16
2698	18
2699	18
2700	11
2701	13
2702	17
2703	15
2704	13
2705	12
2706	16
2707	16
2708	12
2709	13
2710	6
2711	20
2712	16
2713	15
2714	12
2715	13
2716	13
2717	14
2718	7
2719	13
2720	15
2721	23
2722	11
2723	12
2724	11
2725	14
2726	12
2727	20
2728	14
2729	9
2730	12
2731	16
2732	14
2733	11
2734	16
2735	10
2736	12
2737	19
2738	15
2739	22
2740	14
2741	8
2742	14
2743	12
2744	15
2745	16
2746	19
2747	16
2748	18
2749	14
2750	8
2751	16
2752	16
2753	10
2754	11
2755	9
2756	17
2757	8
2758	12
2759	11
2760	19
2761	14
2762	16
2763	8
2764	15
2765	24
2766	14
2767	10
2768	8
2769	10
2770	19
2771	17
2772	16
2773	18
2774	19
2775	20
2776	10
2777	17
2778	24
2779	18
2780	13
2781	14
2782	17
2783	20
2784	19
2785	11
2786	10
2787	14
2788	18
2789	18
2790	22
2791	17
2792	12
2793	17
2794	16
2795	16
2796	14
2797	14
2798	15
2799	10
2800	24
2801	14
2802	13
2803	10
2804	11
2805	23
2806	14
2807	21
2808	15
2809	7
2810	15
2811	11
2812	13
2813	12
2814	17
2815	12
2816	13
2817	10
2818	16
2819	8
2820	12
2821	13
2822	14
2823	8
2824	11
2825	18
2826	12
2827	10
2828	14
2829	11
2830	13
2831	14
2832	9
2833	11
2834	8
2835	13
2836	8
2837	15
2838	11
2839	11
2840	9
2841	10
2842	16
2843	12
2844	14
2845	15
2846	18
2847	18
2848	11
2849	21
2850	15
2851	14
2852	9
2853	20
2854	13
2855	10
2856	14
2857	11
2858	9
2859	16
2860	9
2861	10
2862	9
2863	15
2864	18
2865	22
2866	10
2867	12
2868	12
2869	16
2870	14
2871	17
2872	13
2873	14
2874	13
2875	9
2876	9
2877	15
2878	9
2879	14
2880	6
2881	12
2882	11
2883	11
2884	17
2885	12
2886	11
2887	14
2888	14
2889	15
2890	18
2891	13
2892	11
2893	9
2894	10
2895	19
2896	14
2897	10
2898	12
2899	16
2900	20
2901	11
2902	12
2903	13
2904	15
2905	12
2906	12
2907	17
2908	13
2909	9
2910	10
2911	9
2912	17
2913	12
2914	18
2915	9
2916	12
2917	10
2918	11
2919	16
2920	16
2921	13
2922	14
2923	9
2924	11
2925	18
2926	11
2927	14
2928	8
2929	13
2930	15
2931	19
2932	11
2933	14
2934	11
2935	11
2936	11
2937	11
2938	13
2939	11
2940	16
2941	13
2942	10
2943	6
2944	4
2945	13
2946	8
2947	10
2948	6
2949	14
2950	11
2951	8
2952	7
2953	7
2954	7
2955	10
2956	11
2957	2
2958	13
2959	7
2960	17
2961	11
2962	11
2963	9
2964	10
2965	12
2966	13
2967	17
2968	13
2969	11
2970	9
2971	13
2972	15
2973	14
2974	13
2975	11
2976	10
2977	15
2978	8
2979	12
2980	15
2981	15
2982	11
2983	11
2984	13
2985	13
2986	9
2987	8
2988	13
2989	13
2990	9
2991	10
2992	11
2993	18
2994	8
2995	7
2996	8
2997	14
2998	17
2999	15
3000	15
3001	14
3002	13
3003	11
3004	15
3005	20
3006	12
3007	11
3008	17
3009	18
3010	24
3011	23
3012	15
3013	17
3014	12
3015	14
3016	8
3017	11
3018	13
3019	18
3020	10
3021	19
3022	14
3023	8
3024	9
3025	16
3026	9
3027	10
3028	5
3029	13
3030	11
3031	13
3032	10
3033	16
3034	17
3035	15
3036	24
3037	20
3038	15
3039	11
3040	11
3041	14
3042	18
3043	11
3044	14
3045	16
3046	12
3047	10
3048	17
3049	15
3050	10
3051	13
3052	8
3053	14
3054	19
3055	14
3056	13
3057	14
3058	18
3059	17
3060	14
3061	17
3062	11
3063	21
3064	16
3065	23
3066	13
3067	14
3068	12
3069	16
3070	17
3071	10
3072	18
3073	11
3074	18
3075	16
3076	11
3077	17
3078	6
3079	14
3080	16
3081	14
3082	9
3083	8
3084	11
3085	9
3086	13
3087	10
3088	19
3089	10
3090	11
3091	9
3092	16
3093	13
3094	11
3095	9
3096	11
3097	10
3098	13
3099	10
3100	7
3101	15
3102	12
3103	8
3104	21
3105	12
3106	8
3107	13
3108	14
3109	9
3110	14
3111	10
3112	17
3113	15
3114	14
3115	17
3116	12
3117	9
3118	13
3119	11
3120	10
3121	11
3122	13
3123	8
3124	11
3125	13
3126	13
3127	5
3128	16
3129	9
3130	13
3131	11
3132	9
3133	11
3134	11
3135	10
3136	15
3137	13
3138	10
3139	15
3140	10
3141	13
3142	10
3143	16
3144	14
3145	15
3146	20
3147	11
3148	10
3149	7
3150	12
3151	10
3152	11
3153	9
3154	14
3155	13
3156	12
3157	26
3158	9
3159	8
3160	18
3161	17
3162	13
3163	17
3164	11
3165	16
3166	12
3167	17
3168	12
3169	15
3170	15
3171	10
3172	16
3173	10
3174	16
3175	11
3176	13
3177	12
3178	8
3179	15
3180	14
3181	4
3182	15
3183	11
3184	10
3185	17
3186	6
3187	15
3188	16
3189	12
3190	12
3191	12
3192	15
3193	11
3194	14
3195	14
3196	12
3197	15
3198	17
3199	11
3200	16
3201	16
3202	12
3203	10
3204	8
3205	16
3206	12
3207	13
3208	20
3209	12
3210	12
3211	13
3212	12
3213	17
3214	22
3215	11
3216	8
3217	16
3218	19
3219	13
3220	22
3221	5
3222	13
3223	13
3224	9
3225	16
3226	15
3227	17
3228	14
3229	10
3230	13
3231	11
3232	18
3233	18
3234	16
3235	17
3236	21
3237	20
3238	18
3239	9
3240	17
3241	13
3242	18
3243	10
3244	14
3245	7
3246	10
3247	9
3248	9
3249	15
3250	18
3251	15
3252	13
3253	16
3254	17
3255	13
3256	8
3257	16
3258	10
3259	14
3260	6
3261	17
3262	13
3263	14
3264	13
3265	6
3266	12
3267	11
3268	12
3269	13
3270	12
3271	11
3272	12
3273	8
3274	14
3275	10
3276	8
3277	8
3278	11
3279	8
3280	12
3281	10
3282	8
3283	14
3284	3
3285	8
3286	8
3287	17
3288	13
3289	11
3290	11
3291	9
3292	8
3293	10
3294	9
3295	11
3296	5
3297	9
3298	9
3299	8
3300	11
3301	15
3302	12
3303	14
3304	6
3305	13
3306	5
3307	12
3308	6
3309	6
3310	4
3311	7
3312	9
3313	11
3314	10
3315	8
3316	5
3317	4
3318	11
3319	9
3320	9
3321	12
3322	15
3323	8
3324	8
3325	7
3326	11
3327	20
3328	12
3329	11
3330	7
3331	9
3332	13
3333	7
3334	9
3335	7
3336	14
3337	11
3338	6
3339	11
3340	14
3341	8
3342	4
3343	6
3344	8
3345	9
3346	5
3347	3
3348	8
3349	10
3350	10
3351	6
3352	9
3353	8
3354	3
3355	6
3356	12
3357	13
3358	10
3359	7
3360	9
3361	9
3362	6
3363	7
3364	4
3365	6
3366	5
3367	9
3368	9
3369	8
3370	2
3371	7
3372	10
3373	8
3374	5
3375	10
3376	6
3377	9
3378	5
3379	8
3380	4
3381	9
3382	7
3383	5
3384	8
3385	8
3386	10
3387	7
3388	9
3389	3
3390	16
3391	5
3392	7
3393	11
3394	3
3395	4
3396	12
3397	6
3398	13
3399	8
3400	3
3401	9
3402	13
3403	5
3404	7
3405	3
3406	8
3407	7
3408	2
3409	10
3410	3
3411	14
3412	10
3413	6
3414	8
3415	6
3416	10
3417	8
3418	7
3419	11
3420	12
3421	8
3422	7
3423	7
3424	6
3425	6
3426	8
3427	6
3428	7
3429	5
3430	8
3431	3
3432	15
3433	8
3434	6
3435	3
3436	6
3437	4
3438	7
3439	11
3440	4
3441	10
3442	10
3443	1
3444	10
3445	7
3446	7
3447	9
3448	8
3449	1
3450	6
3451	7
3452	5
3453	4
3454	3
3455	3
3456	6
3457	4
3458	7
3459	8
3460	5
3461	4
3462	3
3463	2
3464	7
3465	3
3466	6
3467	6
3468	3
3469	4
3470	8
3471	2
3472	8
3473	3
3474	3
3475	5
3476	5
3477	6
3478	5
3479	8
3480	8
3481	5
3482	5
3483	4
3484	1
3485	8
3486	8
3487	9
3488	3
3489	5
3490	3
3491	2
3492	8
3493	9
3494	10
3495	5
3496	3
3497	9
3498	5
3499	11
3500	6
3501	11
3502	9
3503	7
3504	5
3505	11
3506	10
3507	9
3508	9
3509	6
3510	7
3511	7
3512	5
3513	14
3514	6
3515	6
3516	8
3517	15
3518	13
3519	4
3520	9
3521	5
3522	5
3523	6
3524	8
3525	8
3526	9
3527	7
3528	7
3529	7
3530	2
3531	3
3532	4
3533	5
3534	7
3535	8
3536	5
3537	2
3538	8
3539	8
3540	4
3541	3
3542	2
3543	6
3544	3
3545	8
3546	6
3547	3
3548	3
3549	8
3550	6
3551	1
3552	9
3553	5
3554	3
3555	7
3556	7
3557	3
3558	8
3559	10
3560	5
3561	12
3562	7
3563	6
3564	7
3565	5
3566	6
3567	5
3568	11
3569	8
3570	11
3571	2
3572	6
3573	4
3574	6
3575	5
3576	7
3577	5
3578	6
3579	6
3580	5
3581	3
3582	5
3583	0
3584	7
3585	2
3586	3
3587	12
3588	5
3589	3
3590	3
3591	6
3592	5
3593	7
3594	3
3595	2
3596	6
3597	7
3598	7
3599	2
3600	2
3601	2
3602	6
3603	4
3604	4
3605	4
3606	6
3607	4
3608	5
3609	2
3610	6
3611	4
3612	3
3613	3
3614	7
3615	6
3616	8
3617	6
3618	2
3619	7
3620	3
3621	4
3622	8
3623	4
3624	1
3625	5
3626	7
3627	5
3628	3
3629	7
3630	4
3631	7
3632	6
3633	4
3634	3
3635	3
3636	3
3637	3
3638	3
3639	7
3640	4
3641	8
3642	3
3643	4
3644	10
3645	3
3646	3
3647	3
3648	7
3649	5
3650	2
3651	2
3652	1
3653	4
3654	6
3655	4
3656	4
3657	6
3658	6
3659	1
3660	0
3661	7
3662	5
3663	2
3664	7
3665	4
3666	1
3667	2
3668	5
3669	3
3670	3
3671	3
3672	3
3673	5
3674	4
3675	1
3676	3
3677	5
3678	3
3679	5
3680	11
3681	5
3682	4
3683	3
3684	7
3685	4
3686	6
3687	1
3688	6
3689	2
3690	6
3691	4
3692	6
3693	2
3694	1
3695	7
3696	4
3697	7
3698	1
3699	3
3700	4
3701	0
3702	4
3703	3
3704	1
3705	6
3706	2
3707	4
3708	2
3709	6
3710	3
3711	1
3712	5
3713	7
3714	4
3715	4
3716	3
3717	1
3718	2
3719	2
3720	3
3721	2
3722	2
3723	1
3724	3
3725	1
3726	4
3727	2
3728	1
3729	3
3730	6
3731	2
3732	2
3733	1
3734	3
3735	1
3736	4
3737	1
3738	2
3739	2
3740	4
3741	3
3742	4
3743	3
3744	3
3745	6
3746	0
3747	3
3748	1
3749	2
3750	2
3751	2
3752	1
3753	2
3754	3
3755	0
3756	0
3757	2
3758	3
3759	4
3760	3
3761	1
3762	0
3763	0
3764	5
3765	6
3766	3
3767	3
3768	5
3769	3
3770	2
3771	5
3772	2
3773	2
3774	4
3775	0
3776	0
3777	3
3778	2
3779	4
3780	2
3781	8
3782	2
3783	3
3784	5
3785	3
3786	3
3787	5
3788	4
3789	0
3790	3
3791	1
3792	5
3793	1
3794	3
3795	2
3796	2
3797	1
3798	1
3799	1
3800	1
3801	4
3802	3
3803	8
3804	1
3805	4
3806	3
3807	5
3808	3
3809	1
3810	1
3811	2
3812	6
3813	5
3814	3
3815	10
3816	2
3817	2
3818	5
3819	0
3820	5
3821	3
3822	3
3823	3
3824	2
3825	6
3826	4
3827	3
3828	3
3829	3
3830	4
3831	2
3832	4
3833	3
3834	6
3835	3
3836	3
3837	1
3838	3
3839	2
3840	2
3841	3
3842	6
3843	5
3844	8
3845	6
3846	3
3847	3
3848	1
3849	4
3850	2
3851	1
3852	4
3853	8
3854	4
3855	2
3856	4
3857	9
3858	5
3859	4
3860	3
3861	1
3862	5
3863	4
3864	4
3865	3
3866	1
3867	6
3868	4
3869	11
3870	2
3871	2
3872	4
3873	4
3874	2
3875	2
3876	2
3877	3
3878	6
3879	1
3880	8
3881	3
3882	6
3883	5
3884	2
3885	2
3886	4
3887	5
3888	3
3889	0
3890	4
3891	4
3892	9
3893	3
3894	5
3895	9
3896	1
3897	4
3898	3
3899	3
3900	7
3901	2
3902	4
3903	5
3904	1
3905	1
3906	3
3907	3
3908	5
3909	6
3910	4
3911	5
3912	3
3913	6
3914	8
3915	5
3916	5
3917	4
3918	5
3919	4
3920	4
3921	1
3922	3
3923	3
3924	2
3925	2
3926	4
3927	4
3928	4
3929	5
3930	2
3931	5
3932	5
3933	3
3934	2
3935	4
3936	1
3937	3
3938	5
3939	3
3940	4
3941	0
3942	3
3943	5
3944	5
3945	2
3946	2
3947	3
3948	4
3949	1
3950	5
3951	3
3952	4
3953	2
3954	6
3955	3
3956	3
3957	5
3958	2
3959	1
3960	3
3961	6
3962	3
3963	4
3964	2
3965	5
3966	2
3967	6
3968	2
3969	4
3970	3
3971	2
3972	3
3973	2
3974	3
3975	8
3976	5
3977	3
3978	2
3979	2
3980	5
3981	5
3982	2
3983	5
3984	5
3985	4
3986	5
3987	3
3988	3
3989	4
3990	2
3991	2
3992	2
3993	4
3994	4
3995	2
3996	3
3997	9
3998	5
3999	3
4000	3
4001	3
4002	6
4003	4
4004	0
4005	5
4006	2
4007	5
4008	2
4009	6
4010	4
4011	4
4012	5
4013	3
4014	3
4015	3
4016	1
4017	6
4018	8
4019	4
4020	2
4021	7
4022	2
4023	8
4024	4
4025	2
4026	4
4027	8
4028	7
4029	6
4030	6
4031	5
4032	3
4033	5
4034	5
4035	5
4036	2
4037	3
4038	4
4039	8
4040	4
4041	2
4042	5
4043	4
4044	9
4045	5
4046	4
4047	5
4048	5
4049	1
4050	5
4051	3
4052	6
4053	1
4054	1
4055	4
4056	4
4057	7
4058	2
4059	2
4060	6
4061	1
4062	3
4063	1
4064	6
4065	7
4066	5
4067	3
4068	7
4069	4
4070	3
4071	5
4072	2
4073	6
4074	8
4075	4
4076	4
4077	6
4078	6
4079	6
4080	6
4081	4
4082	3
4083	2
4084	3
4085	1
4086	2
4087	9
4088	2
4089	2
4090	3
4091	7
4092	5
4093	6
4094	3
4095	7
4096	5
4097	5
4098	4
4099	3
4100	7
4101	4
4102	4
4103	4
4104	6
4105	5
4106	3
4107	1
4108	5
4109	5
4110	7
4111	9
4112	4
4113	5
4114	5
4115	3
4116	6
4117	3
4118	8
4119	4
4120	5
4121	4
4122	5
4123	7
4124	4
4125	9
4126	8
4127	2
4128	1
4129	6
4130	5
4131	5
4132	7
4133	10
4134	2
4135	4
4136	4
4137	2
4138	5
4139	3
4140	5
4141	2
4142	2
4143	4
4144	3
4145	2
4146	1
4147	8
4148	10
4149	10
4150	7
4151	0
4152	8
4153	3
4154	1
4155	8
4156	5
4157	5
4158	4
4159	3
4160	7
4161	9
4162	3
4163	5
4164	8
4165	3
4166	5
4167	6
4168	7
4169	4
4170	7
4171	6
4172	6
4173	5
4174	5
4175	3
4176	3
4177	5
4178	2
4179	3
4180	3
4181	5
4182	5
4183	5
4184	2
4185	5
4186	2
4187	3
4188	6
4189	1
4190	4
4191	4
4192	3
4193	2
4194	3
4195	2
4196	4
4197	1
4198	3
4199	1
4200	5
4201	2
4202	6
4203	5
4204	4
4205	3
4206	5
4207	3
4208	3
4209	6
4210	4
4211	3
4212	6
4213	1
4214	3
4215	3
4216	3
4217	6
4218	1
4219	6
4220	6
4221	4
4222	4
4223	4
4224	7
4225	5
4226	0
4227	3
4228	6
4229	7
4230	7
4231	5
4232	10
4233	3
4234	4
4235	2
4236	4
4237	6
4238	5
4239	6
4240	4
4241	3
4242	1
4243	1
4244	1
4245	2
4246	7
4247	2
4248	6
4249	3
4250	5
4251	2
4252	4
4253	3
4254	7
4255	3
4256	6
4257	3
4258	1
4259	6
4260	7
4261	2
4262	5
4263	7
4264	4
4265	3
4266	7
4267	10
4268	5
4269	1
4270	7
4271	5
4272	3
4273	9
4274	2
4275	4
4276	5
4277	2
4278	3
4279	4
4280	5
4281	3
4282	5
4283	3
4284	3
4285	8
4286	1
4287	4
4288	8
4289	7
4290	10
4291	4
4292	3
4293	5
4294	8
4295	5
4296	2
4297	9
4298	5
4299	6
4300	3
4301	3
4302	5
4303	6
4304	5
4305	9
4306	7
4307	5
4308	1
4309	5
4310	5
4311	6
4312	3
4313	3
4314	3
4315	4
4316	5
4317	6
4318	3
4319	2
4320	3
4321	3
4322	5
4323	8
4324	6
4325	5
4326	3
4327	2
4328	6
4329	4
4330	6
4331	4
4332	4
4333	3
4334	5
4335	7
4336	6
4337	5
4338	3
4339	6
4340	7
4341	4
4342	10
4343	6
4344	5
4345	8
4346	5
4347	3
4348	8
4349	5
4350	9
4351	4
4352	7
4353	9
4354	2
4355	4
4356	6
4357	4
4358	9
4359	7
4360	4
4361	6
4362	7
4363	8
4364	3
4365	9
4366	4
4367	7
4368	8
4369	3
4370	5
4371	4
4372	6
4373	6
4374	8
4375	4
4376	5
4377	4
4378	6
4379	4
4380	4
4381	3
4382	7
4383	6
4384	6
4385	8
4386	4
4387	6
4388	1
4389	2
4390	3
4391	6
4392	4
4393	6
4394	4
4395	6
4396	9
4397	3
4398	6
4399	3
4400	3
4401	2
4402	3
4403	3
4404	5
4405	3
4406	5
4407	9
4408	3
4409	3
4410	5
4411	10
4412	6
4413	5
4414	2
4415	5
4416	5
4417	6
4418	5
4419	5
4420	4
4421	5
4422	3
4423	4
4424	4
4425	8
4426	7
4427	7
4428	2
4429	8
4430	4
4431	4
4432	4
4433	4
4434	2
4435	6
4436	5
4437	3
4438	5
4439	8
4440	6
4441	4
4442	7
4443	5
4444	4
4445	6
4446	6
4447	3
4448	3
4449	4
4450	1
4451	2
4452	9
4453	1
4454	7
4455	2
4456	4
4457	7
4458	1
4459	3
4460	3
4461	9
4462	4
4463	8
4464	8
4465	3
4466	2
4467	6
4468	4
4469	5
4470	6
4471	1
4472	4
4473	4
4474	7
4475	5
4476	7
4477	9
4478	7
4479	4
4480	3
4481	1
4482	3
4483	4
4484	6
4485	3
4486	2
4487	5
4488	3
4489	2
4490	4
4491	4
4492	3
4493	3
4494	8
4495	4
4496	3
4497	5
4498	4
4499	2
4500	2
4501	4
4502	1
4503	2
4504	6
4505	5
4506	3
4507	0
4508	6
4509	5
4510	6
4511	1
4512	4
4513	6
4514	7
4515	1
4516	6
4517	3
4518	3
4519	0
4520	2
4521	3
4522	5
4523	4
4524	4
4525	2
4526	7
4527	2
4528	3
4529	5
4530	2
4531	5
4532	2
4533	4
4534	0
4535	2
4536	6
4537	5
4538	1
4539	2
4540	1
4541	4
4542	2
4543	2
4544	4
4545	5
4546	5
4547	6
4548	7
4549	4
4550	5
4551	2
4552	3
4553	3
4554	3
4555	5
4556	5
4557	6
4558	4
4559	4
4560	4
4561	1
4562	2
4563	5
4564	4
4565	7
4566	4
4567	3
4568	3
4569	5
4570	5
4571	3
4572	5
4573	5
4574	7
4575	2
4576	4
4577	2
4578	2
4579	4
4580	1
4581	3
4582	4
4583	3
4584	3
4585	3
4586	3
4587	3
4588	2
4589	2
4590	3
4591	1
4592	3
4593	4
4594	7
4595	0
4596	3
4597	2
4598	1
4599	4
4600	6
4601	6
4602	5
4603	3
4604	4
4605	1
4606	3
4607	5
4608	7
4609	1
4610	4
4611	1
4612	0
4613	5
4614	0
4615	4
4616	3
4617	5
4618	2
4619	2
4620	2
4621	2
4622	5
4623	5
4624	3
4625	5
4626	1
4627	2
4628	0
4629	6
4630	2
4631	4
4632	5
4633	2
4634	5
4635	4
4636	3
4637	3
4638	2
4639	1
4640	3
4641	0
4642	3
4643	0
4644	4
4645	3
4646	3
4647	1
4648	3
4649	3
4650	4
4651	4
4652	1
4653	1
4654	1
4655	3
4656	1
4657	2
4658	1
4659	2
4660	2
4661	2
4662	1
4663	2
4664	0
4665	4
4666	7
4667	4
4668	3
4669	1
4670	2
4671	1
4672	5
4673	4
4674	4
4675	2
4676	0
4677	2
4678	6
4679	1
4680	2
4681	4
4682	2
4683	1
4684	4
4685	2
4686	0
4687	2
4688	2
4689	3
4690	2
4691	2
4692	1
4693	1
4694	3
4695	2
4696	3
4697	2
4698	0
4699	1
4700	1
4701	5
4702	0
4703	5
4704	1
4705	4
4706	3
4707	3
4708	3
4709	3
4710	4
4711	2
4712	2
4713	4
4714	4
4715	0
4716	2
4717	2
4718	3
4719	1
4720	0
4721	1
4722	6
4723	0
4724	1
4725	0
4726	1
4727	1
4728	1
4729	2
4730	1
4731	5
4732	2
4733	5
4734	1
4735	4
4736	2
4737	2
4738	2
4739	2
4740	1
4741	0
4742	5
4743	6
4744	0
4745	0
4746	2
4747	2
4748	3
4749	5
4750	1
4751	1
4752	0
4753	1
4754	2
4755	5
4756	2
4757	3
4758	0
4759	3
4760	1
4761	2
4762	0
4763	3
4764	5
4765	2
4766	2
4767	1
4768	5
4769	3
4770	1
4771	2
4772	4
4773	1
4774	3
4775	2
4776	1
4777	3
4778	2
4779	2
4780	0
4781	2
4782	3
4783	1
4784	3
4785	4
4786	0
4787	0
4788	2
4789	5
4790	3
4791	0
4792	3
4793	5
4794	1
4795	5
4796	2
4797	1
4798	3
4799	3
4800	3
4801	2
4802	1
4803	5
4804	3
4805	3
4806	3
4807	1
4808	2
4809	0
4810	1
4811	1
4812	2
4813	0
4814	3
4815	5
4816	2
4817	2
4818	0
4819	5
4820	0
4821	1
4822	1
4823	1
4824	0
4825	0
4826	2
4827	0
4828	2
4829	3
4830	1
4831	2
4832	1
4833	5
4834	3
4835	4
4836	3
4837	1
4838	2
4839	4
4840	2
4841	2
4842	0
4843	0
4844	0
4845	2
4846	1
4847	4
4848	0
4849	2
4850	2
4851	0
4852	1
4853	3
4854	0
4855	2
4856	1
4857	5
4858	6
4859	3
4860	3
4861	3
4862	3
4863	0
4864	0
4865	2
4866	2
4867	2
4868	1
4869	1
4870	0
4871	5
4872	2
4873	2
4874	0
4875	2
4876	2
4877	2
4878	3
4879	4
4880	6
4881	0
4882	0
4883	2
4884	1
4885	2
4886	2
4887	2
4888	1
4889	3
4890	1
4891	4
4892	1
4893	2
4894	1
4895	3
4896	2
4897	1
4898	2
4899	2
4900	1
4901	1
4902	2
4903	0
4904	2
4905	2
4906	2
4907	2
4908	2
4909	2
4910	3
4911	3
4912	1
4913	4
4914	1
4915	1
4916	1
4917	0
4918	4
4919	4
4920	1
4921	0
4922	1
4923	1
4924	5
4925	1
4926	2
4927	1
4928	1
4929	1
4930	1
4931	1
4932	2
4933	1
4934	2
4935	1
4936	1
4937	2
4938	1
4939	5
4940	2
4941	4
4942	1
4943	2
4944	2
4945	0
4946	3
4947	5
4948	2
4949	4
4950	1
4951	1
4952	0
4953	0
4954	2
4955	1
4956	3
4957	1
4958	1
4959	1
4960	2
4961	2
4962	0
4963	0
4964	0
4965	1
4966	5
4967	1
4968	1
4969	1
4970	1
4971	2
4972	0
4973	3
4974	5
4975	0
4976	1
4977	1
4978	2
4979	3
4980	3
4981	1
4982	1
4983	2
4984	0
4985	1
4986	4
4987	3
4988	1
4989	1
4990	2
4991	0
4992	4
4993	1
4994	4
4995	2
4996	0
4997	2
4998	1
4999	0
5000	0
5001	1
5002	3
5003	3
5004	1
5005	2
5006	3
5007	1
5008	3
5009	1
5010	1
5011	0
5012	4
5013	4
5014	2
5015	4
5016	0
5017	1
5018	2
5019	4
5020	1
5021	1
5022	2
5023	0
5024	1
5025	0
5026	1
5027	2
5028	1
5029	2
5030	2
5031	2
5032	2
5033	2
5034	1
5035	2
5036	0
5037	3
5038	0
5039	2
5040	0
5041	0
5042	2
5043	2
5044	1
5045	1
5046	1
5047	0
5048	3
5049	2
5050	3
5051	0
5052	1
5053	1
5054	2
5055	1
5056	1
5057	1
5058	1
5059	1
5060	4
5061	3
5062	2
5063	2
5064	2
5065	4
5066	4
5067	3
5068	2
5069	1
5070	0
5071	0
5072	1
5073	2
5074	0
5075	1
5076	1
5077	2
5078	2
5079	0
5080	0
5081	1
5082	2
5083	1
5084	0
5085	3
5086	4
5087	0
5088	5
5089	1
5090	2
5091	3
5092	2
5093	2
5094	0
5095	1
5096	0
5097	0
5098	3
5099	2
5100	2
5101	1
5102	3
5103	1
5104	2
5105	0
5106	3
5107	0
5108	0
5109	1
5110	0
5111	2
5112	1
5113	0
5114	2
5115	1
5116	3
5117	2
5118	3
5119	1
5120	0
5121	1
5122	2
5123	5
5124	1
5125	0
5126	2
5127	2
5128	3
5129	2
5130	1
5131	0
5132	1
5133	2
5134	0
5135	2
5136	4
5137	1
5138	2
5139	3
5140	2
5141	2
5142	2
5143	3
5144	1
5145	4
5146	0
5147	2
5148	2
5149	1
5150	0
5151	2
5152	1
5153	0
5154	4
5155	0
5156	2
5157	1
5158	3
5159	3
5160	1
5161	1
5162	1
5163	2
5164	1
5165	1
5166	1
5167	1
5168	0
5169	2
5170	1
5171	3
5172	3
5173	1
5174	3
5175	3
5176	2
5177	2
5178	3
5179	3
5180	3
5181	1
5182	0
5183	2
5184	1
5185	0
5186	4
5187	0
5188	3
5189	1
5190	0
5191	2
5192	2
5193	1
5194	1
5195	2
5196	0
5197	3
5198	0
5199	2
5200	2
5201	2
5202	1
5203	3
5204	2
5205	3
5206	2
5207	2
5208	3
5209	2
5210	1
5211	0
5212	2
5213	2
5214	0
5215	1
5216	2
5217	3
5218	2
5219	1
5220	1
5221	0
5222	2
5223	2
5224	1
5225	2
5226	1
5227	1
5228	0
5229	1
5230	4
5231	1
5232	1
5233	1
5234	1
5235	0
5236	4
5237	0
5238	2
5239	3
5240	0
5241	3
5242	1
5243	3
5244	2
5245	1
5246	2
5247	3
5248	1
5249	4
5250	2
5251	5
5252	0
5253	2
5254	3
5255	1
5256	1
5257	3
5258	7
5259	0
5260	3
5261	3
5262	1
5263	1
5264	0
5265	0
5266	3
5267	1
5268	3
5269	1
5270	3
5271	2
5272	4
5273	2
5274	2
5275	0
5276	3
5277	1
5278	4
5279	2
5280	0
5281	3
5282	1
5283	0
5284	3
5285	4
5286	0
5287	1
5288	2
5289	2
5290	0
5291	1
5292	0
5293	2
5294	1
5295	0
5296	1
5297	2
5298	1
5299	4
5300	2
5301	1
5302	1
5303	2
5304	1
5305	2
5306	0
5307	1
5308	0
5309	4
5310	5
5311	2
5312	1
5313	1
5314	0
5315	1
5316	2
5317	3
5318	0
5319	1
5320	0
5321	0
5322	3
5323	4
5324	4
5325	3
5326	0
5327	2
5328	2
5329	2
5330	2
5331	0
5332	2
5333	1
5334	2
5335	2
5336	2
5337	1
5338	1
5339	2
5340	2
5341	1
5342	1
5343	3
5344	2
5345	4
5346	0
5347	0
5348	2
5349	3
5350	2
5351	1
5352	0
5353	0
5354	3
5355	3
5356	5
5357	3
5358	3
5359	2
5360	0
5361	2
5362	1
5363	2
5364	2
5365	2
5366	1
5367	3
5368	1
5369	0
5370	3
5371	0
5372	1
5373	1
5374	1
5375	3
5376	2
5377	3
5378	2
5379	1
5380	0
5381	7
5382	2
5383	1
5384	4
5385	2
5386	3
5387	2
5388	2
5389	0
5390	4
5391	3
5392	3
5393	3
5394	3
5395	1
5396	2
5397	2
5398	3
5399	1
5400	1
5401	1
5402	1
5403	2
5404	2
5405	0
5406	3
5407	3
5408	2
5409	1
5410	0
5411	1
5412	1
5413	1
5414	1
5415	0
5416	1
5417	2
5418	1
5419	0
5420	1
5421	1
5422	0
5423	1
5424	2
5425	0
5426	0
5427	1
5428	4
5429	1
5430	0
5431	1
5432	1
5433	2
5434	2
5435	1
5436	1
5437	1
5438	2
5439	2
5440	1
5441	3
5442	0
5443	1
5444	1
5445	0
5446	1
5447	0
5448	2
5449	1
5450	1
5451	3
5452	4
5453	2
5454	2
5455	2
5456	1
5457	3
5458	5
5459	3
5460	2
5461	0
5462	1
5463	1
5464	3
5465	2
5466	2
5467	1
5468	0
5469	1
5470	1
5471	2
5472	1
5473	3
5474	2
5475	2
5476	2
5477	2
5478	2
5479	0
5480	0
5481	1
5482	1
5483	4
5484	4
5485	2
5486	3
5487	2
5488	0
5489	4
5490	2
5491	1
5492	0
5493	1
5494	1
5495	1
5496	3
5497	3
5498	1
5499	0
5500	0
5501	1
5502	0
5503	1
5504	0
5505	0
5506	2
5507	1
5508	4
5509	1
5510	0
5511	1
5512	2
5513	2
5514	2
5515	1
5516	2
5517	1
5518	4
5519	0
5520	0
5521	1
5522	2
5523	1
5524	1
5525	3
5526	2
5527	2
5528	2
5529	2
5530	0
5531	4
5532	2
5533	3
5534	2
5535	3
5536	2
5537	0
5538	1
5539	1
5540	1
5541	1
5542	1
5543	1
5544	1
5545	0
5546	0
5547	3
5548	2
5549	0
5550	1
5551	0
5552	1
5553	2
5554	0
5555	3
5556	1
5557	4
5558	3
5559	0
5560	2
5561	1
5562	3
5563	2
5564	1
5565	2
5566	3
5567	2
5568	1
5569	0
5570	1
5571	1
5572	2
5573	0
5574	1
5575	1
5576	1
5577	1
5578	1
5579	0
5580	0
5581	1
5582	1
5583	0
5584	1
5585	0
5586	3
5587	2
5588	2
5589	2
5590	1
5591	1
5592	4
5593	0
5594	1
5595	2
5596	1
5597	2
5598	5
5599	0
5600	1
5601	2
5602	0
5603	2
5604	1
5605	0
5606	1
5607	0
5608	3
5609	0
5610	0
5611	2
5612	1
5613	0
5614	0
5615	3
5616	1
5617	2
5618	0
5619	0
5620	0
5621	1
5622	2
5623	0
5624	0
5625	4
5626	1
5627	0
5628	3
5629	1
5630	0
5631	0
5632	0
5633	2
5634	2
5635	0
5636	0
5637	0
5638	0
5639	2
5640	3
5641	2
5642	2
5643	1
5644	1
5645	0
5646	0
5647	0
5648	0
5649	1
5650	1
5651	1
5652	1
5653	1
5654	1
5655	1
5656	0
5657	3
5658	1
5659	2
5660	2
5661	2
5662	1
5663	2
5664	0
5665	0
5666	1
5667	2
5668	0
5669	1
5670	1
5671	2
5672	3
5673	2
5674	1
5675	1
5676	1
5677	0
5678	4
5679	2
5680	3
5681	1
5682	2
5683	0
5684	2
5685	1
5686	3
5687	3
5688	1
5689	0
5690	1
5691	1
5692	0
5693	3
5694	0
5695	0
5696	2
5697	0
5698	1
5699	1
5700	1
5701	1
5702	3
5703	1
5704	1
5705	0
5706	1
5707	2
5708	1
5709	0
5710	0
5711	0
5712	3
5713	1
5714	0
5715	0
5716	0
5717	0
5718	1
5719	1
5720	2
5721	4
5722	2
5723	0
5724	2
5725	0
5726	1
5727	2
5728	2
5729	3
5730	0
5731	0
5732	1
5733	1
5734	0
5735	2
5736	3
5737	0
5738	1
5739	1
5740	0
5741	1
5742	0
5743	0
5744	1
5745	4
5746	2
5747	1
5748	3
5749	1
5750	1
5751	0
5752	1
5753	1
5754	4
5755	0
5756	2
5757	0
5758	3
5759	2
5760	2
5761	0
5762	0
5763	2
5764	0
5765	3
5766	1
5767	1
5768	0
5769	2
5770	1
5771	0
5772	1
5773	1
5774	2
5775	2
5776	1
5777	1
5778	2
5779	0
5780	0
5781	2
5782	0
5783	1
5784	1
5785	1
5786	0
5787	2
5788	1
5789	0
5790	0
5791	2
5792	0
5793	1
5794	1
5795	0
5796	2
5797	1
5798	0
5799	0
5800	3
5801	2
5802	0
5803	1
5804	0
5805	0
5806	3
5807	1
5808	2
5809	1
5810	1
5811	1
5812	2
5813	1
5814	0
5815	3
5816	1
5817	0
5818	1
5819	0
5820	1
5821	1
5822	0
5823	0
5824	1
5825	1
5826	0
5827	2
5828	1
5829	1
5830	2
5831	0
5832	2
5833	0
5834	1
5835	1
5836	1
5837	0
5838	1
5839	0
5840	0
5841	2
5842	1
5843	1
5844	0
5845	2
5846	1
5847	0
5848	2
5849	1
5850	1
5851	1
5852	0
5853	0
5854	2
5855	2
5856	2
5857	1
5858	1
5859	1
5860	1
5861	1
5862	0
5863	3
5864	3
5865	0
5866	0
5867	1
5868	2
5869	1
5870	1
5871	0
5872	0
5873	0
5874	1
5875	3
5876	2
5877	2
5878	0
5879	2
5880	2
5881	1
5882	0
5883	1
5884	2
5885	1
5886	2
5887	1
5888	2
5889	0
5890	0
5891	1
5892	1
5893	2
5894	3
5895	0
5896	0
5897	0
5898	1
5899	1
5900	2
5901	0
5902	1
5903	0
5904	2
5905	1
5906	1
5907	1
5908	2
5909	0
5910	2
5911	4
5912	0
5913	0
5914	0
5915	5
5916	2
5917	2
5918	3
5919	3
5920	1
5921	0
5922	4
5923	4
5924	1
5925	1
5926	1
5927	0
5928	1
5929	1
5930	1
5931	2
5932	0
5933	3
5934	2
5935	0
5936	1
5937	1
5938	1
5939	1
5940	1
5941	0
5942	0
5943	2
5944	0
5945	2
5946	3
5947	3
5948	0
5949	2
5950	0
5951	2
5952	1
5953	0
5954	1
5955	3
5956	0
5957	1
5958	0
5959	0
5960	2
5961	3
5962	1
5963	0
5964	0
5965	0
5966	1
5967	0
5968	0
5969	1
5970	2
5971	2
5972	0
5973	0
5974	1
5975	0
5976	1
5977	0
5978	0
5979	1
5980	1
5981	0
5982	1
5983	1
5984	0
5985	0
5986	1
5987	1
5988	2
5989	1
5990	2
5991	1
5992	1
5993	2
5994	0
5995	0
5996	3
5997	3
5998	0
5999	2
6000	1
6001	3
6002	0
6003	0
6004	0
6005	1
6006	0
6007	2
6008	1
6009	0
6010	1
6011	1
6012	3
6013	0
6014	0
6015	2
6016	0
6017	1
6018	0
6019	0
6020	1
6021	3
6022	1
6023	1
6024	0
6025	0
6026	2
6027	0
6028	2
6029	2
6030	1
6031	0
6032	0
6033	1
6034	2
6035	1
6036	1
6037	0
6038	0
6039	0
6040	2
6041	1
6042	1
6043	0
6044	1
6045	0
6046	1
6047	0
6048	0
6049	0
6050	1
6051	1
6052	2
6053	4
6054	0
6055	2
6056	2
6057	0
6058	0
6059	1
6060	1
6061	0
6062	2
6063	1
6064	1
6065	0
6066	3
6067	1
6068	0
6069	1
6070	1
6071	1
6072	1
6073	2
6074	1
6075	1
6076	1
6077	3
6078	1
6079	2
6080	0
6081	2
6082	1
6083	1
6084	0
6085	3
6086	0
6087	1
6088	1
6089	1
6090	3
6091	2
6092	1
6093	2
6094	3
6095	1
6096	0
6097	0
6098	1
6099	1
6100	1
6101	0
6102	0
6103	0
6104	0
6105	2
6106	2
6107	0
6108	1
6109	0
6110	3
6111	1
6112	1
6113	1
6114	2
6115	2
6116	2
6117	2
6118	1
6119	0
6120	3
6121	2
6122	0
6123	1
6124	2
6125	0
6126	1
6127	0
6128	2
6129	1
6130	1
6131	0
6132	0
6133	0
6134	2
6135	1
6136	0
6137	3
6138	1
6139	0
6140	4
6141	2
6142	3
6143	2
6144	0
6145	0
6146	1
6147	2
6148	2
6149	3
6150	3
6151	2
6152	4
6153	0
6154	1
6155	1
6156	3
6157	1
6158	2
6159	1
6160	0
6161	0
6162	0
6163	0
6164	1
6165	0
6166	1
6167	0
6168	0
6169	1
6170	2
6171	0
6172	1
6173	3
6174	1
6175	1
6176	1
6177	1
6178	0
6179	0
6180	3
6181	0
6182	0
6183	0
6184	1
6185	2
6186	2
6187	0
6188	1
6189	3
6190	2
6191	1
6192	0
6193	2
6194	2
6195	1
6196	0
6197	2
6198	0
6199	1
6200	3
6201	0
6202	3
6203	0
6204	3
6205	1
6206	1
6207	3
6208	1
6209	1
6210	2
6211	2
6212	0
6213	1
6214	2
6215	1
6216	2
6217	0
6218	0
6219	1
6220	2
6221	1
6222	2
6223	1
6224	0
6225	2
6226	1
6227	1
6228	0
6229	2
6230	2
6231	0
6232	1
6233	2
6234	3
6235	1
6236	0
6237	1
6238	1
6239	1
6240	2
6241	1
6242	2
6243	1
6244	1
6245	0
6246	1
6247	0
6248	1
6249	0
6250	0
6251	0
6252	3
6253	2
6254	3
6255	0
6256	0
6257	0
6258	1
6259	1
6260	2
6261	0
6262	4
6263	3
6264	1
6265	1
6266	0
6267	2
6268	5
6269	2
6270	2
6271	0
6272	1
6273	1
6274	0
6275	0
6276	1
6277	1
6278	0
6279	0
6280	1
6281	0
6282	0
6283	2
6284	2
6285	0
6286	0
6287	1
6288	2
6289	0
6290	0
6291	0
6292	1
6293	1
6294	1
6295	0
6296	2
6297	3
6298	0
6299	1
6300	2
6301	1
6302	1
6303	2
6304	0
6305	0
6306	0
6307	1
6308	1
6309	0
6310	1
6311	2
6312	1
6313	1
6314	0
6315	3
6316	2
6317	2
6318	0
6319	2
6320	1
6321	2
6322	2
6323	1
6324	0
6325	0
6326	1
6327	0
6328	1
6329	1
6330	0
6331	2
6332	0
6333	0
6334	2
6335	0
6336	2
6337	1
6338	0
6339	0
6340	1
6341	0
6342	2
6343	1
6344	0
6345	2
6346	0
6347	2
6348	0
6349	0
6350	0
6351	2
6352	0
6353	0
6354	0
6355	1
6356	0
6357	0
6358	1
6359	0
6360	0
6361	1
6362	1
6363	0
6364	0
6365	1
6366	3
6367	2
6368	1
6369	4
6370	1
6371	0
6372	1
6373	0
6374	0
6375	0
6376	1
6377	1
6378	0
6379	3
6380	0
6381	0
6382	1
6383	0
6384	2
6385	2
6386	0
6387	0
6388	1
6389	3
6390	0
6391	1
6392	0
6393	1
6394	2
6395	3
6396	1
6397	1
6398	0
6399	0
6400	0
6401	1
6402	1
6403	0
6404	1
6405	1
6406	1
6407	0
6408	0
6409	2
6410	1
6411	0
6412	1
6413	0
6414	3
6415	1
6416	0
6417	1
6418	1
6419	3
6420	1
6421	0
6422	1
6423	1
6424	2
6425	0
6426	2
6427	1
6428	1
6429	2
6430	0
6431	0
6432	2
6433	1
6434	4
6435	1
6436	0
6437	1
6438	1
6439	0
6440	0
6441	2
6442	2
6443	2
6444	1
6445	1
6446	1
6447	0
6448	0
6449	0
6450	0
6451	2
6452	1
6453	0
6454	1
6455	0
6456	0
6457	0
6458	1
6459	0
6460	1
6461	1
6462	0
6463	1
6464	1
6465	2
6466	0
6467	0
6468	1
6469	0
6470	0
6471	1
6472	1
6473	2
6474	3
6475	0
6476	3
6477	1
6478	1
6479	1
6480	0
6481	3
6482	1
6483	2
6484	1
6485	1
6486	0
6487	1
6488	3
6489	1
6490	0
6491	3
6492	1
6493	0
6494	2
6495	1
6496	2
6497	0
6498	2
6499	1
6500	1
6501	1
6502	1
6503	4
6504	1
6505	4
6506	1
6507	2
6508	1
6509	2
6510	2
6511	1
6512	1
6513	1
6514	1
6515	1
6516	1
6517	1
6518	2
6519	0
6520	3
6521	1
6522	5
6523	5
6524	1
6525	1
6526	1
6527	2
6528	2
6529	0
6530	3
6531	1
6532	3
6533	1
6534	1
6535	1
6536	1
6537	2
6538	1
6539	3
6540	2
6541	1
6542	3
6543	2
6544	2
6545	3
6546	0
6547	2
6548	2
6549	2
6550	1
6551	2
6552	2
6553	1
6554	1
6555	0
6556	2
6557	1
6558	2
6559	0
6560	2
6561	2
6562	2
6563	4
6564	0
6565	1
6566	2
6567	2
6568	2
6569	0
6570	1
6571	0
6572	6
6573	2
6574	2
6575	1
6576	2
6577	4
6578	0
6579	2
6580	1
6581	3
6582	1
6583	0
6584	1
6585	3
6586	1
6587	3
6588	4
6589	2
6590	0
6591	0
6592	1
6593	2
6594	5
6595	0
6596	1
6597	1
6598	3
6599	0
6600	0
6601	0
6602	0
6603	0
6604	2
6605	1
6606	1
6607	3
6608	2
6609	1
6610	4
6611	0
6612	2
6613	1
6614	2
6615	0
6616	1
6617	1
6618	3
6619	0
6620	1
6621	0
6622	4
6623	1
6624	1
6625	5
6626	0
6627	0
6628	2
6629	2
6630	0
6631	0
6632	5
6633	2
6634	1
6635	1
6636	0
6637	1
6638	2
6639	1
6640	1
6641	1
6642	1
6643	3
6644	1
6645	0
6646	0
6647	0
6648	3
6649	2
6650	2
6651	3
6652	0
6653	2
6654	3
6655	0
6656	1
6657	4
6658	1
6659	3
6660	1
6661	2
6662	3
6663	1
6664	2
6665	1
6666	6
6667	2
6668	1
6669	2
6670	0
6671	1
6672	1
6673	3
6674	2
6675	3
6676	0
6677	1
6678	2
6679	1
6680	0
6681	3
6682	1
6683	2
6684	1
6685	0
6686	3
6687	1
6688	1
6689	0
6690	0
6691	1
6692	2
6693	3
6694	4
6695	2
6696	3
6697	0
6698	3
6699	3
6700	3
6701	1
6702	0
6703	2
6704	1
6705	1
6706	2
6707	2
6708	4
6709	1
6710	1
6711	0
6712	3
6713	3
6714	1
6715	2
6716	3
6717	1
6718	2
6719	0
6720	2
6721	1
6722	2
6723	3
6724	0
6725	2
6726	1
6727	1
6728	3
6729	1
6730	1
6731	3
6732	2
6733	5
6734	2
6735	3
6736	0
6737	3
6738	1
6739	3
6740	0
6741	3
6742	4
6743	1
6744	0
6745	1
6746	1
6747	1
6748	2
6749	2
6750	0
6751	1
6752	2
6753	3
6754	0
6755	3
6756	1
6757	3
6758	1
6759	0
6760	2
6761	2
6762	0
6763	1
6764	0
6765	2
6766	0
6767	1
6768	2
6769	2
6770	1
6771	1
6772	6
6773	2
6774	3
6775	1
6776	1
6777	0
6778	4
6779	1
6780	3
6781	3
6782	2
6783	0
6784	4
6785	2
6786	1
6787	3
6788	2
6789	4
6790	2
6791	0
6792	2
6793	3
6794	1
6795	1
6796	0
6797	1
6798	3
6799	1
6800	1
6801	1
6802	0
6803	0
6804	2
6805	2
6806	0
6807	0
6808	2
6809	2
6810	2
6811	0
6812	1
6813	0
6814	2
6815	4
6816	0
6817	2
6818	3
6819	1
6820	4
6821	3
6822	2
6823	2
6824	2
6825	2
6826	3
6827	4
6828	2
6829	2
6830	2
6831	3
6832	3
6833	1
6834	1
6835	2
6836	0
6837	0
6838	2
6839	0
6840	1
6841	2
6842	1
6843	3
6844	1
6845	1
6846	1
6847	1
6848	1
6849	1
6850	1
6851	5
6852	1
6853	2
6854	0
6855	1
6856	0
6857	2
6858	2
6859	1
6860	0
6861	0
6862	1
6863	1
6864	1
6865	0
6866	2
6867	2
6868	1
6869	2
6870	0
6871	1
6872	2
6873	0
6874	1
6875	1
6876	2
6877	0
6878	2
6879	1
6880	3
6881	2
6882	2
6883	0
6884	1
6885	2
6886	0
6887	1
6888	2
6889	2
6890	1
6891	2
6892	2
6893	2
6894	3
6895	1
6896	1
6897	2
6898	1
6899	0
6900	0
6901	2
6902	0
6903	1
6904	1
6905	0
6906	0
6907	2
6908	1
6909	1
6910	1
6911	0
6912	0
6913	0
6914	1
6915	0
6916	0
6917	0
6918	0
6919	1
6920	1
6921	1
6922	0
6923	2
6924	2
6925	2
6926	2
6927	1
6928	1
6929	0
6930	2
6931	1
6932	0
6933	4
6934	1
6935	1
6936	0
6937	0
6938	0
6939	5
6940	1
6941	2
6942	0
6943	2
6944	1
6945	2
6946	0
6947	1
6948	1
6949	2
6950	1
6951	2
6952	0
6953	0
6954	0
6955	1
6956	4
6957	2
6958	0
6959	0
6960	1
6961	2
6962	1
6963	1
6964	1
6965	1
6966	1
6967	0
6968	0
6969	1
6970	2
6971	1
6972	0
6973	3
6974	0
6975	2
6976	1
6977	1
6978	0
6979	1
6980	1
6981	1
6982	0
6983	3
6984	2
6985	0
6986	1
6987	2
6988	2
6989	0
6990	3
6991	0
6992	1
6993	0
6994	1
6995	0
6996	2
6997	0
6998	2
6999	3
7000	0
7001	1
7002	1
7003	1
7004	0
7005	2
7006	0
7007	2
7008	0
7009	1
7010	2
7011	3
7012	1
7013	1
7014	1
7015	2
7016	0
7017	0
7018	3
7019	2
7020	3
7021	1
7022	4
7023	1
7024	2
7025	4
7026	2
7027	1
7028	1
7029	2
7030	2
7031	2
7032	2
7033	1
7034	3
7035	3
7036	1
7037	2
7038	2
7039	0
7040	0
7041	2
7042	1
7043	0
7044	0
7045	1
7046	2
7047	1
7048	0
7049	0
7050	1
7051	0
7052	0
7053	1
7054	1
7055	1
7056	2
7057	0
7058	1
7059	1
7060	1
7061	0
7062	0
7063	1
7064	1
7065	4
7066	1
7067	0
7068	1
7069	0
7070	1
7071	2
7072	2
7073	1
7074	1
7075	2
7076	0
7077	2
7078	2
7079	0
7080	1
7081	2
7082	2
7083	2
7084	2
7085	0
7086	1
7087	1
7088	1
7089	0
7090	1
7091	0
7092	2
7093	0
7094	0
7095	2
7096	0
7097	0
7098	0
7099	0
7100	0
7101	1
7102	0
7103	3
7104	1
7105	0
7106	1
7107	1
7108	0
7109	0
7110	0
7111	2
7112	1
7113	0
7114	1
7115	0
7116	2
7117	1
7118	0
7119	0
7120	4
7121	3
7122	0
7123	0
7124	0
7125	0
7126	1
7127	1
7128	0
7129	1
7130	2
7131	1
7132	1
7133	0
7134	1
7135	1
7136	1
7137	1
7138	0
7139	3
7140	1
7141	2
7142	1
7143	2
7144	2
7145	1
7146	1
7147	1
7148	0
7149	2
7150	1
7151	1
7152	0
7153	1
7154	2
7155	1
7156	1
7157	2
7158	1
7159	1
7160	4
7161	1
7162	0
7163	1
7164	1
7165	1
7166	1
7167	0
7168	1
7169	1
7170	2
7171	0
7172	1
7173	0
7174	1
7175	0
7176	1
7177	0
7178	0
7179	3
7180	1
7181	2
7182	1
7183	0
7184	1
7185	0
7186	0
7187	2
7188	0
7189	0
7190	1
7191	0
7192	0
7193	0
7194	0
7195	4
7196	2
7197	1
7198	2
7199	1
7200	1
7201	0
7202	1
7203	0
7204	1
7205	1
7206	2
7207	3
7208	1
7209	3
7210	2
7211	0
7212	1
7213	0
7214	1
7215	0
7216	0
7217	1
7218	1
7219	1
7220	1
7221	1
7222	1
7223	1
7224	0
7225	1
7226	0
7227	0
7228	1
7229	1
7230	0
7231	1
7232	2
7233	0
7234	0
7235	1
7236	0
7237	0
7238	2
7239	2
7240	2
7241	2
7242	1
7243	1
7244	1
7245	0
7246	0
7247	1
7248	1
7249	1
7250	0
7251	0
7252	2
7253	2
7254	2
7255	1
7256	0
7257	0
7258	0
7259	0
7260	1
7261	0
7262	1
7263	2
7264	2
7265	0
7266	0
7267	0
7268	1
7269	2
7270	0
7271	1
7272	1
7273	2
7274	0
7275	0
7276	1
7277	0
7278	0
7279	1
7280	1
7281	1
7282	0
7283	1
7284	1
7285	3
7286	1
7287	0
7288	1
7289	1
7290	0
7291	0
7292	1
7293	0
7294	1
7295	0
7296	2
7297	1
7298	0
7299	0
7300	0
7301	1
7302	0
7303	1
7304	1
7305	2
7306	2
7307	0
7308	1
7309	0
7310	2
7311	1
7312	0
7313	2
7314	1
7315	1
7316	1
7317	1
7318	0
7319	1
7320	2
7321	2
7322	1
7323	0
7324	1
7325	1
7326	0
7327	1
7328	1
7329	0
7330	1
7331	1
7332	2
7333	1
7334	2
7335	1
7336	2
7337	0
7338	5
7339	0
7340	1
7341	0
7342	0
7343	1
7344	1
7345	0
7346	1
7347	0
7348	1
7349	1
7350	1
7351	2
7352	0
7353	2
7354	0
7355	0
7356	3
7357	2
7358	0
7359	1
7360	1
7361	2
7362	1
7363	0
7364	2
7365	0
7366	0
7367	2
7368	0
7369	0
7370	2
7371	1
7372	0
7373	2
7374	0
7375	2
7376	0
7377	0
7378	0
7379	0
7380	0
7381	0
7382	0
7383	1
7384	0
7385	0
7386	2
7387	3
7388	1
7389	1
7390	2
7391	1
7392	1
7393	1
7394	1
7395	1
7396	1
7397	1
7398	0
7399	1
7400	0
7401	0
7402	0
7403	0
7404	2
7405	2
7406	1
7407	1
7408	1
7409	1
7410	1
7411	2
7412	0
7413	4
7414	2
7415	1
7416	1
7417	1
7418	0
7419	0
7420	1
7421	0
7422	0
7423	0
7424	2
7425	2
7426	1
7427	1
7428	4
7429	1
7430	0
7431	3
7432	2
7433	2
7434	1
7435	1
7436	2
7437	1
7438	1
7439	3
7440	0
7441	0
7442	2
7443	0
7444	3
7445	0
7446	1
7447	1
7448	2
7449	2
7450	1
7451	5
7452	1
7453	0
7454	0
7455	3
7456	0
7457	2
7458	1
7459	0
7460	2
7461	3
7462	1
7463	1
7464	4
7465	2
7466	2
7467	2
7468	1
7469	2
7470	1
7471	1
7472	1
7473	1
7474	0
7475	2
7476	1
7477	0
7478	1
7479	0
7480	1
7481	3
7482	4
7483	1
7484	1
7485	0
7486	0
7487	1
7488	1
7489	1
7490	1
7491	1
7492	2
7493	1
7494	0
7495	0
7496	2
7497	0
7498	1
7499	0
7500	2
7501	1
7502	1
7503	0
7504	0
7505	1
7506	1
7507	2
7508	1
7509	4
7510	1
7511	2
7512	3
7513	1
7514	0
7515	2
7516	2
7517	3
7518	2
7519	2
7520	2
7521	2
7522	1
7523	0
7524	0
7525	1
7526	1
7527	0
7528	0
7529	1
7530	1
7531	0
7532	0
7533	1
7534	2
7535	3
7536	1
7537	1
7538	0
7539	1
7540	1
7541	2
7542	1
7543	0
7544	1
7545	0
7546	3
7547	0
7548	1
7549	1
7550	1
7551	2
7552	2
7553	0
7554	1
7555	3
7556	0
7557	2
7558	0
7559	0
7560	3
7561	0
7562	0
7563	1
7564	4
7565	1
7566	1
7567	0
7568	1
7569	2
7570	0
7571	1
7572	0
7573	1
7574	0
7575	0
7576	0
7577	2
7578	1
7579	1
7580	0
7581	3
7582	2
7583	1
7584	1
7585	1
7586	1
7587	1
7588	1
7589	1
7590	1
7591	0
7592	0
7593	3
7594	0
7595	1
7596	1
7597	4
7598	5
7599	1
7600	1
7601	2
7602	0
7603	0
7604	0
7605	1
7606	2
7607	1
7608	1
7609	4
7610	5
7611	2
7612	3
7613	1
7614	3
7615	3
7616	3
7617	1
7618	5
7619	1
7620	2
7621	2
7622	3
7623	4
7624	0
7625	2
7626	1
7627	1
7628	1
7629	0
7630	0
7631	0
7632	2
7633	0
7634	4
7635	0
7636	3
7637	2
7638	0
7639	0
7640	1
7641	1
7642	1
7643	1
7644	0
7645	1
7646	1
7647	3
7648	3
7649	2
7650	0
7651	1
7652	0
7653	2
7654	1
7655	1
7656	2
7657	1
7658	0
7659	1
7660	1
7661	2
7662	1
7663	1
7664	0
7665	2
7666	1
7667	2
7668	2
7669	1
7670	1
7671	2
7672	1
7673	2
7674	5
7675	2
7676	0
7677	0
7678	0
7679	0
7680	0
7681	3
7682	2
7683	2
7684	2
7685	2
7686	1
7687	0
7688	1
7689	1
7690	2
7691	0
7692	1
7693	1
7694	0
7695	1
7696	0
7697	1
7698	4
7699	2
7700	1
7701	1
7702	1
7703	2
7704	1
7705	3
7706	1
7707	2
7708	4
7709	1
7710	0
7711	2
7712	3
7713	2
7714	1
7715	1
7716	0
7717	0
7718	1
7719	0
7720	1
7721	2
7722	2
7723	1
7724	2
7725	0
7726	3
7727	0
7728	1
7729	1
7730	2
7731	3
7732	1
7733	0
7734	0
7735	3
7736	0
7737	4
7738	0
7739	3
7740	2
7741	0
7742	3
7743	3
7744	0
7745	2
7746	3
7747	2
7748	1
7749	0
7750	0
7751	1
7752	4
7753	5
7754	0
7755	2
7756	2
7757	0
7758	0
7759	1
7760	1
7761	1
7762	1
7763	1
7764	3
7765	0
7766	0
7767	0
7768	3
7769	1
7770	1
7771	1
7772	1
7773	0
7774	2
7775	2
7776	2
7777	2
7778	1
7779	1
7780	1
7781	0
7782	1
7783	3
7784	1
7785	2
7786	1
7787	1
7788	1
7789	0
7790	1
7791	3
7792	1
7793	0
7794	5
7795	1
7796	1
7797	2
7798	3
7799	2
7800	3
7801	4
7802	1
7803	1
7804	4
7805	0
7806	0
7807	2
7808	0
7809	1
7810	1
7811	1
7812	0
7813	1
7814	1
7815	0
7816	1
7817	3
7818	0
7819	2
7820	1
7821	0
7822	0
7823	1
7824	0
7825	0
7826	2
7827	0
7828	0
7829	4
7830	4
7831	1
7832	0
7833	2
7834	0
7835	1
7836	1
7837	3
7838	2
7839	1
7840	0
7841	0
7842	2
7843	4
7844	1
7845	1
7846	2
7847	1
7848	1
7849	2
7850	1
7851	0
7852	0
7853	0
7854	2
7855	0
7856	2
7857	1
7858	1
7859	1
7860	4
7861	0
7862	2
7863	1
7864	0
7865	0
7866	1
7867	0
7868	0
7869	1
7870	2
7871	1
7872	1
7873	1
7874	1
7875	2
7876	1
7877	3
7878	0
7879	1
7880	1
7881	0
7882	1
7883	0
7884	2
7885	1
7886	2
7887	1
7888	1
7889	1
7890	1
7891	1
7892	2
7893	3
7894	1
7895	1
7896	1
7897	0
7898	0
7899	0
7900	2
7901	0
7902	1
7903	4
7904	0
7905	0
7906	0
7907	0
7908	0
7909	1
7910	0
7911	0
7912	1
7913	0
7914	2
7915	1
7916	0
7917	0
7918	1
7919	2
7920	1
7921	3
7922	0
7923	1
7924	2
7925	0
7926	1
7927	0
7928	1
7929	1
7930	0
7931	3
7932	3
7933	1
7934	1
7935	0
7936	2
7937	0
7938	1
7939	1
7940	0
7941	1
7942	2
7943	0
7944	0
7945	1
7946	1
7947	0
7948	1
7949	1
7950	1
7951	1
7952	2
7953	0
7954	1
7955	0
7956	1
7957	2
7958	2
7959	0
7960	3
7961	1
7962	2
7963	1
7964	3
7965	2
7966	1
7967	3
7968	0
7969	1
7970	0
7971	1
7972	0
7973	0
7974	0
7975	2
7976	2
7977	1
7978	0
7979	1
7980	1
7981	1
7982	2
7983	0
7984	0
7985	0
7986	1
7987	0
7988	1
7989	1
7990	0
7991	2
7992	0
7993	0
7994	3
7995	2
7996	1
7997	0
7998	0
7999	2
8000	1
8001	2
8002	2
8003	0
8004	0
8005	2
8006	2
8007	0
8008	2
8009	2
8010	3
8011	1
8012	2
8013	0
8014	0
8015	2
8016	4
8017	1
8018	0
8019	2
8020	3
8021	2
8022	1
8023	1
8024	0
8025	2
8026	1
8027	2
8028	4
8029	1
8030	4
8031	2
8032	3
8033	2
8034	0
8035	0
8036	0
8037	4
8038	0
8039	2
8040	0
8041	2
8042	0
8043	2
8044	2
8045	3
8046	1
8047	2
8048	0
8049	1
8050	1
8051	1
8052	1
8053	1
8054	1
8055	0
8056	4
8057	3
8058	1
8059	3
8060	2
8061	1
8062	2
8063	1
8064	2
8065	4
8066	2
8067	5
8068	2
8069	1
8070	0
8071	5
8072	1
8073	1
8074	1
8075	1
8076	4
8077	2
8078	0
8079	0
8080	2
8081	3
8082	0
8083	1
8084	1
8085	3
8086	0
8087	4
8088	2
8089	0
8090	2
8091	2
8092	4
8093	0
8094	2
8095	0
8096	1
8097	3
8098	0
8099	2
8100	1
8101	1
8102	3
8103	1
8104	3
8105	0
8106	2
8107	1
8108	3
8109	1
8110	5
8111	2
8112	3
8113	0
8114	0
8115	0
8116	3
8117	2
8118	3
8119	1
8120	3
8121	2
8122	2
8123	0
8124	2
8125	2
8126	2
8127	0
8128	3
8129	0
8130	3
8131	1
8132	2
8133	1
8134	2
8135	2
8136	3
8137	0
8138	2
8139	2
8140	2
8141	3
8142	2
8143	0
8144	0
8145	0
8146	2
8147	0
8148	1
8149	5
8150	0
8151	4
8152	0
8153	2
8154	2
8155	2
8156	2
8157	1
8158	2
8159	2
8160	1
8161	1
8162	2
8163	1
8164	4
8165	2
8166	1
8167	1
8168	2
8169	2
8170	1
8171	0
8172	5
8173	2
8174	0
8175	1
8176	3
8177	4
8178	3
8179	3
8180	0
8181	1
8182	4
8183	0
8184	2
8185	1
8186	2
8187	2
8188	3
8189	1
8190	2
8191	0
8192	0
8193	0
8194	2
8195	1
8196	2
8197	0
8198	1
8199	0
8200	1
8201	1
8202	1
8203	3
8204	1
8205	1
8206	1
8207	1
8208	2
8209	1
8210	3
8211	2
8212	0
8213	0
8214	1
8215	2
8216	4
8217	2
8218	0
8219	1
8220	1
8221	2
8222	0
8223	2
8224	1
8225	2
8226	2
8227	2
8228	1
8229	4
8230	2
8231	2
8232	0
8233	3
8234	0
8235	3
8236	0
8237	2
8238	0
8239	1
8240	0
8241	1
8242	2
8243	1
8244	2
8245	1
8246	0
8247	2
8248	2
8249	2
8250	1
8251	3
8252	1
8253	2
8254	1
8255	2
8256	0
8257	1
8258	4
8259	0
8260	2
8261	1
8262	1
8263	2
8264	3
8265	1
8266	2
8267	1
8268	2
8269	0
8270	1
8271	1
8272	3
8273	0
8274	3
8275	1
8276	2
8277	1
8278	0
8279	1
8280	3
8281	2
8282	4
8283	0
8284	1
8285	0
8286	2
8287	1
8288	3
8289	2
8290	5
8291	0
8292	1
8293	0
8294	2
8295	1
8296	1
8297	2
8298	0
8299	1
8300	1
8301	1
8302	2
8303	2
8304	2
8305	1
8306	1
8307	1
8308	2
8309	0
8310	1
8311	1
8312	2
8313	2
8314	0
8315	2
8316	0
8317	1
8318	0
8319	2
8320	1
8321	0
8322	2
8323	1
8324	0
8325	0
8326	1
8327	1
8328	0
8329	0
8330	3
8331	1
8332	2
8333	1
8334	2
8335	3
8336	1
8337	0
8338	1
8339	2
8340	0
8341	2
8342	0
8343	2
8344	2
8345	3
8346	0
8347	0
8348	1
8349	0
8350	1
8351	0
8352	0
8353	0
8354	1
8355	0
8356	1
8357	1
8358	1
8359	2
8360	0
8361	2
8362	0
8363	0
8364	1
8365	0
8366	0
8367	2
8368	1
8369	2
8370	2
8371	1
8372	1
8373	2
8374	0
8375	1
8376	2
8377	1
8378	2
8379	1
8380	3
8381	3
8382	2
8383	1
8384	1
8385	2
8386	2
8387	3
8388	1
8389	1
8390	1
8391	1
8392	1
8393	3
8394	0
8395	1
8396	3
8397	1
8398	1
8399	0
8400	2
8401	2
8402	2
8403	1
8404	1
8405	1
8406	1
8407	2
8408	1
8409	0
8410	2
8411	3
8412	2
8413	1
8414	0
8415	3
8416	0
8417	1
8418	4
8419	2
8420	0
8421	1
8422	0
8423	1
8424	0
8425	0
8426	3
8427	0
8428	0
8429	1
8430	1
8431	2
8432	2
8433	1
8434	1
8435	1
8436	0
8437	2
8438	0
8439	1
8440	2
8441	1
8442	1
8443	1
8444	4
8445	3
8446	0
8447	1
8448	0
8449	3
8450	0
8451	1
8452	0
8453	2
8454	1
8455	1
8456	2
8457	1
8458	0
8459	1
8460	5
8461	1
8462	2
8463	1
8464	0
8465	1
8466	2
8467	2
8468	2
8469	2
8470	1
8471	2
8472	0
8473	3
8474	0
8475	5
8476	1
8477	2
8478	2
8479	1
8480	2
8481	0
8482	2
8483	1
8484	3
8485	2
8486	0
8487	1
8488	0
8489	0
8490	0
8491	2
8492	2
8493	2
8494	0
8495	2
8496	2
8497	1
8498	2
8499	2
8500	1
8501	0
8502	3
8503	0
8504	0
8505	1
8506	0
8507	0
8508	4
8509	3
8510	0
8511	1
8512	0
8513	1
8514	1
8515	1
8516	3
8517	1
8518	1
8519	0
8520	0
8521	2
8522	0
8523	0
8524	0
8525	1
8526	1
8527	2
8528	1
8529	2
8530	0
8531	1
8532	1
8533	2
8534	3
8535	0
8536	0
8537	0
8538	3
8539	1
8540	0
8541	1
8542	0
8543	1
8544	1
8545	0
8546	0
8547	2
8548	4
8549	1
8550	1
8551	2
8552	1
8553	0
8554	1
8555	2
8556	1
8557	1
8558	2
8559	0
8560	0
8561	1
8562	0
8563	0
8564	0
8565	4
8566	0
8567	1
8568	2
8569	4
8570	1
8571	1
8572	0
8573	0
8574	1
8575	3
8576	0
8577	1
8578	1
8579	3
8580	0
8581	2
8582	0
8583	1
8584	1
8585	3
8586	0
8587	3
8588	1
8589	2
8590	0
8591	1
8592	1
8593	1
8594	1
8595	1
8596	0
8597	0
8598	5
8599	1
8600	1
8601	4
8602	1
8603	2
8604	0
8605	2
8606	1
8607	1
8608	1
8609	2
8610	4
8611	1
8612	0
8613	2
8614	0
8615	1
8616	1
8617	1
8618	2
8619	1
8620	1
8621	2
8622	1
8623	4
8624	0
8625	4
8626	1
8627	2
8628	1
8629	0
8630	2
8631	0
8632	1
8633	2
8634	5
8635	0
8636	2
8637	1
8638	5
8639	0
8640	1
8641	0
8642	0
8643	2
8644	2
8645	3
8646	1
8647	1
8648	0
8649	0
8650	1
8651	2
8652	0
8653	0
8654	0
8655	0
8656	1
8657	3
8658	2
8659	1
8660	0
8661	1
8662	2
8663	0
8664	0
8665	1
8666	6
8667	0
8668	0
8669	0
8670	0
8671	1
8672	0
8673	1
8674	3
8675	0
8676	0
8677	3
8678	5
8679	0
8680	2
8681	2
8682	1
8683	0
8684	1
8685	4
8686	2
8687	0
8688	1
8689	1
8690	1
8691	1
8692	0
8693	1
8694	1
8695	1
8696	1
8697	2
8698	0
8699	0
8700	1
8701	0
8702	0
8703	2
8704	2
8705	2
8706	2
8707	3
8708	1
8709	0
8710	0
8711	1
8712	1
8713	2
8714	0
8715	3
8716	2
8717	1
8718	0
8719	1
8720	0
8721	1
8722	0
8723	3
8724	0
8725	0
8726	2
8727	1
8728	1
8729	2
8730	1
8731	0
8732	3
8733	2
8734	0
8735	2
8736	0
8737	2
8738	3
8739	1
8740	2
8741	1
8742	1
8743	1
8744	2
8745	2
8746	0
8747	0
8748	0
8749	1
8750	2
8751	2
8752	4
8753	1
8754	1
8755	1
8756	1
8757	0
8758	3
8759	3
8760	1
8761	3
8762	2
8763	1
8764	0
8765	3
8766	0
8767	1
8768	1
8769	1
8770	1
8771	2
8772	0
8773	1
8774	2
8775	4
8776	1
8777	3
8778	2
8779	1
8780	4
8781	1
8782	1
8783	1
8784	2
8785	4
8786	1
8787	2
8788	1
8789	3
8790	1
8791	2
8792	3
8793	2
8794	2
8795	1
8796	2
8797	1
8798	3
8799	1
8800	1
8801	4
8802	0
8803	3
8804	4
8805	3
8806	4
8807	3
8808	2
8809	1
8810	3
8811	2
8812	4
8813	3
8814	4
8815	0
8816	3
8817	0
8818	1
8819	2
8820	1
8821	2
8822	4
8823	0
8824	4
8825	2
8826	0
8827	2
8828	1
8829	3
8830	3
8831	5
8832	0
8833	3
8834	4
8835	0
8836	2
8837	4
8838	1
8839	2
8840	3
8841	1
8842	1
8843	1
8844	4
8845	0
8846	3
8847	3
8848	1
8849	6
8850	5
8851	1
8852	2
8853	3
8854	1
8855	4
8856	1
8857	2
8858	2
8859	1
8860	3
8861	3
8862	3
8863	1
8864	2
8865	2
8866	1
8867	4
8868	1
8869	5
8870	1
8871	3
8872	1
8873	3
8874	2
8875	2
8876	1
8877	1
8878	2
8879	3
8880	5
8881	0
8882	2
8883	2
8884	0
8885	2
8886	2
8887	0
8888	5
8889	1
8890	0
8891	2
8892	2
8893	1
8894	2
8895	4
8896	0
8897	2
8898	4
8899	2
8900	2
8901	4
8902	1
8903	1
8904	4
8905	1
8906	2
8907	5
8908	1
8909	2
8910	2
8911	2
8912	3
8913	4
8914	1
8915	2
8916	1
8917	1
8918	1
8919	0
8920	4
8921	1
8922	1
8923	0
8924	1
8925	2
8926	0
8927	1
8928	2
8929	4
8930	3
8931	1
8932	1
8933	1
8934	1
8935	2
8936	3
8937	1
8938	2
8939	1
8940	2
8941	1
8942	1
8943	2
8944	3
8945	3
8946	2
8947	1
8948	0
8949	3
8950	2
8951	1
8952	2
8953	1
8954	1
8955	1
8956	1
8957	2
8958	2
8959	1
8960	1
8961	1
8962	2
8963	1
8964	1
8965	1
8966	2
8967	2
8968	0
8969	0
8970	1
8971	0
8972	3
8973	3
8974	0
8975	3
8976	1
8977	1
8978	1
8979	2
8980	1
8981	1
8982	1
8983	1
8984	1
8985	1
8986	1
8987	1
8988	1
8989	1
8990	1
8991	0
8992	1
8993	1
8994	1
8995	2
8996	0
8997	4
8998	0
8999	0
9000	2
9001	2
9002	0
9003	0
9004	3
9005	1
9006	0
9007	3
9008	0
9009	1
9010	2
9011	2
9012	1
9013	3
9014	0
9015	1
9016	1
9017	0
9018	0
9019	1
9020	1
9021	1
9022	2
9023	0
9024	1
9025	1
9026	0
9027	2
9028	1
9029	1
9030	0
9031	1
9032	0
9033	3
9034	2
9035	0
9036	0
9037	3
9038	2
9039	1
9040	1
9041	0
9042	1
9043	3
9044	0
9045	5
9046	1
9047	6
9048	1
9049	1
9050	1
9051	2
9052	2
9053	0
9054	5
9055	2
9056	2
9057	5
9058	1
9059	0
9060	2
9061	2
9062	3
9063	1
9064	0
9065	1
9066	3
9067	5
9068	1
9069	1
9070	1
9071	4
9072	2
9073	1
9074	2
9075	5
9076	2
9077	0
9078	4
9079	1
9080	0
9081	2
9082	3
9083	3
9084	2
9085	1
9086	3
9087	5
9088	3
9089	4
9090	3
9091	3
9092	4
9093	3
9094	2
9095	3
9096	2
9097	2
9098	0
9099	1
9100	3
9101	1
9102	2
9103	2
9104	1
9105	2
9106	1
9107	4
9108	0
9109	5
9110	2
9111	2
9112	2
9113	0
9114	3
9115	1
9116	2
9117	1
9118	2
9119	2
9120	1
9121	4
9122	4
9123	1
9124	2
9125	1
9126	0
9127	2
9128	4
9129	5
9130	3
9131	3
9132	2
9133	1
9134	4
9135	2
9136	4
9137	2
9138	2
9139	5
9140	2
9141	2
9142	2
9143	1
9144	0
9145	2
9146	2
9147	0
9148	2
9149	1
9150	5
9151	1
9152	2
9153	1
9154	1
9155	1
9156	3
9157	1
9158	2
9159	2
9160	1
9161	1
9162	1
9163	3
9164	4
9165	6
9166	3
9167	7
9168	3
9169	0
9170	1
9171	2
9172	6
9173	3
9174	1
9175	1
9176	2
9177	2
9178	2
9179	1
9180	0
9181	0
9182	1
9183	2
9184	2
9185	2
9186	0
9187	1
9188	4
9189	3
9190	1
9191	2
9192	3
9193	2
9194	6
9195	5
9196	1
9197	2
9198	3
9199	4
9200	1
9201	1
9202	0
9203	2
9204	1
9205	2
9206	1
9207	0
9208	2
9209	2
9210	1
9211	3
9212	2
9213	4
9214	3
9215	3
9216	2
9217	1
9218	4
9219	0
9220	2
9221	5
9222	3
9223	0
9224	2
9225	4
9226	2
9227	0
9228	1
9229	1
9230	1
9231	2
9232	4
9233	2
9234	2
9235	1
9236	3
9237	1
9238	2
9239	2
9240	3
9241	4
9242	2
9243	1
9244	2
9245	0
9246	1
9247	1
9248	2
9249	1
9250	3
9251	5
9252	1
9253	2
9254	4
9255	2
9256	4
9257	4
9258	1
9259	4
9260	2
9261	0
9262	1
9263	1
9264	1
9265	1
9266	2
9267	5
9268	3
9269	1
9270	1
9271	1
9272	1
9273	1
9274	2
9275	1
9276	3
9277	2
9278	3
9279	2
9280	1
9281	2
9282	2
9283	3
9284	1
9285	1
9286	4
9287	0
9288	2
9289	3
9290	3
9291	5
9292	1
9293	2
9294	5
9295	3
9296	4
9297	1
9298	3
9299	2
9300	1
9301	1
9302	4
9303	3
9304	2
9305	1
9306	0
9307	1
9308	3
9309	1
9310	4
9311	1
9312	1
9313	2
9314	3
9315	2
9316	3
9317	1
9318	1
9319	1
9320	1
9321	1
9322	4
9323	2
9324	2
9325	5
9326	3
9327	2
9328	2
9329	1
9330	1
9331	2
9332	5
9333	2
9334	5
9335	3
9336	0
9337	1
9338	1
9339	1
9340	2
9341	4
9342	0
9343	1
9344	2
9345	3
9346	0
9347	3
9348	3
9349	1
9350	0
9351	1
9352	1
9353	1
9354	0
9355	1
9356	2
9357	2
9358	3
9359	1
9360	3
9361	4
9362	1
9363	1
9364	2
9365	0
9366	2
9367	1
9368	2
9369	2
9370	0
9371	3
9372	1
9373	3
9374	0
9375	0
9376	2
9377	2
9378	3
9379	1
9380	4
9381	1
9382	1
9383	2
9384	5
9385	1
9386	3
9387	2
9388	0
9389	3
9390	1
9391	1
9392	3
9393	0
9394	0
9395	3
9396	1
9397	2
9398	2
9399	2
9400	1
9401	4
9402	3
9403	4
9404	1
9405	6
9406	3
9407	1
9408	3
9409	0
9410	3
9411	2
9412	4
9413	3
9414	2
9415	1
9416	3
9417	2
9418	1
9419	3
9420	0
9421	7
9422	0
9423	1
9424	5
9425	6
9426	2
9427	1
9428	1
9429	5
9430	1
9431	3
9432	4
9433	4
9434	2
9435	6
9436	1
9437	3
9438	5
9439	2
9440	2
9441	2
9442	5
9443	3
9444	4
9445	1
9446	2
9447	4
9448	2
9449	0
9450	1
9451	3
9452	1
9453	3
9454	3
9455	1
9456	1
9457	5
9458	2
9459	1
9460	3
9461	3
9462	3
9463	1
9464	1
9465	1
9466	3
9467	3
9468	1
9469	1
9470	3
9471	2
9472	5
9473	2
9474	1
9475	4
9476	1
9477	2
9478	3
9479	1
9480	6
9481	1
9482	3
9483	3
9484	3
9485	4
9486	1
9487	4
9488	1
9489	4
9490	2
9491	2
9492	3
9493	2
9494	4
9495	4
9496	3
9497	2
9498	4
9499	7
9500	1
9501	2
9502	4
9503	1
9504	3
9505	4
9506	3
9507	1
9508	4
9509	4
9510	2
9511	4
9512	3
9513	1
9514	4
9515	6
9516	4
9517	4
9518	6
9519	0
9520	3
9521	2
9522	5
9523	1
9524	5
9525	2
9526	3
9527	0
9528	2
9529	1
9530	3
9531	2
9532	3
9533	4
9534	4
9535	3
9536	1
9537	1
9538	3
9539	2
9540	2
9541	2
9542	3
9543	3
9544	3
9545	4
9546	3
9547	2
9548	3
9549	3
9550	1
9551	2
9552	2
9553	4
9554	4
9555	4
9556	4
9557	1
9558	3
9559	1
9560	1
9561	1
9562	1
9563	5
9564	0
9565	1
9566	2
9567	1
9568	3
9569	3
9570	1
9571	2
9572	2
9573	0
9574	1
9575	4
9576	6
9577	3
9578	1
9579	2
9580	5
9581	4
9582	2
9583	1
9584	4
9585	3
9586	1
9587	6
9588	1
9589	0
9590	5
9591	1
9592	3
9593	3
9594	3
9595	3
9596	1
9597	6
9598	3
9599	2
9600	0
9601	4
9602	2
9603	4
9604	6
9605	2
9606	3
9607	4
9608	3
9609	3
9610	4
9611	3
9612	4
9613	4
9614	4
9615	5
9616	3
9617	1
9618	2
9619	3
9620	2
9621	3
9622	3
9623	1
9624	3
9625	2
9626	4
9627	3
9628	8
9629	2
9630	4
9631	0
9632	6
9633	3
9634	1
9635	6
9636	3
9637	0
9638	3
9639	3
9640	4
9641	2
9642	1
9643	3
9644	3
9645	1
9646	6
9647	2
9648	3
9649	7
9650	2
9651	1
9652	8
9653	3
9654	3
9655	4
9656	4
9657	2
9658	4
9659	1
9660	1
9661	3
9662	4
9663	2
9664	2
9665	4
9666	1
9667	6
9668	3
9669	2
9670	7
9671	1
9672	5
9673	3
9674	9
9675	3
9676	6
9677	2
9678	4
9679	2
9680	5
9681	2
9682	3
9683	6
9684	1
9685	3
9686	3
9687	3
9688	2
9689	2
9690	3
9691	2
9692	3
9693	5
9694	3
9695	4
9696	5
9697	3
9698	4
9699	5
9700	3
9701	2
9702	4
9703	2
9704	3
9705	3
9706	3
9707	3
9708	2
9709	4
9710	2
9711	2
9712	3
9713	12
9714	8
9715	8
9716	5
9717	4
9718	2
9719	2
9720	5
9721	5
9722	3
9723	7
9724	5
9725	3
9726	5
9727	5
9728	5
9729	4
9730	7
9731	8
9732	4
9733	1
9734	1
9735	4
9736	6
9737	4
9738	3
9739	4
9740	4
9741	4
9742	3
9743	4
9744	6
9745	3
9746	8
9747	3
9748	5
9749	5
9750	7
9751	4
9752	3
9753	5
9754	5
9755	6
9756	5
9757	2
9758	4
9759	4
9760	4
9761	2
9762	6
9763	5
9764	4
9765	3
9766	5
9767	5
9768	7
9769	2
9770	6
9771	7
9772	5
9773	5
9774	5
9775	3
9776	7
9777	3
9778	3
9779	8
9780	1
9781	3
9782	4
9783	8
9784	5
9785	6
9786	1
9787	3
9788	5
9789	4
9790	6
9791	4
9792	8
9793	5
9794	5
9795	6
9796	4
9797	9
9798	7
9799	7
9800	4
9801	7
9802	6
9803	4
9804	5
9805	6
9806	5
9807	4
9808	5
9809	3
9810	4
9811	5
9812	5
9813	4
9814	6
9815	7
9816	4
9817	7
9818	2
9819	5
9820	3
9821	7
9822	2
9823	4
9824	8
9825	5
9826	3
9827	4
9828	7
9829	7
9830	5
9831	6
9832	4
9833	5
9834	4
9835	5
9836	3
9837	2
9838	4
9839	8
9840	1
9841	5
9842	6
9843	2
9844	7
9845	3
9846	3
9847	5
9848	7
9849	3
9850	6
9851	5
9852	6
9853	4
9854	1
9855	4
9856	7
9857	4
9858	2
9859	8
9860	3
9861	4
9862	5
9863	3
9864	2
9865	6
9866	10
9867	6
9868	9
9869	6
9870	4
9871	4
9872	7
9873	7
9874	3
9875	0
9876	4
9877	7
9878	5
9879	6
9880	3
9881	1
9882	6
9883	2
9884	3
9885	2
9886	4
9887	2
9888	1
9889	8
9890	4
9891	3
9892	2
9893	6
9894	5
9895	8
9896	3
9897	3
9898	3
9899	6
9900	8
9901	5
9902	3
9903	4
9904	6
9905	0
9906	6
9907	5
9908	7
9909	0
9910	10
9911	3
9912	7
9913	4
9914	4
9915	7
9916	3
9917	3
9918	2
9919	6
9920	3
9921	7
9922	2
9923	6
9924	3
9925	1
9926	2
9927	5
9928	2
9929	3
9930	5
9931	7
9932	7
9933	3
9934	8
9935	7
9936	3
9937	4
9938	5
9939	8
9940	4
9941	7
9942	8
9943	3
9944	3
9945	4
9946	5
9947	9
9948	2
9949	1
9950	7
9951	6
9952	3
9953	5
9954	7
9955	3
9956	1
9957	9
9958	5
9959	3
9960	2
9961	5
9962	6
9963	3
9964	4
9965	7
9966	3
9967	4
9968	7
9969	7
9970	3
9971	6
9972	3
9973	6
9974	7
9975	2
9976	2
9977	2
9978	5
9979	7
9980	7
9981	4
9982	6
9983	2
9984	3
9985	8
9986	3
9987	4
9988	7
9989	3
9990	6
9991	5
9992	4
9993	3
9994	3
9995	2
9996	6
9997	4
9998	1
9999	1
10000	4
