1	356549569
2	12265892
3	6364830
4	5154312
5	4211935
6	3543958
7	3045644
8	2712342
9	2514464
10	2430517
11	2480578
12	2687613
13	3041956
14	3547497
15	4182465
16	4919347
17	5743712
18	6586810
19	7413540
20	8139723
21	8729807
22	9144191
23	9332527
24	9252753
25	8974312
26	8477314
27	7793018
28	7007917
29	6137916
30	5261054
31	4411457
32	3617766
33	2903064
34	2287762
35	1773509
36	1353708
37	1015061
38	757216
39	562932
40	419754
41	316408
42	242463
43	190545
44	154646
45	130038
46	113508
47	101978
48	94577
49	88607
50	84098
51	79911
52	76130
53	72239
54	69827
55	66647
56	63790
57	60670
58	58032
59	55223
60	51815
61	49129
62	46207
63	43514
64	41172
65	39452
66	37232
67	35673
68	33924
69	31838
70	31130
71	29998
72	28612
73	27984
74	27414
75	26572
76	25543
77	24818
78	24061
79	23631
80	22579
81	22042
82	21407
83	20894
84	20680
85	19861
86	19346
87	18695
88	18436
89	17697
90	16932
91	16299
92	15993
93	15616
94	15145
95	14829
96	14368
97	14188
98	14108
99	13823
100	13429
101	13061
102	13004
103	12767
104	12210
105	12072
106	12248
107	11677
108	11289
109	11022
110	10826
111	10537
112	10590
113	10216
114	10136
115	10317
116	9971
117	9678
118	9660
119	9515
120	9201
121	9025
122	8798
123	8715
124	8666
125	8461
126	8289
127	8224
128	8226
129	8335
130	8000
131	7791
132	7644
133	7886
134	7638
135	7727
136	7673
137	7682
138	7456
139	7339
140	7077
141	6875
142	6881
143	6575
144	6692
145	6719
146	6496
147	6339
148	6410
149	6323
150	6239
151	6221
152	6062
153	6195
154	6018
155	6039
156	6002
157	5893
158	5885
159	5688
160	5522
161	5676
162	5597
163	5462
164	5568
165	5415
166	5326
167	5140
168	5309
169	5175
170	4995
171	4982
172	4897
173	4891
174	4727
175	4621
176	4718
177	4807
178	4534
179	4647
180	4472
181	4496
182	4520
183	4499
184	4321
185	4400
186	4251
187	4215
188	4175
189	4104
190	4084
191	4226
192	4088
193	4157
194	4019
195	4064
196	3950
197	4051
198	3857
199	3792
200	3581
201	3653
202	3693
203	3713
204	3736
205	3597
206	3615
207	3693
208	3543
209	3602
210	3552
211	3550
212	3478
213	3566
214	3420
215	3386
216	3404
217	3375
218	3262
219	3346
220	3203
221	3339
222	3175
223	3180
224	3227
225	3081
226	3154
227	3066
228	3026
229	3067
230	2953
231	3009
232	2950
233	2731
234	2877
235	2735
236	2734
237	2615
238	2717
239	2592
240	2602
241	2638
242	2659
243	2415
244	2468
245	2350
246	2400
247	2343
248	2249
249	2324
250	2282
251	2188
252	2137
253	2104
254	2140
255	2074
256	2124
257	2078
258	2120
259	2140
260	2010
261	2024
262	2090
263	2110
264	2084
265	1983
266	1963
267	2073
268	1969
269	1935
270	1939
271	1827
272	1814
273	1814
274	1759
275	1801
276	1790
277	1655
278	1724
279	1726
280	1676
281	1673
282	1625
283	1591
284	1605
285	1601
286	1588
287	1667
288	1682
289	1583
290	1563
291	1553
292	1530
293	1511
294	1436
295	1541
296	1429
297	1497
298	1510
299	1509
300	1468
301	1372
302	1350
303	1349
304	1410
305	1335
306	1336
307	1356
308	1287
309	1334
310	1340
311	1296
312	1327
313	1254
314	1280
315	1204
316	1255
317	1200
318	1251
319	1236
320	1167
321	1229
322	1146
323	1208
324	1199
325	1227
326	1164
327	1156
328	1135
329	1159
330	1096
331	1150
332	1155
333	1112
334	1080
335	1101
336	1093
337	1075
338	1111
339	1172
340	1085
341	1121
342	1004
343	1002
344	1055
345	1038
346	1063
347	989
348	950
349	964
350	938
351	983
352	983
353	909
354	927
355	923
356	912
357	970
358	917
359	929
360	917
361	884
362	936
363	908
364	872
365	850
366	831
367	856
368	859
369	831
370	841
371	801
372	854
373	777
374	840
375	824
376	784
377	809
378	811
379	785
380	773
381	757
382	808
383	774
384	822
385	749
386	778
387	784
388	787
389	732
390	756
391	755
392	702
393	685
394	707
395	761
396	741
397	706
398	719
399	721
400	737
401	676
402	684
403	689
404	715
405	701
406	687
407	656
408	684
409	700
410	682
411	669
412	639
413	643
414	627
415	677
416	642
417	625
418	651
419	634
420	609
421	663
422	600
423	641
424	606
425	616
426	585
427	621
428	626
429	604
430	554
431	602
432	626
433	616
434	619
435	558
436	588
437	580
438	577
439	566
440	558
441	505
442	563
443	558
444	539
445	572
446	578
447	544
448	552
449	519
450	522
451	532
452	502
453	533
454	505
455	548
456	510
457	532
458	504
459	533
460	531
461	480
462	467
463	527
464	523
465	552
466	533
467	515
468	528
469	524
470	508
471	521
472	521
473	496
474	504
475	485
476	525
477	500
478	483
479	476
480	460
481	449
482	474
483	463
484	460
485	401
486	477
487	416
488	459
489	436
490	492
491	459
492	485
493	462
494	443
495	499
496	460
497	465
498	443
499	461
500	476
501	468
502	474
503	520
504	513
505	477
506	509
507	460
508	512
509	469
510	453
511	519
512	516
513	442
514	448
515	458
516	488
517	448
518	464
519	500
520	458
521	510
522	480
523	448
524	486
525	444
526	502
527	438
528	457
529	466
530	455
531	459
532	485
533	427
534	406
535	462
536	428
537	422
538	437
539	444
540	455
541	407
542	434
543	440
544	426
545	444
546	429
547	394
548	421
549	412
550	414
551	406
552	396
553	427
554	414
555	387
556	441
557	367
558	362
559	422
560	410
561	409
562	395
563	391
564	344
565	413
566	408
567	364
568	376
569	359
570	409
571	385
572	376
573	367
574	388
575	357
576	389
577	401
578	366
579	423
580	371
581	422
582	419
583	390
584	354
585	406
586	399
587	407
588	341
589	379
590	385
591	350
592	372
593	391
594	331
595	343
596	339
597	360
598	355
599	359
600	392
601	350
602	375
603	345
604	350
605	380
606	370
607	334
608	376
609	331
610	331
611	341
612	339
613	346
614	356
615	352
616	324
617	339
618	317
619	299
620	318
621	333
622	361
623	335
624	332
625	303
626	328
627	320
628	259
629	309
630	317
631	263
632	320
633	313
634	301
635	309
636	278
637	305
638	280
639	310
640	308
641	319
642	277
643	302
644	291
645	258
646	300
647	318
648	335
649	292
650	305
651	300
652	285
653	262
654	286
655	285
656	271
657	321
658	313
659	287
660	310
661	287
662	285
663	277
664	257
665	286
666	243
667	262
668	256
669	250
670	281
671	291
672	274
673	256
674	289
675	256
676	258
677	231
678	233
679	260
680	252
681	233
682	249
683	268
684	248
685	245
686	248
687	260
688	237
689	239
690	259
691	256
692	263
693	264
694	289
695	265
696	246
697	272
698	223
699	236
700	211
701	243
702	240
703	204
704	199
705	227
706	229
707	235
708	217
709	252
710	215
711	208
712	241
713	202
714	238
715	211
716	218
717	217
718	210
719	236
720	248
721	236
722	231
723	238
724	213
725	227
726	214
727	205
728	215
729	195
730	210
731	228
732	200
733	202
734	207
735	206
736	199
737	220
738	171
739	209
740	190
741	207
742	200
743	225
744	226
745	209
746	212
747	203
748	206
749	193
750	201
751	183
752	177
753	200
754	219
755	182
756	180
757	189
758	176
759	181
760	177
761	206
762	187
763	194
764	173
765	166
766	195
767	213
768	200
769	204
770	170
771	198
772	234
773	204
774	206
775	188
776	169
777	191
778	173
779	181
780	179
781	193
782	209
783	195
784	170
785	165
786	177
787	182
788	181
789	156
790	154
791	164
792	166
793	177
794	155
795	162
796	169
797	168
798	158
799	162
800	152
801	157
802	188
803	149
804	155
805	164
806	149
807	178
808	170
809	166
810	168
811	192
812	156
813	165
814	178
815	162
816	167
817	141
818	157
819	164
820	162
821	145
822	183
823	169
824	144
825	174
826	152
827	150
828	149
829	155
830	149
831	150
832	135
833	153
834	163
835	148
836	156
837	176
838	148
839	145
840	152
841	143
842	175
843	143
844	173
845	160
846	145
847	142
848	141
849	175
850	150
851	151
852	160
853	168
854	137
855	174
856	140
857	142
858	147
859	167
860	153
861	151
862	127
863	143
864	184
865	139
866	177
867	167
868	157
869	141
870	158
871	165
872	142
873	173
874	151
875	161
876	162
877	174
878	150
879	148
880	143
881	129
882	152
883	143
884	161
885	134
886	142
887	126
888	149
889	125
890	166
891	157
892	150
893	144
894	122
895	153
896	131
897	118
898	155
899	137
900	129
901	139
902	153
903	143
904	125
905	158
906	138
907	129
908	135
909	130
910	138
911	122
912	113
913	138
914	118
915	134
916	135
917	149
918	139
919	116
920	128
921	128
922	152
923	110
924	120
925	136
926	128
927	120
928	119
929	120
930	117
931	141
932	120
933	141
934	115
935	128
936	116
937	127
938	129
939	123
940	137
941	120
942	130
943	104
944	121
945	105
946	126
947	115
948	117
949	143
950	124
951	119
952	110
953	112
954	120
955	117
956	123
957	136
958	119
959	121
960	134
961	127
962	116
963	115
964	119
965	141
966	119
967	128
968	139
969	113
970	129
971	106
972	149
973	144
974	124
975	123
976	123
977	132
978	122
979	123
980	108
981	127
982	127
983	122
984	123
985	110
986	108
987	112
988	123
989	123
990	120
991	100
992	96
993	105
994	111
995	104
996	118
997	103
998	128
999	113
1000	116
1001	103
1002	129
1003	118
1004	108
1005	105
1006	109
1007	105
1008	133
1009	103
1010	116
1011	114
1012	109
1013	99
1014	107
1015	91
1016	116
1017	115
1018	112
1019	108
1020	111
1021	101
1022	111
1023	92
1024	92
1025	119
1026	105
1027	115
1028	98
1029	106
1030	96
1031	104
1032	91
1033	108
1034	101
1035	97
1036	87
1037	89
1038	72
1039	93
1040	90
1041	101
1042	103
1043	112
1044	98
1045	98
1046	97
1047	78
1048	80
1049	76
1050	86
1051	86
1052	96
1053	98
1054	88
1055	112
1056	78
1057	85
1058	91
1059	102
1060	78
1061	99
1062	80
1063	86
1064	85
1065	94
1066	99
1067	104
1068	103
1069	97
1070	88
1071	78
1072	88
1073	81
1074	93
1075	103
1076	79
1077	94
1078	81
1079	80
1080	82
1081	100
1082	77
1083	93
1084	95
1085	94
1086	93
1087	106
1088	99
1089	80
1090	105
1091	97
1092	77
1093	86
1094	79
1095	77
1096	87
1097	98
1098	98
1099	89
1100	93
1101	85
1102	86
1103	87
1104	90
1105	95
1106	93
1107	84
1108	78
1109	91
1110	83
1111	80
1112	81
1113	107
1114	90
1115	75
1116	91
1117	98
1118	95
1119	75
1120	77
1121	89
1122	72
1123	81
1124	75
1125	84
1126	78
1127	65
1128	83
1129	75
1130	84
1131	83
1132	93
1133	69
1134	89
1135	71
1136	95
1137	78
1138	73
1139	75
1140	102
1141	86
1142	94
1143	87
1144	93
1145	94
1146	85
1147	88
1148	68
1149	88
1150	81
1151	89
1152	96
1153	91
1154	84
1155	101
1156	77
1157	90
1158	79
1159	67
1160	82
1161	71
1162	87
1163	80
1164	72
1165	84
1166	92
1167	84
1168	67
1169	76
1170	72
1171	77
1172	72
1173	78
1174	83
1175	87
1176	74
1177	70
1178	85
1179	94
1180	88
1181	69
1182	83
1183	79
1184	81
1185	77
1186	81
1187	89
1188	76
1189	88
1190	89
1191	99
1192	80
1193	66
1194	86
1195	90
1196	82
1197	69
1198	79
1199	64
1200	68
1201	65
1202	109
1203	81
1204	79
1205	76
1206	94
1207	96
1208	74
1209	88
1210	66
1211	84
1212	71
1213	90
1214	66
1215	71
1216	81
1217	81
1218	84
1219	67
1220	72
1221	68
1222	68
1223	62
1224	59
1225	79
1226	68
1227	75
1228	76
1229	68
1230	79
1231	78
1232	64
1233	76
1234	69
1235	75
1236	59
1237	68
1238	73
1239	75
1240	59
1241	72
1242	62
1243	68
1244	88
1245	74
1246	63
1247	69
1248	62
1249	78
1250	68
1251	83
1252	55
1253	64
1254	88
1255	58
1256	72
1257	68
1258	62
1259	67
1260	66
1261	70
1262	66
1263	60
1264	72
1265	62
1266	71
1267	78
1268	69
1269	68
1270	63
1271	76
1272	75
1273	61
1274	88
1275	67
1276	77
1277	67
1278	68
1279	66
1280	65
1281	74
1282	81
1283	66
1284	52
1285	64
1286	57
1287	76
1288	56
1289	74
1290	62
1291	53
1292	63
1293	73
1294	71
1295	67
1296	65
1297	53
1298	71
1299	59
1300	63
1301	56
1302	54
1303	57
1304	76
1305	46
1306	47
1307	50
1308	51
1309	47
1310	41
1311	48
1312	55
1313	56
1314	66
1315	65
1316	49
1317	59
1318	59
1319	55
1320	58
1321	51
1322	53
1323	61
1324	63
1325	54
1326	69
1327	37
1328	63
1329	50
1330	61
1331	43
1332	56
1333	52
1334	50
1335	61
1336	46
1337	46
1338	53
1339	59
1340	44
1341	56
1342	60
1343	51
1344	47
1345	58
1346	53
1347	45
1348	48
1349	56
1350	44
1351	60
1352	60
1353	62
1354	62
1355	71
1356	54
1357	58
1358	65
1359	59
1360	55
1361	57
1362	74
1363	65
1364	62
1365	42
1366	60
1367	48
1368	60
1369	58
1370	60
1371	66
1372	58
1373	62
1374	67
1375	50
1376	63
1377	78
1378	45
1379	56
1380	44
1381	46
1382	33
1383	53
1384	46
1385	53
1386	51
1387	54
1388	53
1389	41
1390	71
1391	55
1392	72
1393	44
1394	65
1395	56
1396	52
1397	52
1398	47
1399	41
1400	47
1401	47
1402	54
1403	52
1404	46
1405	62
1406	51
1407	57
1408	62
1409	59
1410	54
1411	66
1412	55
1413	66
1414	71
1415	63
1416	60
1417	55
1418	67
1419	55
1420	80
1421	55
1422	56
1423	61
1424	51
1425	45
1426	65
1427	54
1428	49
1429	52
1430	53
1431	57
1432	64
1433	61
1434	56
1435	46
1436	55
1437	47
1438	49
1439	61
1440	49
1441	67
1442	50
1443	54
1444	53
1445	59
1446	54
1447	55
1448	51
1449	58
1450	51
1451	56
1452	50
1453	56
1454	54
1455	48
1456	61
1457	42
1458	50
1459	48
1460	53
1461	58
1462	65
1463	44
1464	46
1465	50
1466	54
1467	63
1468	55
1469	46
1470	55
1471	64
1472	39
1473	45
1474	55
1475	52
1476	61
1477	52
1478	41
1479	44
1480	44
1481	43
1482	52
1483	57
1484	51
1485	42
1486	56
1487	55
1488	48
1489	45
1490	53
1491	56
1492	40
1493	57
1494	46
1495	52
1496	58
1497	52
1498	46
1499	46
1500	39
1501	40
1502	34
1503	48
1504	46
1505	54
1506	54
1507	48
1508	41
1509	47
1510	59
1511	46
1512	43
1513	37
1514	34
1515	43
1516	41
1517	48
1518	56
1519	33
1520	39
1521	50
1522	33
1523	58
1524	43
1525	57
1526	37
1527	45
1528	44
1529	39
1530	48
1531	41
1532	35
1533	57
1534	46
1535	63
1536	59
1537	53
1538	48
1539	52
1540	43
1541	66
1542	53
1543	50
1544	58
1545	54
1546	50
1547	59
1548	57
1549	42
1550	51
1551	46
1552	62
1553	49
1554	53
1555	51
1556	61
1557	57
1558	44
1559	45
1560	46
1561	45
1562	41
1563	51
1564	42
1565	56
1566	35
1567	48
1568	36
1569	43
1570	43
1571	37
1572	44
1573	44
1574	42
1575	45
1576	48
1577	51
1578	45
1579	42
1580	31
1581	47
1582	43
1583	48
1584	44
1585	31
1586	48
1587	52
1588	45
1589	40
1590	40
1591	46
1592	42
1593	43
1594	34
1595	46
1596	55
1597	39
1598	52
1599	54
1600	40
1601	53
1602	50
1603	54
1604	35
1605	47
1606	39
1607	38
1608	48
1609	47
1610	50
1611	29
1612	42
1613	35
1614	40
1615	42
1616	43
1617	38
1618	43
1619	43
1620	50
1621	46
1622	53
1623	45
1624	34
1625	24
1626	44
1627	51
1628	33
1629	34
1630	60
1631	43
1632	47
1633	52
1634	36
1635	47
1636	42
1637	51
1638	39
1639	32
1640	44
1641	46
1642	56
1643	40
1644	43
1645	40
1646	40
1647	36
1648	46
1649	48
1650	49
1651	47
1652	44
1653	52
1654	42
1655	49
1656	31
1657	48
1658	42
1659	55
1660	45
1661	53
1662	47
1663	50
1664	48
1665	41
1666	50
1667	45
1668	44
1669	45
1670	38
1671	45
1672	31
1673	36
1674	43
1675	35
1676	43
1677	44
1678	52
1679	33
1680	36
1681	42
1682	38
1683	42
1684	37
1685	32
1686	34
1687	35
1688	41
1689	39
1690	38
1691	42
1692	35
1693	49
1694	33
1695	47
1696	40
1697	51
1698	50
1699	44
1700	42
1701	40
1702	46
1703	45
1704	45
1705	30
1706	48
1707	38
1708	44
1709	29
1710	46
1711	40
1712	32
1713	35
1714	31
1715	36
1716	35
1717	32
1718	39
1719	31
1720	33
1721	34
1722	32
1723	31
1724	33
1725	39
1726	39
1727	44
1728	39
1729	38
1730	44
1731	43
1732	35
1733	47
1734	38
1735	50
1736	46
1737	31
1738	30
1739	22
1740	41
1741	34
1742	32
1743	40
1744	45
1745	33
1746	41
1747	41
1748	35
1749	38
1750	37
1751	38
1752	37
1753	29
1754	41
1755	43
1756	38
1757	35
1758	34
1759	39
1760	31
1761	33
1762	40
1763	38
1764	44
1765	26
1766	39
1767	49
1768	25
1769	34
1770	48
1771	41
1772	32
1773	34
1774	26
1775	44
1776	31
1777	31
1778	30
1779	27
1780	38
1781	27
1782	42
1783	36
1784	46
1785	31
1786	45
1787	53
1788	48
1789	38
1790	50
1791	32
1792	36
1793	39
1794	33
1795	34
1796	48
1797	35
1798	45
1799	46
1800	48
1801	50
1802	51
1803	48
1804	46
1805	42
1806	31
1807	44
1808	41
1809	44
1810	36
1811	53
1812	28
1813	38
1814	25
1815	34
1816	32
1817	36
1818	38
1819	33
1820	30
1821	38
1822	36
1823	34
1824	41
1825	41
1826	43
1827	43
1828	30
1829	31
1830	36
1831	31
1832	44
1833	29
1834	33
1835	40
1836	41
1837	42
1838	42
1839	40
1840	46
1841	36
1842	22
1843	33
1844	42
1845	27
1846	34
1847	37
1848	39
1849	38
1850	30
1851	28
1852	30
1853	34
1854	27
1855	39
1856	39
1857	31
1858	34
1859	39
1860	35
1861	48
1862	35
1863	31
1864	43
1865	23
1866	53
1867	37
1868	39
1869	34
1870	31
1871	33
1872	37
1873	31
1874	34
1875	40
1876	27
1877	34
1878	38
1879	32
1880	23
1881	26
1882	30
1883	45
1884	41
1885	35
1886	31
1887	35
1888	22
1889	24
1890	30
1891	40
1892	19
1893	27
1894	32
1895	32
1896	37
1897	40
1898	42
1899	37
1900	27
1901	24
1902	28
1903	20
1904	30
1905	23
1906	41
1907	39
1908	23
1909	32
1910	23
1911	30
1912	29
1913	22
1914	31
1915	29
1916	16
1917	32
1918	34
1919	33
1920	38
1921	22
1922	36
1923	28
1924	26
1925	23
1926	32
1927	26
1928	40
1929	32
1930	26
1931	26
1932	22
1933	32
1934	30
1935	26
1936	24
1937	39
1938	38
1939	34
1940	23
1941	34
1942	24
1943	38
1944	36
1945	32
1946	38
1947	29
1948	32
1949	28
1950	21
1951	24
1952	35
1953	27
1954	33
1955	30
1956	43
1957	24
1958	39
1959	34
1960	29
1961	31
1962	36
1963	27
1964	29
1965	38
1966	34
1967	25
1968	34
1969	33
1970	50
1971	34
1972	31
1973	31
1974	22
1975	34
1976	37
1977	32
1978	31
1979	27
1980	23
1981	24
1982	30
1983	25
1984	24
1985	29
1986	24
1987	40
1988	18
1989	22
1990	29
1991	15
1992	26
1993	29
1994	25
1995	29
1996	29
1997	17
1998	26
1999	22
2000	30
2001	30
2002	17
2003	32
2004	37
2005	21
2006	30
2007	27
2008	28
2009	27
2010	33
2011	26
2012	30
2013	29
2014	22
2015	28
2016	24
2017	33
2018	21
2019	28
2020	35
2021	29
2022	23
2023	20
2024	34
2025	28
2026	31
2027	25
2028	29
2029	25
2030	27
2031	25
2032	23
2033	29
2034	31
2035	27
2036	31
2037	31
2038	23
2039	26
2040	30
2041	28
2042	24
2043	32
2044	40
2045	30
2046	32
2047	23
2048	27
2049	27
2050	30
2051	31
2052	39
2053	23
2054	25
2055	26
2056	26
2057	28
2058	26
2059	25
2060	26
2061	18
2062	21
2063	30
2064	20
2065	34
2066	30
2067	25
2068	31
2069	37
2070	33
2071	25
2072	20
2073	26
2074	20
2075	25
2076	24
2077	37
2078	27
2079	34
2080	27
2081	27
2082	37
2083	35
2084	43
2085	34
2086	33
2087	23
2088	38
2089	27
2090	27
2091	31
2092	38
2093	27
2094	41
2095	32
2096	27
2097	34
2098	31
2099	29
2100	38
2101	28
2102	40
2103	31
2104	28
2105	23
2106	37
2107	44
2108	34
2109	29
2110	30
2111	29
2112	31
2113	36
2114	39
2115	24
2116	26
2117	37
2118	33
2119	24
2120	34
2121	38
2122	34
2123	33
2124	38
2125	32
2126	30
2127	34
2128	32
2129	31
2130	23
2131	27
2132	30
2133	30
2134	35
2135	30
2136	42
2137	38
2138	30
2139	27
2140	33
2141	30
2142	29
2143	20
2144	27
2145	23
2146	25
2147	25
2148	29
2149	21
2150	30
2151	26
2152	36
2153	29
2154	19
2155	30
2156	22
2157	22
2158	31
2159	19
2160	18
2161	19
2162	28
2163	24
2164	23
2165	41
2166	21
2167	25
2168	27
2169	23
2170	28
2171	18
2172	35
2173	21
2174	22
2175	23
2176	23
2177	25
2178	26
2179	18
2180	30
2181	27
2182	30
2183	20
2184	26
2185	24
2186	28
2187	36
2188	30
2189	21
2190	37
2191	26
2192	26
2193	36
2194	28
2195	31
2196	30
2197	27
2198	23
2199	24
2200	26
2201	26
2202	29
2203	22
2204	30
2205	22
2206	13
2207	19
2208	19
2209	33
2210	21
2211	36
2212	31
2213	18
2214	20
2215	28
2216	28
2217	20
2218	29
2219	30
2220	37
2221	29
2222	26
2223	27
2224	35
2225	31
2226	26
2227	21
2228	30
2229	27
2230	31
2231	28
2232	19
2233	27
2234	29
2235	29
2236	24
2237	20
2238	15
2239	18
2240	20
2241	17
2242	24
2243	19
2244	21
2245	33
2246	17
2247	27
2248	16
2249	25
2250	26
2251	22
2252	17
2253	27
2254	24
2255	25
2256	19
2257	27
2258	25
2259	25
2260	21
2261	24
2262	28
2263	15
2264	16
2265	31
2266	24
2267	28
2268	18
2269	23
2270	21
2271	25
2272	23
2273	28
2274	20
2275	26
2276	21
2277	22
2278	26
2279	22
2280	26
2281	26
2282	25
2283	25
2284	21
2285	19
2286	23
2287	38
2288	23
2289	23
2290	19
2291	29
2292	19
2293	29
2294	14
2295	31
2296	21
2297	20
2298	23
2299	19
2300	27
2301	29
2302	32
2303	21
2304	18
2305	21
2306	24
2307	25
2308	22
2309	23
2310	31
2311	29
2312	19
2313	23
2314	25
2315	24
2316	27
2317	31
2318	30
2319	18
2320	32
2321	20
2322	21
2323	19
2324	27
2325	21
2326	23
2327	23
2328	23
2329	26
2330	27
2331	25
2332	31
2333	32
2334	32
2335	19
2336	34
2337	30
2338	26
2339	27
2340	14
2341	24
2342	29
2343	28
2344	19
2345	12
2346	22
2347	18
2348	23
2349	26
2350	25
2351	24
2352	30
2353	25
2354	35
2355	24
2356	22
2357	22
2358	25
2359	25
2360	17
2361	25
2362	23
2363	21
2364	20
2365	25
2366	20
2367	24
2368	12
2369	24
2370	27
2371	12
2372	18
2373	16
2374	19
2375	24
2376	22
2377	15
2378	25
2379	19
2380	18
2381	17
2382	18
2383	21
2384	17
2385	11
2386	19
2387	16
2388	27
2389	21
2390	26
2391	17
2392	9
2393	19
2394	14
2395	23
2396	21
2397	20
2398	22
2399	17
2400	18
2401	26
2402	24
2403	19
2404	19
2405	26
2406	22
2407	21
2408	19
2409	28
2410	29
2411	22
2412	13
2413	21
2414	24
2415	26
2416	26
2417	26
2418	29
2419	23
2420	23
2421	25
2422	23
2423	24
2424	22
2425	17
2426	29
2427	21
2428	16
2429	23
2430	24
2431	17
2432	29
2433	21
2434	23
2435	19
2436	16
2437	20
2438	23
2439	19
2440	19
2441	20
2442	25
2443	24
2444	14
2445	20
2446	22
2447	20
2448	20
2449	20
2450	12
2451	10
2452	20
2453	18
2454	17
2455	17
2456	21
2457	24
2458	12
2459	19
2460	17
2461	13
2462	22
2463	13
2464	15
2465	18
2466	21
2467	21
2468	12
2469	27
2470	8
2471	24
2472	17
2473	20
2474	17
2475	16
2476	22
2477	20
2478	13
2479	21
2480	26
2481	17
2482	12
2483	24
2484	23
2485	23
2486	14
2487	14
2488	16
2489	20
2490	19
2491	14
2492	14
2493	21
2494	22
2495	18
2496	14
2497	12
2498	18
2499	15
2500	14
2501	18
2502	16
2503	12
2504	15
2505	14
2506	8
2507	17
2508	12
2509	22
2510	14
2511	11
2512	12
2513	15
2514	20
2515	16
2516	14
2517	15
2518	15
2519	18
2520	15
2521	11
2522	16
2523	8
2524	17
2525	9
2526	15
2527	17
2528	15
2529	11
2530	12
2531	11
2532	11
2533	7
2534	16
2535	17
2536	11
2537	12
2538	11
2539	11
2540	19
2541	14
2542	10
2543	10
2544	17
2545	16
2546	12
2547	6
2548	19
2549	5
2550	14
2551	11
2552	11
2553	8
2554	12
2555	17
2556	15
2557	17
2558	8
2559	8
2560	11
2561	18
2562	18
2563	16
2564	20
2565	17
2566	12
2567	18
2568	15
2569	17
2570	10
2571	11
2572	18
2573	23
2574	10
2575	15
2576	19
2577	10
2578	15
2579	19
2580	9
2581	14
2582	10
2583	20
2584	17
2585	7
2586	17
2587	17
2588	13
2589	10
2590	13
2591	17
2592	10
2593	12
2594	12
2595	18
2596	16
2597	13
2598	14
2599	6
2600	17
2601	12
2602	18
2603	18
2604	10
2605	15
2606	16
2607	13
2608	18
2609	11
2610	13
2611	13
2612	22
2613	8
2614	10
2615	12
2616	10
2617	15
2618	15
2619	12
2620	15
2621	10
2622	11
2623	15
2624	10
2625	10
2626	11
2627	18
2628	11
2629	8
2630	12
2631	11
2632	14
2633	18
2634	12
2635	14
2636	9
2637	11
2638	12
2639	16
2640	14
2641	17
2642	15
2643	10
2644	14
2645	11
2646	9
2647	9
2648	13
2649	15
2650	6
2651	9
2652	8
2653	14
2654	13
2655	11
2656	11
2657	19
2658	12
2659	14
2660	12
2661	15
2662	3
2663	8
2664	6
2665	14
2666	5
2667	12
2668	9
2669	17
2670	14
2671	10
2672	18
2673	11
2674	11
2675	11
2676	13
2677	12
2678	11
2679	17
2680	9
2681	9
2682	15
2683	15
2684	14
2685	12
2686	10
2687	13
2688	17
2689	6
2690	21
2691	19
2692	8
2693	10
2694	13
2695	10
2696	16
2697	13
2698	16
2699	12
2700	10
2701	13
2702	8
2703	11
2704	12
2705	11
2706	14
2707	11
2708	13
2709	4
2710	16
2711	10
2712	13
2713	15
2714	16
2715	10
2716	16
2717	12
2718	19
2719	15
2720	16
2721	12
2722	11
2723	7
2724	16
2725	15
2726	11
2727	11
2728	12
2729	11
2730	18
2731	7
2732	9
2733	16
2734	14
2735	18
2736	16
2737	17
2738	17
2739	10
2740	13
2741	11
2742	16
2743	17
2744	10
2745	14
2746	13
2747	9
2748	19
2749	16
2750	12
2751	10
2752	14
2753	10
2754	16
2755	8
2756	12
2757	7
2758	12
2759	10
2760	16
2761	18
2762	13
2763	12
2764	9
2765	10
2766	9
2767	7
2768	10
2769	10
2770	13
2771	9
2772	10
2773	10
2774	8
2775	8
2776	12
2777	14
2778	15
2779	17
2780	15
2781	12
2782	15
2783	14
2784	8
2785	13
2786	6
2787	11
2788	9
2789	11
2790	11
2791	9
2792	16
2793	11
2794	8
2795	15
2796	7
2797	11
2798	9
2799	10
2800	20
2801	14
2802	12
2803	10
2804	9
2805	11
2806	14
2807	12
2808	15
2809	10
2810	12
2811	16
2812	11
2813	16
2814	12
2815	8
2816	10
2817	10
2818	14
2819	14
2820	12
2821	11
2822	12
2823	8
2824	14
2825	10
2826	16
2827	10
2828	6
2829	8
2830	23
2831	12
2832	15
2833	14
2834	7
2835	13
2836	11
2837	11
2838	16
2839	16
2840	11
2841	5
2842	9
2843	8
2844	16
2845	17
2846	6
2847	11
2848	12
2849	9
2850	16
2851	20
2852	12
2853	13
2854	16
2855	10
2856	10
2857	14
2858	11
2859	11
2860	7
2861	17
2862	16
2863	10
2864	11
2865	9
2866	13
2867	11
2868	14
2869	13
2870	9
2871	18
2872	7
2873	8
2874	14
2875	16
2876	8
2877	6
2878	18
2879	15
2880	10
2881	9
2882	14
2883	13
2884	6
2885	9
2886	16
2887	14
2888	12
2889	11
2890	10
2891	8
2892	12
2893	12
2894	13
2895	10
2896	14
2897	14
2898	8
2899	7
2900	11
2901	7
2902	8
2903	8
2904	14
2905	9
2906	10
2907	11
2908	15
2909	15
2910	11
2911	12
2912	9
2913	11
2914	8
2915	11
2916	19
2917	6
2918	7
2919	9
2920	10
2921	8
2922	14
2923	16
2924	11
2925	15
2926	12
2927	17
2928	17
2929	17
2930	7
2931	12
2932	11
2933	12
2934	7
2935	7
2936	11
2937	11
2938	13
2939	12
2940	14
2941	17
2942	16
2943	11
2944	14
2945	10
2946	9
2947	9
2948	9
2949	15
2950	9
2951	19
2952	14
2953	9
2954	14
2955	13
2956	12
2957	15
2958	14
2959	16
2960	19
2961	14
2962	10
2963	17
2964	19
2965	14
2966	7
2967	11
2968	19
2969	7
2970	14
2971	12
2972	12
2973	10
2974	15
2975	13
2976	15
2977	8
2978	10
2979	12
2980	12
2981	7
2982	7
2983	15
2984	10
2985	10
2986	16
2987	10
2988	12
2989	15
2990	7
2991	15
2992	13
2993	15
2994	12
2995	15
2996	15
2997	10
2998	11
2999	14
3000	8
3001	13
3002	13
3003	5
3004	10
3005	10
3006	12
3007	12
3008	6
3009	10
3010	12
3011	17
3012	7
3013	11
3014	8
3015	8
3016	11
3017	15
3018	12
3019	13
3020	12
3021	12
3022	5
3023	7
3024	12
3025	8
3026	9
3027	11
3028	13
3029	10
3030	7
3031	14
3032	7
3033	9
3034	7
3035	18
3036	12
3037	11
3038	13
3039	10
3040	10
3041	10
3042	13
3043	18
3044	10
3045	6
3046	5
3047	12
3048	12
3049	15
3050	15
3051	10
3052	11
3053	8
3054	5
3055	8
3056	14
3057	15
3058	3
3059	11
3060	8
3061	6
3062	9
3063	9
3064	8
3065	10
3066	7
3067	16
3068	11
3069	13
3070	10
3071	5
3072	6
3073	11
3074	12
3075	16
3076	8
3077	4
3078	9
3079	13
3080	13
3081	7
3082	20
3083	13
3084	11
3085	5
3086	10
3087	13
3088	11
3089	12
3090	9
3091	11
3092	11
3093	12
3094	12
3095	6
3096	9
3097	9
3098	6
3099	7
3100	10
3101	8
3102	7
3103	7
3104	9
3105	8
3106	7
3107	14
3108	7
3109	10
3110	12
3111	12
3112	9
3113	5
3114	7
3115	7
3116	7
3117	14
3118	6
3119	9
3120	16
3121	10
3122	11
3123	4
3124	8
3125	9
3126	8
3127	4
3128	9
3129	8
3130	7
3131	14
3132	8
3133	6
3134	11
3135	13
3136	15
3137	7
3138	8
3139	10
3140	5
3141	7
3142	9
3143	7
3144	6
3145	6
3146	12
3147	9
3148	10
3149	6
3150	8
3151	8
3152	7
3153	6
3154	12
3155	7
3156	4
3157	12
3158	11
3159	12
3160	3
3161	10
3162	8
3163	6
3164	9
3165	11
3166	3
3167	10
3168	8
3169	5
3170	11
3171	6
3172	12
3173	17
3174	8
3175	13
3176	7
3177	14
3178	7
3179	9
3180	15
3181	5
3182	11
3183	11
3184	12
3185	12
3186	7
3187	14
3188	12
3189	8
3190	8
3191	10
3192	7
3193	7
3194	10
3195	6
3196	9
3197	7
3198	8
3199	7
3200	6
3201	7
3202	8
3203	7
3204	8
3205	9
3206	9
3207	3
3208	9
3209	6
3210	9
3211	12
3212	7
3213	8
3214	5
3215	14
3216	9
3217	10
3218	6
3219	8
3220	6
3221	3
3222	12
3223	7
3224	9
3225	8
3226	8
3227	9
3228	9
3229	11
3230	8
3231	9
3232	6
3233	6
3234	5
3235	9
3236	10
3237	9
3238	5
3239	6
3240	16
3241	8
3242	6
3243	7
3244	16
3245	11
3246	13
3247	11
3248	7
3249	12
3250	9
3251	7
3252	5
3253	8
3254	12
3255	8
3256	11
3257	10
3258	8
3259	9
3260	9
3261	6
3262	6
3263	11
3264	9
3265	12
3266	12
3267	5
3268	9
3269	3
3270	6
3271	3
3272	7
3273	10
3274	11
3275	6
3276	6
3277	8
3278	10
3279	10
3280	16
3281	11
3282	8
3283	8
3284	12
3285	5
3286	17
3287	5
3288	10
3289	4
3290	9
3291	9
3292	14
3293	11
3294	5
3295	5
3296	8
3297	12
3298	12
3299	4
3300	8
3301	12
3302	5
3303	13
3304	8
3305	12
3306	11
3307	13
3308	5
3309	16
3310	8
3311	7
3312	7
3313	8
3314	13
3315	12
3316	10
3317	11
3318	6
3319	9
3320	11
3321	9
3322	13
3323	3
3324	6
3325	9
3326	10
3327	10
3328	8
3329	10
3330	7
3331	10
3332	5
3333	8
3334	4
3335	12
3336	16
3337	9
3338	10
3339	7
3340	9
3341	10
3342	12
3343	5
3344	5
3345	8
3346	10
3347	3
3348	6
3349	8
3350	8
3351	4
3352	11
3353	3
3354	6
3355	4
3356	13
3357	8
3358	9
3359	10
3360	6
3361	13
3362	8
3363	14
3364	6
3365	5
3366	6
3367	8
3368	7
3369	8
3370	10
3371	7
3372	4
3373	9
3374	7
3375	11
3376	5
3377	8
3378	7
3379	12
3380	10
3381	7
3382	6
3383	7
3384	2
3385	5
3386	8
3387	9
3388	5
3389	8
3390	6
3391	6
3392	6
3393	10
3394	5
3395	8
3396	5
3397	10
3398	4
3399	2
3400	6
3401	12
3402	9
3403	5
3404	10
3405	8
3406	9
3407	7
3408	7
3409	3
3410	6
3411	6
3412	13
3413	7
3414	10
3415	3
3416	7
3417	4
3418	7
3419	6
3420	11
3421	8
3422	12
3423	8
3424	7
3425	9
3426	5
3427	11
3428	8
3429	10
3430	6
3431	7
3432	4
3433	6
3434	6
3435	6
3436	10
3437	10
3438	10
3439	15
3440	9
3441	5
3442	3
3443	5
3444	7
3445	8
3446	6
3447	9
3448	14
3449	5
3450	10
3451	8
3452	8
3453	6
3454	10
3455	13
3456	5
3457	11
3458	6
3459	7
3460	11
3461	7
3462	6
3463	7
3464	11
3465	12
3466	12
3467	9
3468	8
3469	9
3470	5
3471	8
3472	11
3473	4
3474	6
3475	12
3476	6
3477	10
3478	10
3479	4
3480	8
3481	11
3482	5
3483	10
3484	7
3485	9
3486	16
3487	10
3488	7
3489	8
3490	3
3491	7
3492	9
3493	4
3494	8
3495	13
3496	7
3497	8
3498	12
3499	9
3500	7
3501	14
3502	4
3503	5
3504	13
3505	10
3506	12
3507	8
3508	6
3509	12
3510	4
3511	8
3512	18
3513	9
3514	10
3515	9
3516	11
3517	9
3518	9
3519	13
3520	5
3521	5
3522	10
3523	10
3524	4
3525	5
3526	10
3527	10
3528	7
3529	7
3530	12
3531	7
3532	3
3533	11
3534	9
3535	6
3536	9
3537	12
3538	10
3539	7
3540	6
3541	4
3542	5
3543	6
3544	6
3545	6
3546	5
3547	5
3548	5
3549	6
3550	3
3551	8
3552	2
3553	12
3554	7
3555	10
3556	5
3557	4
3558	5
3559	8
3560	8
3561	8
3562	6
3563	7
3564	7
3565	1
3566	3
3567	11
3568	9
3569	12
3570	10
3571	7
3572	11
3573	5
3574	9
3575	11
3576	8
3577	11
3578	5
3579	6
3580	8
3581	9
3582	5
3583	10
3584	8
3585	10
3586	10
3587	7
3588	10
3589	8
3590	3
3591	4
3592	8
3593	2
3594	4
3595	7
3596	4
3597	9
3598	6
3599	6
3600	10
3601	4
3602	8
3603	9
3604	7
3605	9
3606	6
3607	7
3608	10
3609	5
3610	3
3611	9
3612	9
3613	5
3614	7
3615	7
3616	9
3617	11
3618	9
3619	2
3620	13
3621	9
3622	9
3623	3
3624	9
3625	7
3626	4
3627	11
3628	3
3629	4
3630	7
3631	8
3632	1
3633	8
3634	5
3635	6
3636	6
3637	8
3638	4
3639	5
3640	6
3641	13
3642	10
3643	6
3644	6
3645	8
3646	13
3647	3
3648	7
3649	5
3650	7
3651	12
3652	5
3653	14
3654	6
3655	9
3656	8
3657	5
3658	4
3659	5
3660	7
3661	6
3662	6
3663	6
3664	5
3665	9
3666	5
3667	4
3668	4
3669	5
3670	7
3671	8
3672	10
3673	5
3674	8
3675	3
3676	6
3677	12
3678	3
3679	11
3680	8
3681	7
3682	9
3683	7
3684	10
3685	8
3686	9
3687	6
3688	7
3689	14
3690	8
3691	5
3692	3
3693	5
3694	7
3695	4
3696	5
3697	7
3698	9
3699	9
3700	7
3701	6
3702	8
3703	13
3704	7
3705	6
3706	7
3707	7
3708	7
3709	5
3710	4
3711	11
3712	10
3713	6
3714	6
3715	5
3716	7
3717	9
3718	7
3719	4
3720	4
3721	9
3722	6
3723	6
3724	4
3725	6
3726	8
3727	6
3728	5
3729	8
3730	6
3731	7
3732	9
3733	6
3734	6
3735	9
3736	6
3737	9
3738	3
3739	5
3740	10
3741	5
3742	9
3743	5
3744	8
3745	7
3746	11
3747	6
3748	1
3749	10
3750	8
3751	14
3752	6
3753	6
3754	8
3755	13
3756	5
3757	6
3758	10
3759	2
3760	12
3761	10
3762	10
3763	5
3764	11
3765	6
3766	5
3767	4
3768	4
3769	6
3770	7
3771	7
3772	14
3773	1
3774	9
3775	4
3776	7
3777	10
3778	10
3779	6
3780	2
3781	9
3782	4
3783	8
3784	10
3785	8
3786	11
3787	8
3788	9
3789	9
3790	9
3791	9
3792	11
3793	7
3794	10
3795	10
3796	4
3797	7
3798	13
3799	10
3800	11
3801	7
3802	12
3803	7
3804	10
3805	9
3806	8
3807	13
3808	9
3809	9
3810	6
3811	4
3812	10
3813	11
3814	8
3815	9
3816	6
3817	13
3818	6
3819	11
3820	12
3821	7
3822	8
3823	8
3824	8
3825	3
3826	9
3827	10
3828	5
3829	2
3830	12
3831	5
3832	8
3833	8
3834	9
3835	10
3836	6
3837	7
3838	3
3839	5
3840	2
3841	8
3842	9
3843	3
3844	6
3845	8
3846	8
3847	9
3848	9
3849	7
3850	5
3851	8
3852	7
3853	8
3854	6
3855	3
3856	5
3857	11
3858	9
3859	11
3860	16
3861	9
3862	6
3863	3
3864	11
3865	8
3866	5
3867	5
3868	7
3869	7
3870	7
3871	6
3872	4
3873	7
3874	5
3875	9
3876	6
3877	7
3878	6
3879	6
3880	6
3881	6
3882	2
3883	8
3884	6
3885	6
3886	8
3887	10
3888	6
3889	10
3890	6
3891	5
3892	6
3893	3
3894	9
3895	10
3896	5
3897	8
3898	4
3899	5
3900	7
3901	6
3902	3
3903	5
3904	5
3905	7
3906	8
3907	6
3908	8
3909	8
3910	12
3911	9
3912	11
3913	4
3914	7
3915	10
3916	11
3917	6
3918	3
3919	14
3920	7
3921	7
3922	9
3923	6
3924	14
3925	11
3926	4
3927	9
3928	19
3929	7
3930	5
3931	9
3932	4
3933	4
3934	8
3935	10
3936	9
3937	13
3938	7
3939	6
3940	10
3941	5
3942	3
3943	5
3944	10
3945	8
3946	6
3947	10
3948	11
3949	6
3950	8
3951	5
3952	10
3953	4
3954	8
3955	9
3956	11
3957	11
3958	9
3959	14
3960	7
3961	7
3962	8
3963	9
3964	4
3965	7
3966	6
3967	9
3968	3
3969	4
3970	7
3971	4
3972	4
3973	2
3974	5
3975	5
3976	12
3977	6
3978	4
3979	4
3980	4
3981	6
3982	5
3983	6
3984	4
3985	7
3986	3
3987	12
3988	5
3989	10
3990	6
3991	4
3992	5
3993	9
3994	5
3995	5
3996	3
3997	6
3998	8
3999	7
4000	10
4001	2
4002	4
4003	6
4004	11
4005	7
4006	5
4007	9
4008	6
4009	5
4010	8
4011	6
4012	5
4013	6
4014	8
4015	5
4016	12
4017	5
4018	7
4019	11
4020	8
4021	13
4022	10
4023	9
4024	12
4025	6
4026	6
4027	9
4028	8
4029	6
4030	7
4031	7
4032	5
4033	8
4034	12
4035	7
4036	10
4037	9
4038	14
4039	11
4040	9
4041	9
4042	11
4043	15
4044	6
4045	3
4046	7
4047	4
4048	11
4049	5
4050	8
4051	9
4052	4
4053	6
4054	4
4055	8
4056	9
4057	8
4058	3
4059	7
4060	5
4061	6
4062	6
4063	9
4064	10
4065	7
4066	8
4067	6
4068	9
4069	8
4070	11
4071	9
4072	10
4073	8
4074	6
4075	9
4076	8
4077	4
4078	4
4079	7
4080	9
4081	14
4082	6
4083	6
4084	8
4085	6
4086	9
4087	10
4088	8
4089	10
4090	4
4091	3
4092	2
4093	5
4094	5
4095	7
4096	7
4097	9
4098	8
4099	7
4100	8
4101	6
4102	8
4103	5
4104	5
4105	6
4106	5
4107	8
4108	5
4109	4
4110	6
4111	2
4112	3
4113	3
4114	3
4115	8
4116	8
4117	6
4118	6
4119	9
4120	7
4121	8
4122	2
4123	4
4124	5
4125	1
4126	7
4127	4
4128	7
4129	3
4130	6
4131	9
4132	7
4133	9
4134	7
4135	3
4136	9
4137	8
4138	0
4139	3
4140	2
4141	2
4142	3
4143	3
4144	8
4145	2
4146	6
4147	5
4148	4
4149	5
4150	4
4151	9
4152	4
4153	5
4154	4
4155	5
4156	6
4157	5
4158	3
4159	3
4160	4
4161	5
4162	8
4163	4
4164	4
4165	3
4166	4
4167	6
4168	4
4169	3
4170	6
4171	4
4172	4
4173	5
4174	10
4175	3
4176	10
4177	5
4178	8
4179	4
4180	5
4181	4
4182	6
4183	6
4184	4
4185	5
4186	9
4187	7
4188	5
4189	3
4190	6
4191	7
4192	7
4193	4
4194	7
4195	6
4196	10
4197	4
4198	5
4199	2
4200	2
4201	1
4202	5
4203	6
4204	6
4205	4
4206	6
4207	3
4208	3
4209	0
4210	2
4211	3
4212	4
4213	6
4214	5
4215	4
4216	3
4217	1
4218	6
4219	1
4220	5
4221	7
4222	3
4223	2
4224	5
4225	7
4226	3
4227	5
4228	4
4229	2
4230	7
4231	6
4232	3
4233	2
4234	8
4235	7
4236	3
4237	2
4238	5
4239	2
4240	6
4241	6
4242	9
4243	4
4244	3
4245	6
4246	6
4247	4
4248	7
4249	9
4250	3
4251	1
4252	6
4253	3
4254	6
4255	9
4256	6
4257	6
4258	4
4259	7
4260	8
4261	8
4262	3
4263	7
4264	7
4265	6
4266	11
4267	4
4268	5
4269	3
4270	4
4271	9
4272	6
4273	5
4274	4
4275	5
4276	4
4277	6
4278	7
4279	4
4280	5
4281	5
4282	5
4283	8
4284	5
4285	7
4286	8
4287	7
4288	1
4289	6
4290	4
4291	7
4292	9
4293	9
4294	14
4295	10
4296	5
4297	14
4298	12
4299	2
4300	6
4301	4
4302	10
4303	7
4304	6
4305	3
4306	11
4307	5
4308	8
4309	4
4310	7
4311	4
4312	9
4313	9
4314	5
4315	7
4316	2
4317	10
4318	5
4319	2
4320	8
4321	5
4322	3
4323	4
4324	5
4325	9
4326	7
4327	7
4328	6
4329	5
4330	5
4331	3
4332	5
4333	6
4334	8
4335	5
4336	10
4337	3
4338	13
4339	8
4340	5
4341	9
4342	3
4343	5
4344	5
4345	4
4346	7
4347	5
4348	7
4349	4
4350	8
4351	8
4352	5
4353	6
4354	7
4355	2
4356	3
4357	2
4358	5
4359	3
4360	6
4361	5
4362	3
4363	4
4364	6
4365	8
4366	2
4367	5
4368	6
4369	6
4370	5
4371	8
4372	7
4373	7
4374	1
4375	5
4376	4
4377	5
4378	7
4379	5
4380	6
4381	4
4382	6
4383	4
4384	7
4385	4
4386	2
4387	3
4388	3
4389	6
4390	1
4391	2
4392	6
4393	3
4394	4
4395	5
4396	4
4397	5
4398	7
4399	5
4400	3
4401	7
4402	6
4403	1
4404	3
4405	6
4406	2
4407	4
4408	2
4409	3
4410	6
4411	7
4412	4
4413	3
4414	5
4415	5
4416	4
4417	5
4418	3
4419	2
4420	4
4421	4
4422	3
4423	3
4424	5
4425	4
4426	2
4427	5
4428	4
4429	7
4430	4
4431	6
4432	3
4433	5
4434	3
4435	4
4436	2
4437	10
4438	5
4439	3
4440	3
4441	10
4442	4
4443	4
4444	4
4445	0
4446	3
4447	2
4448	3
4449	3
4450	8
4451	3
4452	3
4453	7
4454	3
4455	5
4456	5
4457	3
4458	6
4459	1
4460	7
4461	6
4462	8
4463	7
4464	2
4465	6
4466	7
4467	3
4468	3
4469	7
4470	8
4471	7
4472	7
4473	6
4474	5
4475	7
4476	7
4477	3
4478	5
4479	7
4480	6
4481	6
4482	6
4483	7
4484	7
4485	4
4486	6
4487	5
4488	7
4489	3
4490	6
4491	1
4492	4
4493	8
4494	3
4495	9
4496	11
4497	4
4498	4
4499	8
4500	6
4501	5
4502	4
4503	6
4504	8
4505	5
4506	2
4507	4
4508	3
4509	3
4510	6
4511	5
4512	5
4513	8
4514	7
4515	7
4516	9
4517	4
4518	4
4519	5
4520	8
4521	6
4522	9
4523	6
4524	6
4525	4
4526	8
4527	2
4528	3
4529	3
4530	7
4531	5
4532	3
4533	7
4534	6
4535	7
4536	4
4537	6
4538	3
4539	5
4540	3
4541	9
4542	3
4543	5
4544	3
4545	6
4546	5
4547	3
4548	4
4549	6
4550	14
4551	9
4552	6
4553	7
4554	5
4555	6
4556	6
4557	5
4558	2
4559	4
4560	4
4561	9
4562	8
4563	10
4564	6
4565	6
4566	9
4567	4
4568	8
4569	2
4570	6
4571	13
4572	7
4573	9
4574	4
4575	5
4576	5
4577	10
4578	10
4579	9
4580	6
4581	12
4582	9
4583	5
4584	6
4585	5
4586	7
4587	6
4588	7
4589	7
4590	1
4591	7
4592	11
4593	8
4594	11
4595	5
4596	7
4597	5
4598	8
4599	6
4600	3
4601	4
4602	3
4603	6
4604	12
4605	3
4606	5
4607	10
4608	8
4609	12
4610	8
4611	6
4612	4
4613	6
4614	7
4615	4
4616	6
4617	5
4618	8
4619	6
4620	9
4621	6
4622	5
4623	0
4624	11
4625	4
4626	6
4627	5
4628	4
4629	11
4630	5
4631	6
4632	8
4633	2
4634	4
4635	3
4636	6
4637	5
4638	2
4639	6
4640	2
4641	2
4642	7
4643	4
4644	4
4645	4
4646	6
4647	4
4648	3
4649	3
4650	7
4651	3
4652	4
4653	3
4654	3
4655	2
4656	5
4657	5
4658	4
4659	7
4660	6
4661	1
4662	3
4663	6
4664	5
4665	3
4666	4
4667	6
4668	4
4669	5
4670	9
4671	7
4672	4
4673	5
4674	7
4675	5
4676	4
4677	8
4678	4
4679	7
4680	5
4681	6
4682	4
4683	6
4684	4
4685	4
4686	7
4687	2
4688	6
4689	5
4690	6
4691	5
4692	2
4693	1
4694	4
4695	11
4696	4
4697	1
4698	4
4699	8
4700	7
4701	6
4702	6
4703	6
4704	9
4705	4
4706	7
4707	5
4708	5
4709	3
4710	5
4711	2
4712	0
4713	2
4714	3
4715	6
4716	4
4717	5
4718	4
4719	5
4720	4
4721	4
4722	4
4723	8
4724	6
4725	6
4726	9
4727	1
4728	4
4729	7
4730	5
4731	3
4732	7
4733	7
4734	5
4735	6
4736	5
4737	1
4738	3
4739	6
4740	5
4741	6
4742	5
4743	2
4744	2
4745	5
4746	7
4747	6
4748	7
4749	4
4750	5
4751	5
4752	6
4753	9
4754	6
4755	8
4756	1
4757	3
4758	6
4759	5
4760	1
4761	8
4762	3
4763	5
4764	4
4765	3
4766	5
4767	9
4768	7
4769	2
4770	8
4771	7
4772	8
4773	4
4774	8
4775	3
4776	4
4777	5
4778	7
4779	3
4780	3
4781	7
4782	3
4783	11
4784	5
4785	3
4786	8
4787	2
4788	4
4789	5
4790	2
4791	3
4792	8
4793	6
4794	4
4795	5
4796	5
4797	8
4798	4
4799	6
4800	2
4801	7
4802	3
4803	6
4804	5
4805	1
4806	8
4807	6
4808	2
4809	4
4810	9
4811	5
4812	4
4813	5
4814	7
4815	5
4816	3
4817	5
4818	8
4819	4
4820	6
4821	7
4822	2
4823	8
4824	3
4825	6
4826	8
4827	8
4828	5
4829	9
4830	6
4831	7
4832	8
4833	10
4834	4
4835	6
4836	6
4837	3
4838	6
4839	8
4840	7
4841	10
4842	2
4843	3
4844	8
4845	7
4846	6
4847	5
4848	5
4849	4
4850	9
4851	5
4852	6
4853	9
4854	5
4855	12
4856	7
4857	7
4858	9
4859	9
4860	6
4861	7
4862	7
4863	5
4864	9
4865	3
4866	6
4867	4
4868	8
4869	5
4870	5
4871	11
4872	7
4873	11
4874	7
4875	4
4876	4
4877	10
4878	7
4879	3
4880	8
4881	6
4882	8
4883	3
4884	4
4885	4
4886	8
4887	9
4888	6
4889	4
4890	5
4891	7
4892	4
4893	5
4894	7
4895	3
4896	5
4897	5
4898	4
4899	5
4900	5
4901	3
4902	7
4903	2
4904	9
4905	6
4906	8
4907	4
4908	9
4909	6
4910	6
4911	3
4912	6
4913	6
4914	3
4915	6
4916	4
4917	7
4918	6
4919	8
4920	3
4921	5
4922	3
4923	6
4924	7
4925	7
4926	7
4927	4
4928	6
4929	8
4930	10
4931	6
4932	7
4933	6
4934	6
4935	7
4936	4
4937	11
4938	5
4939	8
4940	5
4941	2
4942	2
4943	10
4944	1
4945	2
4946	2
4947	2
4948	5
4949	7
4950	7
4951	1
4952	7
4953	2
4954	4
4955	6
4956	3
4957	7
4958	5
4959	10
4960	4
4961	6
4962	7
4963	6
4964	3
4965	5
4966	11
4967	4
4968	4
4969	4
4970	6
4971	5
4972	6
4973	3
4974	8
4975	8
4976	7
4977	4
4978	9
4979	4
4980	4
4981	7
4982	5
4983	7
4984	6
4985	8
4986	6
4987	6
4988	5
4989	4
4990	6
4991	6
4992	7
4993	5
4994	6
4995	3
4996	10
4997	3
4998	3
4999	8
5000	8
5001	5
5002	3
5003	11
5004	4
5005	6
5006	7
5007	6
5008	3
5009	7
5010	7
5011	5
5012	4
5013	3
5014	5
5015	4
5016	7
5017	2
5018	6
5019	4
5020	7
5021	6
5022	3
5023	7
5024	6
5025	8
5026	3
5027	5
5028	12
5029	8
5030	4
5031	2
5032	8
5033	4
5034	11
5035	3
5036	1
5037	5
5038	4
5039	5
5040	5
5041	3
5042	4
5043	6
5044	6
5045	4
5046	1
5047	5
5048	5
5049	6
5050	2
5051	1
5052	5
5053	9
5054	3
5055	1
5056	5
5057	4
5058	10
5059	7
5060	2
5061	6
5062	4
5063	5
5064	5
5065	6
5066	5
5067	3
5068	7
5069	7
5070	9
5071	5
5072	10
5073	2
5074	2
5075	7
5076	7
5077	6
5078	7
5079	6
5080	4
5081	4
5082	6
5083	5
5084	3
5085	6
5086	2
5087	10
5088	5
5089	6
5090	3
5091	6
5092	5
5093	8
5094	3
5095	4
5096	3
5097	4
5098	4
5099	4
5100	3
5101	8
5102	5
5103	4
5104	5
5105	2
5106	3
5107	2
5108	2
5109	6
5110	6
5111	4
5112	4
5113	11
5114	4
5115	3
5116	6
5117	6
5118	5
5119	6
5120	3
5121	5
5122	0
5123	6
5124	1
5125	4
5126	3
5127	4
5128	6
5129	3
5130	6
5131	7
5132	2
5133	8
5134	3
5135	7
5136	5
5137	5
5138	7
5139	6
5140	6
5141	3
5142	2
5143	6
5144	4
5145	3
5146	2
5147	3
5148	0
5149	3
5150	3
5151	6
5152	4
5153	6
5154	3
5155	9
5156	4
5157	2
5158	4
5159	0
5160	2
5161	5
5162	4
5163	5
5164	1
5165	2
5166	4
5167	3
5168	3
5169	3
5170	3
5171	1
5172	1
5173	4
5174	4
5175	4
5176	6
5177	6
5178	3
5179	5
5180	4
5181	4
5182	3
5183	10
5184	2
5185	3
5186	2
5187	4
5188	5
5189	2
5190	3
5191	7
5192	3
5193	4
5194	4
5195	6
5196	3
5197	4
5198	7
5199	3
5200	5
5201	1
5202	6
5203	5
5204	7
5205	3
5206	5
5207	5
5208	5
5209	4
5210	6
5211	4
5212	3
5213	6
5214	5
5215	6
5216	2
5217	7
5218	1
5219	6
5220	5
5221	2
5222	3
5223	6
5224	6
5225	7
5226	1
5227	4
5228	1
5229	3
5230	6
5231	4
5232	4
5233	6
5234	4
5235	6
5236	2
5237	5
5238	1
5239	7
5240	1
5241	4
5242	5
5243	4
5244	3
5245	5
5246	1
5247	2
5248	3
5249	2
5250	2
5251	2
5252	5
5253	7
5254	11
5255	5
5256	5
5257	5
5258	7
5259	5
5260	7
5261	0
5262	5
5263	3
5264	2
5265	4
5266	5
5267	4
5268	7
5269	1
5270	4
5271	3
5272	2
5273	1
5274	2
5275	0
5276	10
5277	6
5278	5
5279	5
5280	10
5281	4
5282	4
5283	4
5284	4
5285	10
5286	6
5287	7
5288	3
5289	4
5290	5
5291	7
5292	5
5293	5
5294	7
5295	3
5296	9
5297	5
5298	4
5299	6
5300	4
5301	4
5302	4
5303	5
5304	6
5305	3
5306	3
5307	1
5308	5
5309	4
5310	1
5311	3
5312	8
5313	3
5314	4
5315	7
5316	6
5317	2
5318	7
5319	7
5320	1
5321	8
5322	1
5323	3
5324	4
5325	4
5326	4
5327	1
5328	5
5329	9
5330	7
5331	2
5332	1
5333	1
5334	5
5335	0
5336	4
5337	1
5338	3
5339	1
5340	5
5341	4
5342	4
5343	5
5344	6
5345	3
5346	8
5347	3
5348	8
5349	7
5350	6
5351	10
5352	7
5353	7
5354	3
5355	5
5356	9
5357	6
5358	5
5359	5
5360	3
5361	2
5362	4
5363	5
5364	2
5365	4
5366	11
5367	5
5368	3
5369	6
5370	4
5371	6
5372	7
5373	12
5374	4
5375	6
5376	8
5377	11
5378	7
5379	2
5380	7
5381	7
5382	3
5383	6
5384	7
5385	3
5386	11
5387	3
5388	5
5389	8
5390	6
5391	2
5392	8
5393	5
5394	8
5395	3
5396	10
5397	5
5398	5
5399	6
5400	4
5401	7
5402	7
5403	6
5404	3
5405	7
5406	6
5407	2
5408	8
5409	9
5410	2
5411	5
5412	7
5413	4
5414	8
5415	4
5416	3
5417	7
5418	6
5419	5
5420	5
5421	4
5422	5
5423	5
5424	5
5425	4
5426	3
5427	9
5428	2
5429	5
5430	6
5431	8
5432	4
5433	6
5434	3
5435	5
5436	12
5437	5
5438	9
5439	4
5440	6
5441	2
5442	6
5443	6
5444	11
5445	5
5446	6
5447	4
5448	9
5449	3
5450	4
5451	4
5452	2
5453	7
5454	4
5455	8
5456	4
5457	2
5458	4
5459	3
5460	4
5461	2
5462	3
5463	2
5464	4
5465	5
5466	4
5467	3
5468	3
5469	2
5470	3
5471	4
5472	4
5473	5
5474	2
5475	1
5476	6
5477	7
5478	1
5479	8
5480	5
5481	7
5482	6
5483	4
5484	4
5485	6
5486	2
5487	6
5488	5
5489	6
5490	3
5491	8
5492	2
5493	6
5494	10
5495	1
5496	6
5497	2
5498	5
5499	5
5500	5
5501	2
5502	6
5503	7
5504	6
5505	7
5506	5
5507	5
5508	6
5509	2
5510	2
5511	8
5512	1
5513	4
5514	6
5515	3
5516	6
5517	4
5518	5
5519	2
5520	3
5521	7
5522	4
5523	8
5524	3
5525	3
5526	5
5527	4
5528	6
5529	8
5530	6
5531	3
5532	5
5533	2
5534	7
5535	7
5536	6
5537	3
5538	3
5539	1
5540	5
5541	1
5542	8
5543	4
5544	4
5545	4
5546	2
5547	3
5548	4
5549	2
5550	5
5551	5
5552	4
5553	3
5554	5
5555	5
5556	4
5557	6
5558	2
5559	2
5560	2
5561	4
5562	3
5563	5
5564	9
5565	3
5566	2
5567	2
5568	5
5569	4
5570	1
5571	1
5572	4
5573	2
5574	4
5575	4
5576	1
5577	5
5578	1
5579	1
5580	3
5581	3
5582	2
5583	5
5584	4
5585	2
5586	4
5587	2
5588	4
5589	2
5590	6
5591	3
5592	3
5593	1
5594	1
5595	4
5596	5
5597	5
5598	2
5599	3
5600	0
5601	0
5602	4
5603	4
5604	7
5605	3
5606	4
5607	3
5608	2
5609	2
5610	3
5611	3
5612	3
5613	3
5614	5
5615	2
5616	2
5617	5
5618	5
5619	3
5620	3
5621	3
5622	1
5623	4
5624	5
5625	5
5626	3
5627	8
5628	4
5629	6
5630	5
5631	6
5632	0
5633	5
5634	5
5635	1
5636	7
5637	6
5638	4
5639	4
5640	3
5641	3
5642	2
5643	3
5644	4
5645	6
5646	1
5647	2
5648	4
5649	5
5650	3
5651	5
5652	1
5653	5
5654	5
5655	9
5656	9
5657	4
5658	3
5659	6
5660	5
5661	2
5662	2
5663	2
5664	5
5665	4
5666	8
5667	6
5668	5
5669	4
5670	1
5671	9
5672	6
5673	4
5674	7
5675	2
5676	9
5677	4
5678	7
5679	5
5680	3
5681	7
5682	6
5683	6
5684	4
5685	5
5686	6
5687	2
5688	7
5689	4
5690	6
5691	4
5692	6
5693	5
5694	5
5695	8
5696	6
5697	5
5698	4
5699	3
5700	4
5701	6
5702	8
5703	4
5704	6
5705	8
5706	0
5707	2
5708	5
5709	2
5710	2
5711	4
5712	5
5713	3
5714	6
5715	5
5716	6
5717	5
5718	3
5719	7
5720	6
5721	2
5722	7
5723	7
5724	6
5725	4
5726	1
5727	9
5728	8
5729	5
5730	7
5731	7
5732	5
5733	6
5734	5
5735	7
5736	1
5737	4
5738	4
5739	9
5740	6
5741	4
5742	5
5743	10
5744	2
5745	4
5746	6
5747	4
5748	9
5749	7
5750	1
5751	8
5752	7
5753	4
5754	2
5755	4
5756	6
5757	3
5758	4
5759	7
5760	6
5761	3
5762	5
5763	5
5764	2
5765	0
5766	5
5767	5
5768	5
5769	1
5770	3
5771	4
5772	6
5773	4
5774	6
5775	4
5776	5
5777	3
5778	8
5779	7
5780	5
5781	7
5782	9
5783	6
5784	8
5785	6
5786	4
5787	5
5788	2
5789	6
5790	5
5791	5
5792	5
5793	8
5794	10
5795	5
5796	6
5797	9
5798	6
5799	7
5800	3
5801	6
5802	5
5803	2
5804	3
5805	4
5806	6
5807	6
5808	4
5809	3
5810	8
5811	2
5812	4
5813	4
5814	1
5815	8
5816	6
5817	4
5818	8
5819	6
5820	9
5821	7
5822	3
5823	10
5824	5
5825	8
5826	2
5827	5
5828	7
5829	7
5830	4
5831	7
5832	3
5833	12
5834	7
5835	6
5836	7
5837	1
5838	5
5839	5
5840	7
5841	12
5842	6
5843	6
5844	3
5845	6
5846	7
5847	2
5848	12
5849	12
5850	10
5851	5
5852	4
5853	6
5854	6
5855	5
5856	7
5857	7
5858	6
5859	3
5860	5
5861	3
5862	10
5863	4
5864	5
5865	2
5866	7
5867	5
5868	3
5869	5
5870	7
5871	4
5872	4
5873	10
5874	6
5875	7
5876	8
5877	1
5878	7
5879	5
5880	12
5881	7
5882	11
5883	3
5884	2
5885	7
5886	9
5887	5
5888	6
5889	7
5890	10
5891	4
5892	7
5893	12
5894	6
5895	5
5896	6
5897	9
5898	7
5899	9
5900	6
5901	1
5902	3
5903	5
5904	6
5905	13
5906	7
5907	10
5908	12
5909	5
5910	5
5911	8
5912	6
5913	6
5914	5
5915	5
5916	2
5917	9
5918	6
5919	7
5920	11
5921	12
5922	9
5923	5
5924	7
5925	7
5926	9
5927	5
5928	7
5929	4
5930	10
5931	7
5932	3
5933	3
5934	12
5935	9
5936	8
5937	9
5938	8
5939	11
5940	9
5941	5
5942	10
5943	11
5944	5
5945	9
5946	12
5947	9
5948	5
5949	8
5950	5
5951	5
5952	7
5953	5
5954	7
5955	6
5956	6
5957	5
5958	8
5959	6
5960	9
5961	11
5962	4
5963	7
5964	3
5965	12
5966	5
5967	7
5968	12
5969	8
5970	12
5971	6
5972	5
5973	4
5974	5
5975	7
5976	6
5977	8
5978	5
5979	7
5980	5
5981	6
5982	7
5983	6
5984	8
5985	5
5986	5
5987	5
5988	8
5989	8
5990	9
5991	6
5992	11
5993	8
5994	11
5995	9
5996	11
5997	5
5998	9
5999	9
6000	6
6001	4
6002	6
6003	6
6004	9
6005	9
6006	5
6007	10
6008	4
6009	10
6010	10
6011	5
6012	9
6013	6
6014	7
6015	9
6016	5
6017	4
6018	6
6019	8
6020	13
6021	15
6022	6
6023	7
6024	7
6025	6
6026	3
6027	4
6028	6
6029	8
6030	11
6031	7
6032	4
6033	5
6034	5
6035	11
6036	6
6037	4
6038	7
6039	4
6040	7
6041	8
6042	5
6043	6
6044	2
6045	11
6046	6
6047	9
6048	12
6049	4
6050	11
6051	6
6052	5
6053	8
6054	7
6055	7
6056	11
6057	7
6058	4
6059	7
6060	6
6061	11
6062	9
6063	4
6064	10
6065	6
6066	5
6067	8
6068	8
6069	2
6070	6
6071	5
6072	3
6073	4
6074	3
6075	6
6076	4
6077	7
6078	9
6079	7
6080	13
6081	8
6082	6
6083	9
6084	8
6085	8
6086	5
6087	7
6088	3
6089	8
6090	4
6091	3
6092	7
6093	6
6094	10
6095	13
6096	7
6097	9
6098	9
6099	3
6100	10
6101	8
6102	5
6103	6
6104	4
6105	6
6106	3
6107	7
6108	8
6109	14
6110	8
6111	5
6112	10
6113	3
6114	3
6115	4
6116	4
6117	5
6118	7
6119	10
6120	5
6121	7
6122	5
6123	8
6124	9
6125	9
6126	9
6127	9
6128	7
6129	12
6130	10
6131	8
6132	4
6133	9
6134	6
6135	11
6136	6
6137	10
6138	6
6139	9
6140	8
6141	12
6142	11
6143	10
6144	5
6145	6
6146	7
6147	7
6148	6
6149	8
6150	6
6151	7
6152	6
6153	5
6154	12
6155	5
6156	6
6157	6
6158	4
6159	7
6160	7
6161	7
6162	6
6163	6
6164	6
6165	9
6166	10
6167	7
6168	7
6169	4
6170	10
6171	10
6172	8
6173	7
6174	6
6175	9
6176	6
6177	11
6178	3
6179	7
6180	9
6181	5
6182	7
6183	6
6184	5
6185	2
6186	12
6187	11
6188	4
6189	8
6190	7
6191	8
6192	7
6193	5
6194	5
6195	6
6196	13
6197	8
6198	4
6199	5
6200	8
6201	11
6202	7
6203	7
6204	14
6205	9
6206	8
6207	10
6208	9
6209	10
6210	8
6211	8
6212	9
6213	3
6214	10
6215	9
6216	11
6217	12
6218	7
6219	10
6220	4
6221	6
6222	11
6223	9
6224	9
6225	10
6226	12
6227	3
6228	5
6229	5
6230	5
6231	7
6232	1
6233	8
6234	9
6235	12
6236	6
6237	9
6238	8
6239	10
6240	6
6241	7
6242	12
6243	10
6244	7
6245	4
6246	11
6247	5
6248	8
6249	10
6250	9
6251	5
6252	11
6253	10
6254	16
6255	14
6256	7
6257	9
6258	13
6259	7
6260	5
6261	9
6262	5
6263	9
6264	6
6265	9
6266	6
6267	13
6268	13
6269	15
6270	6
6271	8
6272	10
6273	12
6274	6
6275	10
6276	10
6277	6
6278	10
6279	12
6280	10
6281	6
6282	6
6283	6
6284	6
6285	10
6286	7
6287	11
6288	9
6289	5
6290	4
6291	11
6292	2
6293	5
6294	10
6295	10
6296	6
6297	5
6298	6
6299	4
6300	10
6301	6
6302	5
6303	2
6304	5
6305	5
6306	12
6307	5
6308	6
6309	5
6310	14
6311	7
6312	4
6313	9
6314	7
6315	12
6316	5
6317	7
6318	2
6319	6
6320	8
6321	5
6322	9
6323	8
6324	5
6325	9
6326	5
6327	7
6328	8
6329	9
6330	7
6331	5
6332	5
6333	6
6334	4
6335	6
6336	3
6337	4
6338	8
6339	5
6340	3
6341	9
6342	4
6343	9
6344	7
6345	8
6346	4
6347	7
6348	7
6349	7
6350	7
6351	5
6352	7
6353	3
6354	7
6355	7
6356	7
6357	5
6358	5
6359	9
6360	11
6361	9
6362	6
6363	6
6364	4
6365	4
6366	8
6367	4
6368	2
6369	6
6370	4
6371	8
6372	8
6373	3
6374	5
6375	6
6376	4
6377	5
6378	11
6379	7
6380	7
6381	4
6382	8
6383	6
6384	6
6385	6
6386	7
6387	7
6388	6
6389	4
6390	7
6391	3
6392	5
6393	4
6394	8
6395	3
6396	4
6397	1
6398	8
6399	5
6400	2
6401	6
6402	7
6403	5
6404	3
6405	4
6406	3
6407	8
6408	6
6409	7
6410	7
6411	1
6412	3
6413	7
6414	2
6415	3
6416	7
6417	3
6418	4
6419	7
6420	7
6421	4
6422	2
6423	5
6424	5
6425	5
6426	3
6427	4
6428	9
6429	3
6430	3
6431	5
6432	10
6433	5
6434	7
6435	5
6436	5
6437	7
6438	3
6439	8
6440	6
6441	2
6442	7
6443	3
6444	6
6445	4
6446	6
6447	5
6448	4
6449	6
6450	6
6451	5
6452	3
6453	7
6454	3
6455	10
6456	6
6457	2
6458	7
6459	8
6460	3
6461	4
6462	12
6463	9
6464	4
6465	4
6466	4
6467	2
6468	5
6469	4
6470	4
6471	7
6472	7
6473	5
6474	6
6475	1
6476	7
6477	3
6478	4
6479	4
6480	5
6481	7
6482	3
6483	4
6484	6
6485	7
6486	7
6487	6
6488	6
6489	4
6490	6
6491	5
6492	7
6493	4
6494	7
6495	2
6496	6
6497	8
6498	9
6499	4
6500	2
6501	4
6502	6
6503	2
6504	4
6505	11
6506	3
6507	4
6508	9
6509	3
6510	7
6511	5
6512	6
6513	5
6514	6
6515	3
6516	6
6517	4
6518	3
6519	3
6520	6
6521	5
6522	6
6523	6
6524	6
6525	4
6526	4
6527	1
6528	4
6529	2
6530	5
6531	1
6532	6
6533	8
6534	2
6535	5
6536	3
6537	1
6538	7
6539	2
6540	2
6541	3
6542	6
6543	2
6544	3
6545	3
6546	10
6547	5
6548	3
6549	4
6550	3
6551	4
6552	2
6553	4
6554	1
6555	6
6556	6
6557	9
6558	4
6559	5
6560	4
6561	2
6562	5
6563	3
6564	4
6565	3
6566	4
6567	5
6568	4
6569	4
6570	1
6571	8
6572	4
6573	6
6574	6
6575	2
6576	5
6577	3
6578	4
6579	2
6580	2
6581	6
6582	3
6583	8
6584	5
6585	6
6586	4
6587	3
6588	3
6589	1
6590	2
6591	1
6592	3
6593	4
6594	5
6595	5
6596	4
6597	4
6598	3
6599	4
6600	3
6601	2
6602	6
6603	2
6604	4
6605	9
6606	4
6607	4
6608	3
6609	3
6610	5
6611	5
6612	4
6613	2
6614	1
6615	6
6616	9
6617	7
6618	5
6619	4
6620	2
6621	1
6622	4
6623	0
6624	4
6625	1
6626	5
6627	3
6628	2
6629	0
6630	4
6631	6
6632	0
6633	0
6634	5
6635	4
6636	4
6637	1
6638	1
6639	7
6640	5
6641	3
6642	6
6643	6
6644	2
6645	4
6646	3
6647	6
6648	7
6649	6
6650	2
6651	4
6652	1
6653	1
6654	4
6655	1
6656	5
6657	7
6658	6
6659	5
6660	1
6661	3
6662	0
6663	3
6664	3
6665	2
6666	7
6667	4
6668	3
6669	7
6670	4
6671	4
6672	1
6673	2
6674	4
6675	1
6676	1
6677	6
6678	4
6679	4
6680	8
6681	4
6682	7
6683	6
6684	6
6685	5
6686	3
6687	3
6688	1
6689	5
6690	2
6691	1
6692	2
6693	3
6694	1
6695	8
6696	4
6697	2
6698	1
6699	1
6700	6
6701	7
6702	4
6703	1
6704	3
6705	4
6706	3
6707	5
6708	5
6709	1
6710	2
6711	4
6712	1
6713	2
6714	6
6715	3
6716	5
6717	0
6718	2
6719	3
6720	1
6721	1
6722	3
6723	1
6724	0
6725	4
6726	4
6727	1
6728	4
6729	2
6730	2
6731	2
6732	4
6733	3
6734	3
6735	2
6736	0
6737	3
6738	4
6739	3
6740	1
6741	1
6742	0
6743	2
6744	3
6745	2
6746	4
6747	1
6748	2
6749	1
6750	4
6751	2
6752	1
6753	5
6754	2
6755	4
6756	1
6757	1
6758	3
6759	2
6760	2
6761	4
6762	1
6763	1
6764	1
6765	0
6766	5
6767	2
6768	3
6769	1
6770	2
6771	1
6772	1
6773	2
6774	0
6775	3
6776	1
6777	2
6778	2
6779	2
6780	0
6781	3
6782	2
6783	3
6784	2
6785	1
6786	2
6787	3
6788	4
6789	3
6790	4
6791	1
6792	3
6793	1
6794	0
6795	3
6796	1
6797	0
6798	2
6799	0
6800	1
6801	7
6802	1
6803	0
6804	0
6805	1
6806	3
6807	1
6808	1
6809	2
6810	4
6811	1
6812	2
6813	1
6814	2
6815	3
6816	2
6817	1
6818	2
6819	2
6820	0
6821	0
6822	2
6823	3
6824	3
6825	2
6826	6
6827	0
6828	4
6829	0
6830	2
6831	3
6832	0
6833	0
6834	0
6835	2
6836	1
6837	2
6838	1
6839	0
6840	2
6841	3
6842	2
6843	1
6844	1
6845	1
6846	1
6847	2
6848	2
6849	0
6850	3
6851	1
6852	0
6853	2
6854	2
6855	2
6856	0
6857	6
6858	1
6859	2
6860	1
6861	2
6862	0
6863	3
6864	0
6865	2
6866	1
6867	5
6868	3
6869	2
6870	1
6871	2
6872	2
6873	0
6874	0
6875	2
6876	2
6877	1
6878	0
6879	4
6880	2
6881	1
6882	0
6883	0
6884	1
6885	1
6886	0
6887	0
6888	0
6889	1
6890	0
6891	1
6892	0
6893	0
6894	1
6895	2
6896	2
6897	1
6898	0
6899	1
6900	1
6901	2
6902	5
6903	0
6904	2
6905	1
6906	0
6907	1
6908	1
6909	1
6910	0
6911	1
6912	1
6913	1
6914	1
6915	0
6916	1
6917	2
6918	0
6919	0
6920	2
6921	1
6922	1
6923	1
6924	2
6925	0
6926	1
6927	0
6928	3
6929	0
6930	2
6931	1
6932	2
6933	1
6934	1
6935	1
6936	0
6937	1
6938	0
6939	0
6940	4
6941	2
6942	3
6943	2
6944	3
6945	4
6946	2
6947	1
6948	1
6949	1
6950	1
6951	2
6952	0
6953	2
6954	1
6955	0
6956	0
6957	0
6958	3
6959	2
6960	5
6961	2
6962	2
6963	1
6964	1
6965	0
6966	0
6967	2
6968	2
6969	1
6970	0
6971	1
6972	1
6973	1
6974	0
6975	0
6976	0
6977	2
6978	3
6979	2
6980	3
6981	4
6982	1
6983	3
6984	1
6985	0
6986	4
6987	1
6988	2
6989	0
6990	1
6991	1
6992	0
6993	2
6994	1
6995	2
6996	0
6997	0
6998	0
6999	1
7000	5
7001	0
7002	1
7003	1
7004	1
7005	1
7006	0
7007	1
7008	0
7009	0
7010	1
7011	0
7012	2
7013	1
7014	2
7015	1
7016	3
7017	2
7018	0
7019	2
7020	2
7021	0
7022	3
7023	1
7024	0
7025	1
7026	0
7027	0
7028	2
7029	2
7030	2
7031	3
7032	0
7033	1
7034	1
7035	0
7036	1
7037	0
7038	0
7039	1
7040	0
7041	2
7042	0
7043	1
7044	1
7045	1
7046	4
7047	1
7048	1
7049	1
7050	3
7051	2
7052	3
7053	2
7054	0
7055	1
7056	1
7057	1
7058	1
7059	2
7060	0
7061	2
7062	3
7063	1
7064	2
7065	3
7066	1
7067	0
7068	2
7069	0
7070	3
7071	2
7072	3
7073	1
7074	3
7075	3
7076	1
7077	1
7078	2
7079	0
7080	3
7081	0
7082	2
7083	0
7084	1
7085	2
7086	2
7087	0
7088	4
7089	0
7090	1
7091	2
7092	2
7093	1
7094	2
7095	0
7096	1
7097	1
7098	4
7099	0
7100	0
7101	0
7102	0
7103	0
7104	0
7105	2
7106	2
7107	2
7108	0
7109	1
7110	1
7111	3
7112	0
7113	2
7114	0
7115	2
7116	1
7117	1
7118	2
7119	2
7120	1
7121	1
7122	0
7123	1
7124	2
7125	4
7126	2
7127	3
7128	1
7129	0
7130	0
7131	0
7132	0
7133	2
7134	2
7135	1
7136	3
7137	1
7138	3
7139	0
7140	0
7141	2
7142	0
7143	0
7144	0
7145	2
7146	2
7147	2
7148	1
7149	3
7150	0
7151	0
7152	0
7153	1
7154	1
7155	1
7156	1
7157	1
7158	3
7159	1
7160	2
7161	1
7162	2
7163	1
7164	0
7165	1
7166	2
7167	0
7168	0
7169	2
7170	0
7171	0
7172	0
7173	1
7174	3
7175	1
7176	2
7177	0
7178	1
7179	1
7180	2
7181	1
7182	0
7183	1
7184	1
7185	0
7186	0
7187	0
7188	0
7189	2
7190	1
7191	0
7192	0
7193	1
7194	2
7195	4
7196	1
7197	0
7198	3
7199	1
7200	1
7201	3
7202	1
7203	1
7204	0
7205	0
7206	2
7207	3
7208	1
7209	2
7210	2
7211	1
7212	0
7213	2
7214	2
7215	1
7216	2
7217	1
7218	1
7219	2
7220	1
7221	1
7222	2
7223	0
7224	1
7225	2
7226	1
7227	0
7228	1
7229	2
7230	1
7231	0
7232	2
7233	1
7234	2
7235	3
7236	0
7237	1
7238	3
7239	0
7240	3
7241	0
7242	0
7243	1
7244	1
7245	0
7246	2
7247	1
7248	0
7249	2
7250	3
7251	1
7252	0
7253	3
7254	1
7255	1
7256	1
7257	3
7258	0
7259	1
7260	2
7261	0
7262	0
7263	2
7264	0
7265	1
7266	1
7267	3
7268	0
7269	2
7270	1
7271	0
7272	0
7273	1
7274	2
7275	0
7276	1
7277	3
7278	0
7279	2
7280	0
7281	1
7282	1
7283	0
7284	4
7285	1
7286	0
7287	2
7288	1
7289	3
7290	2
7291	1
7292	0
7293	0
7294	1
7295	0
7296	0
7297	1
7298	0
7299	1
7300	1
7301	0
7302	1
7303	0
7304	1
7305	0
7306	1
7307	2
7308	0
7309	0
7310	0
7311	0
7312	0
7313	1
7314	1
7315	1
7316	0
7317	1
7318	2
7319	0
7320	1
7321	3
7322	1
7323	2
7324	0
7325	2
7326	1
7327	1
7328	1
7329	0
7330	1
7331	0
7332	0
7333	0
7334	0
7335	1
7336	0
7337	0
7338	2
7339	2
7340	0
7341	0
7342	0
7343	1
7344	1
7345	0
7346	1
7347	1
7348	1
7349	0
7350	0
7351	0
7352	3
7353	2
7354	2
7355	0
7356	2
7357	1
7358	0
7359	1
7360	1
7361	2
7362	0
7363	1
7364	1
7365	1
7366	3
7367	1
7368	1
7369	2
7370	1
7371	1
7372	2
7373	0
7374	0
7375	1
7376	1
7377	0
7378	1
7379	1
7380	1
7381	0
7382	3
7383	2
7384	1
7385	1
7386	0
7387	4
7388	1
7389	1
7390	0
7391	2
7392	1
7393	0
7394	0
7395	1
7396	0
7397	1
7398	0
7399	0
7400	2
7401	0
7402	1
7403	1
7404	0
7405	0
7406	1
7407	1
7408	1
7409	2
7410	2
7411	0
7412	1
7413	1
7414	0
7415	1
7416	1
7417	0
7418	0
7419	2
7420	0
7421	1
7422	0
7423	0
7424	0
7425	1
7426	0
7427	2
7428	2
7429	2
7430	1
7431	0
7432	1
7433	1
7434	1
7435	2
7436	1
7437	0
7438	2
7439	1
7440	3
7441	0
7442	0
7443	2
7444	2
7445	1
7446	2
7447	2
7448	0
7449	1
7450	2
7451	1
7452	1
7453	3
7454	2
7455	0
7456	1
7457	1
7458	1
7459	1
7460	0
7461	1
7462	0
7463	1
7464	3
7465	1
7466	0
7467	0
7468	1
7469	1
7470	1
7471	4
7472	1
7473	2
7474	0
7475	2
7476	0
7477	1
7478	0
7479	0
7480	1
7481	0
7482	3
7483	0
7484	0
7485	0
7486	3
7487	2
7488	3
7489	3
7490	1
7491	0
7492	1
7493	1
7494	1
7495	1
7496	0
7497	1
7498	1
7499	0
7500	1
7501	1
7502	0
7503	0
7504	0
7505	2
7506	1
7507	1
7508	0
7509	0
7510	0
7511	0
7512	2
7513	0
7514	0
7515	0
7516	1
7517	1
7518	0
7519	1
7520	1
7521	0
7522	1
7523	2
7524	0
7525	1
7526	1
7527	0
7528	1
7529	0
7530	0
7531	0
7532	1
7533	0
7534	3
7535	0
7536	1
7537	1
7538	2
7539	0
7540	1
7541	1
7542	0
7543	2
7544	1
7545	2
7546	2
7547	0
7548	0
7549	1
7550	1
7551	0
7552	0
7553	1
7554	0
7555	3
7556	0
7557	0
7558	1
7559	0
7560	1
7561	2
7562	1
7563	2
7564	2
7565	3
7566	0
7567	2
7568	2
7569	0
7570	4
7571	2
7572	0
7573	1
7574	2
7575	0
7576	0
7577	0
7578	3
7579	4
7580	1
7581	1
7582	1
7583	2
7584	1
7585	0
7586	1
7587	3
7588	1
7589	0
7590	0
7591	2
7592	0
7593	0
7594	2
7595	1
7596	0
7597	0
7598	1
7599	0
7600	1
7601	1
7602	0
7603	1
7604	0
7605	0
7606	1
7607	2
7608	2
7609	2
7610	1
7611	1
7612	0
7613	2
7614	1
7615	0
7616	1
7617	0
7618	1
7619	0
7620	1
7621	0
7622	1
7623	2
7624	0
7625	0
7626	1
7627	1
7628	2
7629	0
7630	2
7631	2
7632	1
7633	1
7634	0
7635	0
7636	1
7637	0
7638	0
7639	0
7640	1
7641	2
7642	1
7643	2
7644	1
7645	0
7646	1
7647	0
7648	0
7649	1
7650	0
7651	0
7652	1
7653	1
7654	1
7655	1
7656	3
7657	1
7658	2
7659	1
7660	2
7661	1
7662	2
7663	1
7664	1
7665	1
7666	2
7667	1
7668	1
7669	2
7670	2
7671	0
7672	2
7673	1
7674	0
7675	1
7676	0
7677	0
7678	0
7679	1
7680	0
7681	1
7682	1
7683	0
7684	0
7685	1
7686	0
7687	0
7688	0
7689	2
7690	0
7691	0
7692	2
7693	1
7694	2
7695	1
7696	1
7697	0
7698	1
7699	0
7700	0
7701	0
7702	1
7703	1
7704	1
7705	2
7706	0
7707	1
7708	2
7709	0
7710	1
7711	1
7712	0
7713	0
7714	0
7715	2
7716	0
7717	1
7718	0
7719	0
7720	3
7721	1
7722	2
7723	2
7724	0
7725	0
7726	0
7727	0
7728	1
7729	1
7730	1
7731	2
7732	0
7733	1
7734	0
7735	1
7736	1
7737	0
7738	0
7739	1
7740	1
7741	0
7742	1
7743	1
7744	0
7745	1
7746	0
7747	2
7748	2
7749	0
7750	0
7751	1
7752	1
7753	1
7754	1
7755	3
7756	2
7757	0
7758	0
7759	2
7760	3
7761	3
7762	0
7763	0
7764	0
7765	0
7766	0
7767	1
7768	0
7769	0
7770	0
7771	0
7772	2
7773	1
7774	1
7775	1
7776	0
7777	1
7778	0
7779	1
7780	0
7781	0
7782	1
7783	0
7784	1
7785	1
7786	1
7787	0
7788	2
7789	0
7790	0
7791	0
7792	1
7793	0
7794	0
7795	0
7796	2
7797	0
7798	1
7799	0
7800	1
7801	0
7802	2
7803	1
7804	0
7805	0
7806	2
7807	0
7808	2
7809	0
7810	1
7811	1
7812	2
7813	0
7814	1
7815	2
7816	1
7817	1
7818	1
7819	3
7820	0
7821	0
7822	1
7823	1
7824	2
7825	0
7826	2
7827	1
7828	0
7829	0
7830	1
7831	1
7832	2
7833	0
7834	1
7835	0
7836	1
7837	0
7838	0
7839	0
7840	1
7841	1
7842	0
7843	0
7844	3
7845	1
7846	1
7847	1
7848	2
7849	2
7850	0
7851	1
7852	4
7853	2
7854	3
7855	2
7856	1
7857	1
7858	2
7859	0
7860	1
7861	0
7862	1
7863	1
7864	0
7865	1
7866	1
7867	1
7868	0
7869	0
7870	1
7871	1
7872	1
7873	1
7874	0
7875	0
7876	0
7877	1
7878	1
7879	1
7880	0
7881	2
7882	0
7883	0
7884	1
7885	1
7886	0
7887	0
7888	0
7889	3
7890	2
7891	0
7892	0
7893	2
7894	0
7895	4
7896	0
7897	1
7898	3
7899	0
7900	1
7901	1
7902	0
7903	0
7904	0
7905	0
7906	0
7907	1
7908	1
7909	0
7910	0
7911	0
7912	0
7913	1
7914	0
7915	0
7916	3
7917	2
7918	1
7919	1
7920	3
7921	0
7922	0
7923	0
7924	1
7925	2
7926	0
7927	1
7928	0
7929	0
7930	1
7931	1
7932	2
7933	0
7934	0
7935	2
7936	0
7937	1
7938	0
7939	0
7940	1
7941	1
7942	1
7943	2
7944	2
7945	1
7946	2
7947	1
7948	0
7949	1
7950	0
7951	1
7952	2
7953	0
7954	0
7955	1
7956	1
7957	0
7958	2
7959	0
7960	2
7961	1
7962	1
7963	4
7964	2
7965	0
7966	2
7967	1
7968	0
7969	2
7970	0
7971	3
7972	1
7973	3
7974	1
7975	0
7976	1
7977	0
7978	0
7979	1
7980	0
7981	2
7982	0
7983	0
7984	0
7985	0
7986	2
7987	1
7988	1
7989	3
7990	0
7991	2
7992	1
7993	1
7994	1
7995	0
7996	0
7997	0
7998	0
7999	1
8000	0
8001	0
8002	0
8003	4
8004	0
8005	1
8006	1
8007	1
8008	1
8009	1
8010	1
8011	0
8012	1
8013	0
8014	0
8015	0
8016	3
8017	1
8018	0
8019	0
8020	0
8021	1
8022	1
8023	0
8024	1
8025	1
8026	0
8027	0
8028	1
8029	0
8030	1
8031	1
8032	0
8033	2
8034	2
8035	0
8036	2
8037	0
8038	2
8039	1
8040	1
8041	1
8042	4
8043	0
8044	4
8045	1
8046	2
8047	1
8048	3
8049	0
8050	1
8051	2
8052	1
8053	0
8054	2
8055	0
8056	2
8057	0
8058	0
8059	0
8060	0
8061	0
8062	2
8063	0
8064	0
8065	1
8066	1
8067	1
8068	1
8069	1
8070	0
8071	2
8072	1
8073	1
8074	1
8075	0
8076	2
8077	2
8078	3
8079	0
8080	1
8081	0
8082	0
8083	0
8084	1
8085	0
8086	0
8087	0
8088	0
8089	1
8090	1
8091	0
8092	1
8093	4
8094	1
8095	1
8096	1
8097	0
8098	3
8099	0
8100	1
8101	0
8102	1
8103	0
8104	1
8105	2
8106	1
8107	1
8108	1
8109	0
8110	0
8111	0
8112	1
8113	1
8114	1
8115	0
8116	1
8117	0
8118	1
8119	1
8120	0
8121	0
8122	0
8123	1
8124	1
8125	1
8126	1
8127	2
8128	1
8129	1
8130	1
8131	1
8132	1
8133	0
8134	2
8135	0
8136	0
8137	0
8138	1
8139	1
8140	3
8141	1
8142	1
8143	1
8144	0
8145	2
8146	0
8147	0
8148	0
8149	1
8150	0
8151	0
8152	1
8153	2
8154	0
8155	1
8156	0
8157	0
8158	1
8159	2
8160	2
8161	3
8162	0
8163	1
8164	1
8165	0
8166	0
8167	1
8168	0
8169	0
8170	0
8171	2
8172	0
8173	0
8174	0
8175	2
8176	0
8177	1
8178	1
8179	0
8180	2
8181	0
8182	1
8183	0
8184	1
8185	0
8186	0
8187	0
8188	0
8189	1
8190	3
8191	1
8192	1
8193	0
8194	0
8195	1
8196	0
8197	0
8198	1
8199	1
8200	1
8201	0
8202	0
8203	0
8204	0
8205	0
8206	0
8207	0
8208	0
8209	1
8210	0
8211	0
8212	1
8213	2
8214	0
8215	1
8216	0
8217	1
8218	0
8219	0
8220	1
8221	1
8222	0
8223	1
8224	2
8225	0
8226	0
8227	0
8228	0
8229	0
8230	1
8231	0
8232	1
8233	1
8234	0
8235	2
8236	1
8237	0
8238	0
8239	1
8240	1
8241	0
8242	0
8243	0
8244	0
8245	2
8246	1
8247	0
8248	2
8249	0
8250	1
8251	0
8252	0
8253	1
8254	3
8255	2
8256	1
8257	0
8258	1
8259	1
8260	2
8261	1
8262	2
8263	2
8264	2
8265	0
8266	0
8267	0
8268	0
8269	0
8270	0
8271	2
8272	1
8273	1
8274	0
8275	0
8276	2
8277	0
8278	0
8279	0
8280	1
8281	1
8282	0
8283	0
8284	0
8285	0
8286	1
8287	0
8288	1
8289	1
8290	0
8291	2
8292	1
8293	0
8294	1
8295	0
8296	0
8297	1
8298	0
8299	2
8300	0
8301	2
8302	1
8303	0
8304	2
8305	1
8306	0
8307	3
8308	1
8309	0
8310	0
8311	2
8312	1
8313	1
8314	0
8315	1
8316	1
8317	2
8318	0
8319	1
8320	1
8321	1
8322	0
8323	2
8324	1
8325	0
8326	0
8327	0
8328	0
8329	2
8330	1
8331	0
8332	0
8333	1
8334	1
8335	1
8336	1
8337	1
8338	0
8339	1
8340	1
8341	0
8342	1
8343	0
8344	2
8345	0
8346	0
8347	2
8348	0
8349	0
8350	0
8351	0
8352	2
8353	0
8354	0
8355	0
8356	0
8357	0
8358	1
8359	1
8360	2
8361	0
8362	0
8363	0
8364	0
8365	0
8366	0
8367	2
8368	0
8369	1
8370	1
8371	1
8372	0
8373	0
8374	0
8375	0
8376	0
8377	1
8378	1
8379	0
8380	1
8381	0
8382	0
8383	1
8384	1
8385	0
8386	1
8387	2
8388	0
8389	0
8390	0
8391	0
8392	2
8393	1
8394	0
8395	5
8396	1
8397	1
8398	2
8399	2
8400	1
8401	1
8402	1
8403	1
8404	1
8405	0
8406	0
8407	0
8408	0
8409	0
8410	1
8411	0
8412	0
8413	1
8414	0
8415	2
8416	0
8417	0
8418	1
8419	2
8420	0
8421	1
8422	2
8423	2
8424	1
8425	0
8426	1
8427	1
8428	0
8429	1
8430	0
8431	2
8432	1
8433	1
8434	1
8435	0
8436	0
8437	1
8438	1
8439	0
8440	0
8441	1
8442	2
8443	1
8444	0
8445	1
8446	0
8447	0
8448	1
8449	0
8450	2
8451	1
8452	1
8453	0
8454	2
8455	0
8456	0
8457	2
8458	1
8459	0
8460	1
8461	0
8462	1
8463	0
8464	0
8465	0
8466	0
8467	1
8468	0
8469	1
8470	0
8471	0
8472	1
8473	1
8474	0
8475	1
8476	0
8477	0
8478	1
8479	0
8480	1
8481	1
8482	0
8483	1
8484	1
8485	1
8486	2
8487	0
8488	1
8489	0
8490	3
8491	0
8492	0
8493	0
8494	1
8495	1
8496	1
8497	1
8498	0
8499	1
8500	1
8501	0
8502	0
8503	1
8504	0
8505	0
8506	1
8507	0
8508	0
8509	1
8510	1
8511	1
8512	1
8513	0
8514	1
8515	1
8516	1
8517	1
8518	0
8519	0
8520	1
8521	0
8522	1
8523	1
8524	3
8525	0
8526	0
8527	0
8528	2
8529	0
8530	0
8531	1
8532	1
8533	0
8534	0
8535	2
8536	0
8537	0
8538	0
8539	1
8540	0
8541	0
8542	1
8543	1
8544	0
8545	1
8546	0
8547	1
8548	0
8549	1
8550	2
8551	0
8552	0
8553	0
8554	1
8555	2
8556	0
8557	1
8558	0
8559	0
8560	0
8561	2
8562	1
8563	1
8564	0
8565	1
8566	0
8567	0
8568	1
8569	1
8570	0
8571	3
8572	0
8573	1
8574	0
8575	1
8576	0
8577	0
8578	0
8579	2
8580	1
8581	1
8582	0
8583	0
8584	1
8585	1
8586	0
8587	0
8588	0
8589	1
8590	1
8591	0
8592	1
8593	0
8594	2
8595	0
8596	0
8597	1
8598	3
8599	0
8600	2
8601	1
8602	1
8603	1
8604	0
8605	1
8606	1
8607	0
8608	0
8609	0
8610	1
8611	0
8612	2
8613	1
8614	0
8615	0
8616	2
8617	0
8618	0
8619	1
8620	0
8621	1
8622	0
8623	1
8624	1
8625	0
8626	1
8627	1
8628	1
8629	0
8630	1
8631	0
8632	1
8633	2
8634	1
8635	0
8636	0
8637	0
8638	1
8639	1
8640	0
8641	0
8642	1
8643	1
8644	0
8645	0
8646	1
8647	0
8648	0
8649	1
8650	1
8651	0
8652	0
8653	0
8654	0
8655	0
8656	0
8657	0
8658	1
8659	0
8660	0
8661	1
8662	1
8663	1
8664	1
8665	0
8666	0
8667	1
8668	0
8669	0
8670	0
8671	1
8672	1
8673	1
8674	0
8675	0
8676	1
8677	0
8678	0
8679	1
8680	0
8681	3
8682	2
8683	1
8684	0
8685	0
8686	0
8687	0
8688	0
8689	1
8690	0
8691	0
8692	0
8693	0
8694	0
8695	0
8696	1
8697	0
8698	0
8699	1
8700	1
8701	0
8702	1
8703	0
8704	2
8705	1
8706	0
8707	0
8708	0
8709	0
8710	1
8711	1
8712	0
8713	0
8714	1
8715	0
8716	0
8717	1
8718	2
8719	2
8720	0
8721	0
8722	0
8723	0
8724	1
8725	2
8726	1
8727	0
8728	0
8729	0
8730	0
8731	0
8732	0
8733	0
8734	0
8735	2
8736	0
8737	0
8738	1
8739	1
8740	0
8741	0
8742	1
8743	0
8744	0
8745	0
8746	0
8747	1
8748	1
8749	1
8750	0
8751	1
8752	0
8753	0
8754	1
8755	0
8756	1
8757	0
8758	0
8759	0
8760	1
8761	2
8762	0
8763	0
8764	0
8765	0
8766	1
8767	1
8768	0
8769	0
8770	0
8771	0
8772	1
8773	0
8774	0
8775	0
8776	0
8777	0
8778	0
8779	2
8780	0
8781	0
8782	1
8783	0
8784	0
8785	1
8786	0
8787	0
8788	0
8789	1
8790	0
8791	0
8792	1
8793	1
8794	0
8795	0
8796	0
8797	0
8798	1
8799	0
8800	0
8801	0
8802	0
8803	1
8804	0
8805	0
8806	0
8807	0
8808	1
8809	0
8810	1
8811	1
8812	1
8813	0
8814	0
8815	1
8816	2
8817	0
8818	0
8819	0
8820	0
8821	0
8822	1
8823	1
8824	0
8825	0
8826	0
8827	0
8828	1
8829	1
8830	0
8831	0
8832	0
8833	2
8834	0
8835	0
8836	0
8837	2
8838	0
8839	1
8840	1
8841	2
8842	0
8843	1
8844	0
8845	2
8846	3
8847	0
8848	1
8849	0
8850	0
8851	0
8852	0
8853	0
8854	0
8855	0
8856	0
8857	0
8858	2
8859	1
8860	2
8861	0
8862	0
8863	0
8864	0
8865	1
8866	2
8867	1
8868	0
8869	0
8870	2
8871	1
8872	0
8873	1
8874	2
8875	0
8876	1
8877	1
8878	0
8879	0
8880	0
8881	0
8882	2
8883	1
8884	0
8885	0
8886	0
8887	1
8888	2
8889	0
8890	1
8891	1
8892	0
8893	1
8894	0
8895	0
8896	0
8897	0
8898	0
8899	1
8900	0
8901	1
8902	1
8903	0
8904	1
8905	2
8906	1
8907	1
8908	1
8909	1
8910	1
8911	2
8912	1
8913	1
8914	0
8915	1
8916	0
8917	1
8918	0
8919	0
8920	0
8921	0
8922	0
8923	1
8924	0
8925	2
8926	0
8927	0
8928	0
8929	0
8930	1
8931	2
8932	1
8933	1
8934	0
8935	2
8936	0
8937	1
8938	1
8939	1
8940	0
8941	0
8942	2
8943	2
8944	0
8945	1
8946	1
8947	1
8948	2
8949	1
8950	0
8951	1
8952	0
8953	0
8954	1
8955	1
8956	0
8957	0
8958	0
8959	1
8960	0
8961	0
8962	0
8963	0
8964	2
8965	1
8966	0
8967	1
8968	0
8969	0
8970	1
8971	1
8972	0
8973	1
8974	0
8975	1
8976	2
8977	0
8978	0
8979	0
8980	1
8981	0
8982	0
8983	0
8984	0
8985	1
8986	0
8987	0
8988	0
8989	1
8990	0
8991	1
8992	1
8993	1
8994	2
8995	1
8996	0
8997	0
8998	0
8999	0
9000	0
9001	0
9002	1
9003	0
9004	0
9005	0
9006	1
9007	1
9008	0
9009	0
9010	0
9011	0
9012	1
9013	2
9014	1
9015	0
9016	0
9017	1
9018	1
9019	1
9020	0
9021	2
9022	0
9023	0
9024	0
9025	2
9026	0
9027	1
9028	2
9029	0
9030	0
9031	1
9032	2
9033	0
9034	0
9035	0
9036	0
9037	1
9038	2
9039	1
9040	2
9041	1
9042	2
9043	0
9044	1
9045	0
9046	0
9047	1
9048	2
9049	1
9050	0
9051	0
9052	1
9053	0
9054	0
9055	1
9056	1
9057	0
9058	1
9059	1
9060	0
9061	0
9062	0
9063	1
9064	1
9065	0
9066	0
9067	1
9068	0
9069	1
9070	0
9071	0
9072	0
9073	1
9074	2
9075	0
9076	2
9077	1
9078	2
9079	0
9080	2
9081	0
9082	0
9083	0
9084	0
9085	1
9086	1
9087	0
9088	0
9089	2
9090	2
9091	0
9092	0
9093	0
9094	1
9095	0
9096	0
9097	0
9098	1
9099	0
9100	1
9101	0
9102	0
9103	0
9104	1
9105	0
9106	0
9107	1
9108	0
9109	0
9110	0
9111	0
9112	2
9113	0
9114	0
9115	0
9116	2
9117	0
9118	0
9119	0
9120	0
9121	2
9122	0
9123	0
9124	0
9125	0
9126	0
9127	0
9128	0
9129	0
9130	0
9131	0
9132	0
9133	0
9134	0
9135	1
9136	1
9137	0
9138	0
9139	2
9140	0
9141	0
9142	1
9143	1
9144	2
9145	0
9146	1
9147	0
9148	0
9149	0
9150	1
9151	1
9152	0
9153	0
9154	0
9155	0
9156	0
9157	0
9158	0
9159	2
9160	1
9161	1
9162	0
9163	2
9164	1
9165	0
9166	0
9167	0
9168	0
9169	1
9170	0
9171	0
9172	2
9173	0
9174	0
9175	1
9176	1
9177	0
9178	0
9179	0
9180	0
9181	1
9182	0
9183	0
9184	0
9185	0
9186	1
9187	1
9188	0
9189	2
9190	0
9191	0
9192	0
9193	1
9194	2
9195	0
9196	0
9197	0
9198	1
9199	0
9200	0
9201	0
9202	2
9203	0
9204	0
9205	1
9206	0
9207	0
9208	0
9209	0
9210	2
9211	1
9212	0
9213	1
9214	0
9215	1
9216	0
9217	0
9218	1
9219	1
9220	2
9221	0
9222	1
9223	0
9224	1
9225	0
9226	2
9227	1
9228	1
9229	0
9230	0
9231	1
9232	1
9233	0
9234	0
9235	0
9236	2
9237	0
9238	0
9239	1
9240	0
9241	0
9242	0
9243	2
9244	0
9245	1
9246	0
9247	1
9248	0
9249	0
9250	2
9251	1
9252	1
9253	1
9254	0
9255	0
9256	0
9257	1
9258	0
9259	0
9260	0
9261	0
9262	1
9263	1
9264	1
9265	0
9266	2
9267	0
9268	1
9269	1
9270	0
9271	0
9272	0
9273	0
9274	0
9275	3
9276	0
9277	0
9278	1
9279	0
9280	1
9281	0
9282	0
9283	1
9284	1
9285	0
9286	0
9287	1
9288	1
9289	1
9290	0
9291	0
9292	0
9293	1
9294	0
9295	1
9296	1
9297	1
9298	0
9299	0
9300	0
9301	0
9302	0
9303	0
9304	0
9305	0
9306	0
9307	0
9308	0
9309	1
9310	0
9311	0
9312	0
9313	0
9314	0
9315	1
9316	0
9317	0
9318	0
9319	0
9320	1
9321	1
9322	0
9323	1
9324	0
9325	0
9326	1
9327	1
9328	0
9329	1
9330	0
9331	0
9332	0
9333	0
9334	0
9335	1
9336	0
9337	0
9338	0
9339	0
9340	2
9341	0
9342	0
9343	2
9344	0
9345	0
9346	0
9347	1
9348	1
9349	0
9350	0
9351	0
9352	0
9353	0
9354	0
9355	0
9356	1
9357	0
9358	1
9359	0
9360	0
9361	0
9362	0
9363	2
9364	1
9365	0
9366	0
9367	1
9368	1
9369	0
9370	0
9371	1
9372	0
9373	1
9374	0
9375	0
9376	1
9377	0
9378	0
9379	0
9380	1
9381	1
9382	0
9383	0
9384	0
9385	0
9386	1
9387	1
9388	0
9389	0
9390	0
9391	0
9392	2
9393	0
9394	0
9395	1
9396	0
9397	1
9398	0
9399	1
9400	0
9401	0
9402	0
9403	1
9404	1
9405	1
9406	1
9407	1
9408	1
9409	2
9410	0
9411	0
9412	0
9413	0
9414	0
9415	1
9416	1
9417	1
9418	0
9419	0
9420	0
9421	0
9422	0
9423	2
9424	0
9425	1
9426	0
9427	1
9428	0
9429	1
9430	0
9431	0
9432	3
9433	0
9434	0
9435	1
9436	0
9437	0
9438	0
9439	0
9440	0
9441	0
9442	1
9443	1
9444	1
9445	1
9446	1
9447	2
9448	1
9449	0
9450	1
9451	1
9452	1
9453	0
9454	0
9455	1
9456	0
9457	1
9458	0
9459	2
9460	0
9461	0
9462	0
9463	0
9464	1
9465	0
9466	1
9467	0
9468	1
9469	1
9470	0
9471	0
9472	1
9473	0
9474	0
9475	0
9476	1
9477	1
9478	0
9479	0
9480	1
9481	0
9482	0
9483	0
9484	1
9485	0
9486	2
9487	0
9488	0
9489	0
9490	0
9491	1
9492	0
9493	0
9494	2
9495	0
9496	1
9497	1
9498	0
9499	0
9500	0
9501	0
9502	0
9503	0
9504	1
9505	1
9506	2
9507	1
9508	0
9509	0
9510	0
9511	1
9512	0
9513	1
9514	0
9515	0
9516	0
9517	0
9518	0
9519	1
9520	0
9521	1
9522	1
9523	0
9524	0
9525	1
9526	2
9527	0
9528	0
9529	1
9530	0
9531	0
9532	1
9533	0
9534	0
9535	1
9536	0
9537	0
9538	1
9539	1
9540	0
9541	3
9542	0
9543	1
9544	0
9545	0
9546	0
9547	0
9548	0
9549	0
9550	0
9551	1
9552	0
9553	0
9554	1
9555	0
9556	0
9557	0
9558	0
9559	0
9560	1
9561	0
9562	2
9563	1
9564	0
9565	0
9566	0
9567	0
9568	1
9569	0
9570	3
9571	0
9572	0
9573	1
9574	2
9575	0
9576	0
9577	1
9578	0
9579	0
9580	0
9581	1
9582	2
9583	0
9584	0
9585	1
9586	1
9587	0
9588	0
9589	0
9590	1
9591	1
9592	0
9593	2
9594	0
9595	0
9596	0
9597	0
9598	2
9599	0
9600	0
9601	0
9602	1
9603	0
9604	0
9605	1
9606	2
9607	1
9608	0
9609	0
9610	0
9611	1
9612	0
9613	1
9614	0
9615	2
9616	0
9617	0
9618	0
9619	0
9620	0
9621	1
9622	0
9623	0
9624	0
9625	0
9626	0
9627	0
9628	0
9629	0
9630	1
9631	1
9632	0
9633	0
9634	0
9635	0
9636	0
9637	0
9638	1
9639	0
9640	0
9641	0
9642	0
9643	0
9644	0
9645	1
9646	0
9647	0
9648	0
9649	0
9650	0
9651	0
9652	0
9653	0
9654	0
9655	0
9656	0
9657	2
9658	2
9659	1
9660	0
9661	0
9662	0
9663	0
9664	0
9665	1
9666	0
9667	1
9668	0
9669	0
9670	0
9671	0
9672	0
9673	0
9674	0
9675	0
9676	1
9677	0
9678	0
9679	2
9680	1
9681	0
9682	1
9683	0
9684	0
9685	1
9686	1
9687	0
9688	0
9689	0
9690	3
9691	0
9692	0
9693	0
9694	1
9695	1
9696	3
9697	2
9698	0
9699	1
9700	0
9701	0
9702	1
9703	1
9704	1
9705	0
9706	1
9707	3
9708	0
9709	0
9710	1
9711	0
9712	0
9713	0
9714	0
9715	0
9716	1
9717	0
9718	1
9719	1
9720	2
9721	0
9722	0
9723	1
9724	0
9725	1
9726	0
9727	0
9728	0
9729	1
9730	1
9731	0
9732	0
9733	0
9734	1
9735	0
9736	0
9737	1
9738	0
9739	1
9740	1
9741	1
9742	1
9743	1
9744	1
9745	1
9746	0
9747	0
9748	1
9749	0
9750	0
9751	0
9752	0
9753	0
9754	1
9755	0
9756	1
9757	0
9758	0
9759	1
9760	2
9761	0
9762	0
9763	0
9764	0
9765	1
9766	1
9767	1
9768	0
9769	0
9770	1
9771	2
9772	2
9773	1
9774	2
9775	0
9776	0
9777	1
9778	1
9779	1
9780	1
9781	1
9782	1
9783	1
9784	1
9785	1
9786	1
9787	0
9788	4
9789	1
9790	1
9791	1
9792	3
9793	1
9794	0
9795	0
9796	2
9797	0
9798	1
9799	0
9800	0
9801	1
9802	1
9803	2
9804	0
9805	0
9806	0
9807	0
9808	0
9809	1
9810	0
9811	1
9812	2
9813	2
9814	0
9815	0
9816	0
9817	2
9818	2
9819	1
9820	1
9821	0
9822	0
9823	0
9824	0
9825	0
9826	0
9827	0
9828	1
9829	1
9830	0
9831	2
9832	2
9833	0
9834	1
9835	0
9836	0
9837	3
9838	0
9839	0
9840	1
9841	0
9842	2
9843	0
9844	1
9845	0
9846	0
9847	1
9848	3
9849	0
9850	0
9851	0
9852	1
9853	0
9854	1
9855	0
9856	0
9857	0
9858	1
9859	0
9860	0
9861	0
9862	1
9863	0
9864	1
9865	0
9866	0
9867	0
9868	0
9869	2
9870	0
9871	1
9872	1
9873	1
9874	0
9875	1
9876	1
9877	0
9878	0
9879	0
9880	0
9881	0
9882	0
9883	0
9884	2
9885	0
9886	1
9887	0
9888	0
9889	0
9890	0
9891	0
9892	2
9893	1
9894	2
9895	1
9896	0
9897	0
9898	2
9899	0
9900	0
9901	0
9902	1
9903	1
9904	1
9905	0
9906	1
9907	1
9908	0
9909	0
9910	0
9911	0
9912	0
9913	0
9914	0
9915	1
9916	1
9917	1
9918	2
9919	0
9920	2
9921	1
9922	0
9923	1
9924	0
9925	1
9926	0
9927	0
9928	1
9929	1
9930	0
9931	0
9932	2
9933	0
9934	1
9935	1
9936	0
9937	1
9938	0
9939	0
9940	0
9941	0
9942	0
9943	0
9944	1
9945	0
9946	0
9947	0
9948	1
9949	2
9950	0
9951	0
9952	0
9953	0
9954	1
9955	0
9956	0
9957	1
9958	0
9959	1
9960	1
9961	0
9962	2
9963	0
9964	0
9965	0
9966	0
9967	2
9968	0
9969	1
9970	0
9971	0
9972	0
9973	3
9974	0
9975	2
9976	0
9977	1
9978	2
9979	1
9980	0
9981	0
9982	0
9983	2
9984	0
9985	0
9986	0
9987	0
9988	0
9989	2
9990	2
9991	1
9992	1
9993	1
9994	0
9995	0
9996	2
9997	1
9998	2
9999	3
10000	0
