1	377353357
2	8929237
3	3154886
4	2611465
5	2450620
6	2392115
7	2366844
8	2410943
9	2498001
10	2668589
11	2929998
12	3273848
13	3715551
14	4250688
15	4847035
16	5492891
17	6157766
18	6802505
19	7406870
20	7934012
21	8347776
22	8618021
23	8733395
24	8681694
25	8472503
26	8092632
27	7567347
28	6928847
29	6219292
30	5460770
31	4713660
32	3985323
33	3313144
34	2701817
35	2177926
36	1723811
37	1347832
38	1047160
39	806130
40	619091
41	480917
42	375213
43	298876
44	242596
45	200191
46	170440
47	147893
48	131446
49	116840
50	105524
51	97195
52	88873
53	83469
54	77591
55	72890
56	67926
57	62777
58	59056
59	55130
60	52218
61	49150
62	46109
63	43872
64	41374
65	39306
66	36673
67	35518
68	34329
69	33014
70	31597
71	30561
72	29327
73	28078
74	27190
75	26446
76	25343
77	25074
78	24330
79	23491
80	22944
81	22522
82	22040
83	21645
84	21042
85	20192
86	19353
87	19278
88	18832
89	18275
90	17568
91	17124
92	16602
93	16079
94	15565
95	15717
96	15137
97	15005
98	14633
99	13992
100	13822
101	13475
102	13295
103	13057
104	13055
105	12894
106	12443
107	12118
108	12308
109	11976
110	11470
111	11594
112	11302
113	11181
114	11218
115	10736
116	10651
117	10398
118	10059
119	9690
120	9521
121	9417
122	9424
123	9132
124	9006
125	8592
126	8407
127	8245
128	8228
129	8242
130	7977
131	8059
132	7845
133	7657
134	7613
135	7436
136	7243
137	7114
138	7142
139	6853
140	6738
141	6780
142	6525
143	6536
144	6439
145	6395
146	6342
147	6067
148	6086
149	5944
150	5748
151	5689
152	5471
153	5519
154	5268
155	5359
156	5247
157	5222
158	5058
159	4906
160	4868
161	4897
162	4886
163	4816
164	4738
165	4692
166	4546
167	4489
168	4529
169	4494
170	4445
171	4430
172	4164
173	4204
174	4110
175	4061
176	4156
177	4044
178	4106
179	4106
180	3976
181	3915
182	3962
183	3879
184	3785
185	3679
186	3611
187	3627
188	3569
189	3538
190	3557
191	3407
192	3509
193	3333
194	3368
195	3465
196	3278
197	3192
198	3248
199	3105
200	3068
201	3144
202	3221
203	2990
204	2894
205	2949
206	2938
207	2922
208	2926
209	2759
210	2911
211	2763
212	2804
213	2729
214	2801
215	2887
216	2787
217	2737
218	2742
219	2711
220	2713
221	2659
222	2617
223	2612
224	2517
225	2481
226	2489
227	2576
228	2378
229	2359
230	2461
231	2490
232	2348
233	2433
234	2405
235	2402
236	2343
237	2314
238	2373
239	2300
240	2278
241	2273
242	2293
243	2375
244	2292
245	2219
246	2231
247	2202
248	2200
249	2238
250	2105
251	2075
252	2175
253	2231
254	2049
255	2074
256	2195
257	2142
258	2108
259	2119
260	2106
261	2109
262	2027
263	2085
264	2117
265	2117
266	2149
267	2055
268	2053
269	2017
270	2062
271	2028
272	1970
273	1929
274	1910
275	1882
276	1925
277	1842
278	1927
279	2006
280	1938
281	1848
282	1852
283	1898
284	1913
285	1995
286	1977
287	1942
288	1981
289	1991
290	1932
291	1982
292	1958
293	1971
294	1931
295	1913
296	1958
297	1838
298	1866
299	1759
300	1777
301	1781
302	1833
303	1802
304	1672
305	1761
306	1758
307	1766
308	1732
309	1637
310	1693
311	1721
312	1728
313	1616
314	1703
315	1677
316	1626
317	1614
318	1599
319	1595
320	1564
321	1603
322	1541
323	1459
324	1516
325	1482
326	1435
327	1507
328	1418
329	1559
330	1498
331	1507
332	1466
333	1506
334	1431
335	1440
336	1392
337	1399
338	1386
339	1382
340	1414
341	1376
342	1440
343	1412
344	1447
345	1354
346	1402
347	1359
348	1365
349	1333
350	1378
351	1314
352	1307
353	1238
354	1280
355	1257
356	1215
357	1258
358	1289
359	1278
360	1267
361	1296
362	1149
363	1135
364	1199
365	1160
366	1203
367	1199
368	1137
369	1214
370	1156
371	1181
372	1197
373	1195
374	1136
375	1126
376	1074
377	1075
378	1153
379	1100
380	1073
381	1069
382	1131
383	1177
384	1105
385	1118
386	1122
387	1125
388	1136
389	1112
390	1177
391	1082
392	1010
393	1015
394	1067
395	1065
396	1071
397	1059
398	1024
399	948
400	961
401	981
402	970
403	996
404	999
405	1071
406	1010
407	1055
408	1009
409	952
410	954
411	1007
412	992
413	974
414	940
415	1022
416	967
417	924
418	998
419	876
420	948
421	957
422	914
423	918
424	897
425	889
426	887
427	871
428	876
429	873
430	902
431	870
432	897
433	913
434	835
435	858
436	812
437	839
438	832
439	876
440	814
441	799
442	812
443	804
444	796
445	744
446	762
447	770
448	739
449	772
450	823
451	747
452	742
453	793
454	819
455	759
456	711
457	738
458	804
459	723
460	765
461	778
462	738
463	799
464	738
465	736
466	704
467	749
468	726
469	721
470	684
471	724
472	709
473	687
474	655
475	698
476	703
477	652
478	658
479	634
480	644
481	636
482	636
483	608
484	630
485	652
486	596
487	689
488	657
489	635
490	603
491	598
492	643
493	575
494	559
495	647
496	604
497	624
498	616
499	628
500	598
501	660
502	610
503	666
504	662
505	596
506	601
507	592
508	613
509	602
510	588
511	608
512	578
513	542
514	570
515	619
516	548
517	536
518	577
519	605
520	616
521	522
522	558
523	558
524	560
525	518
526	588
527	561
528	579
529	506
530	532
531	512
532	557
533	582
534	487
535	542
536	523
537	498
538	516
539	528
540	562
541	514
542	549
543	554
544	541
545	504
546	499
547	504
548	535
549	508
550	549
551	490
552	484
553	475
554	501
555	532
556	462
557	453
558	499
559	467
560	519
561	488
562	498
563	455
564	472
565	490
566	450
567	487
568	455
569	458
570	460
571	420
572	462
573	475
574	467
575	453
576	472
577	441
578	444
579	499
580	457
581	451
582	415
583	431
584	447
585	471
586	432
587	403
588	454
589	444
590	469
591	426
592	401
593	428
594	421
595	396
596	432
597	417
598	409
599	397
600	424
601	387
602	451
603	431
604	424
605	400
606	422
607	412
608	431
609	403
610	412
611	417
612	423
613	414
614	421
615	377
616	395
617	420
618	424
619	399
620	359
621	381
622	402
623	416
624	393
625	428
626	412
627	354
628	409
629	441
630	401
631	390
632	359
633	400
634	389
635	336
636	384
637	378
638	335
639	384
640	389
641	360
642	389
643	364
644	387
645	382
646	370
647	376
648	351
649	356
650	369
651	369
652	453
653	368
654	353
655	404
656	393
657	365
658	335
659	379
660	375
661	383
662	379
663	381
664	341
665	386
666	360
667	397
668	365
669	389
670	388
671	381
672	368
673	393
674	373
675	372
676	365
677	336
678	368
679	370
680	380
681	355
682	349
683	371
684	344
685	361
686	332
687	357
688	373
689	350
690	353
691	312
692	353
693	333
694	357
695	334
696	364
697	351
698	313
699	328
700	352
701	305
702	303
703	271
704	308
705	315
706	285
707	329
708	317
709	318
710	298
711	320
712	309
713	294
714	292
715	297
716	321
717	304
718	289
719	294
720	301
721	267
722	269
723	245
724	270
725	262
726	279
727	276
728	237
729	254
730	268
731	256
732	235
733	273
734	276
735	245
736	277
737	242
738	278
739	225
740	256
741	276
742	267
743	234
744	237
745	262
746	237
747	246
748	266
749	232
750	224
751	233
752	250
753	250
754	251
755	227
756	226
757	243
758	220
759	241
760	233
761	222
762	224
763	238
764	214
765	222
766	191
767	216
768	206
769	232
770	217
771	215
772	222
773	230
774	195
775	222
776	219
777	220
778	235
779	204
780	217
781	206
782	221
783	225
784	206
785	237
786	213
787	221
788	232
789	226
790	206
791	225
792	234
793	231
794	222
795	200
796	228
797	211
798	235
799	207
800	213
801	210
802	224
803	180
804	213
805	201
806	216
807	218
808	211
809	193
810	216
811	207
812	206
813	214
814	205
815	219
816	213
817	213
818	216
819	173
820	194
821	209
822	229
823	207
824	200
825	196
826	252
827	208
828	242
829	212
830	207
831	214
832	198
833	193
834	237
835	250
836	218
837	225
838	219
839	205
840	220
841	233
842	231
843	218
844	234
845	209
846	213
847	208
848	214
849	183
850	189
851	239
852	223
853	233
854	206
855	227
856	204
857	210
858	220
859	225
860	208
861	230
862	211
863	237
864	222
865	219
866	226
867	219
868	204
869	213
870	203
871	208
872	212
873	221
874	197
875	192
876	214
877	184
878	184
879	186
880	206
881	182
882	171
883	200
884	178
885	169
886	195
887	198
888	174
889	223
890	190
891	184
892	217
893	185
894	213
895	174
896	209
897	189
898	229
899	216
900	214
901	194
902	202
903	211
904	192
905	198
906	185
907	198
908	192
909	193
910	177
911	206
912	184
913	198
914	178
915	195
916	147
917	180
918	170
919	188
920	176
921	181
922	163
923	174
924	176
925	157
926	183
927	188
928	173
929	171
930	171
931	182
932	181
933	190
934	180
935	163
936	172
937	155
938	169
939	155
940	188
941	177
942	167
943	166
944	182
945	165
946	149
947	160
948	157
949	182
950	145
951	158
952	159
953	176
954	164
955	157
956	162
957	175
958	171
959	181
960	165
961	165
962	151
963	162
964	174
965	164
966	162
967	184
968	162
969	159
970	139
971	158
972	147
973	157
974	173
975	152
976	167
977	154
978	148
979	146
980	174
981	160
982	184
983	163
984	170
985	161
986	168
987	158
988	146
989	145
990	169
991	137
992	141
993	152
994	158
995	147
996	158
997	165
998	145
999	161
1000	157
1001	160
1002	148
1003	134
1004	160
1005	161
1006	141
1007	155
1008	166
1009	151
1010	158
1011	160
1012	154
1013	148
1014	120
1015	140
1016	147
1017	133
1018	142
1019	114
1020	119
1021	136
1022	112
1023	134
1024	123
1025	125
1026	140
1027	156
1028	133
1029	123
1030	158
1031	129
1032	124
1033	130
1034	144
1035	114
1036	119
1037	129
1038	137
1039	159
1040	133
1041	144
1042	141
1043	124
1044	140
1045	130
1046	139
1047	125
1048	120
1049	115
1050	115
1051	132
1052	128
1053	110
1054	130
1055	147
1056	137
1057	125
1058	106
1059	152
1060	147
1061	115
1062	162
1063	120
1064	141
1065	136
1066	125
1067	118
1068	128
1069	148
1070	134
1071	138
1072	125
1073	126
1074	146
1075	122
1076	125
1077	129
1078	132
1079	133
1080	151
1081	140
1082	136
1083	114
1084	119
1085	129
1086	138
1087	121
1088	131
1089	128
1090	108
1091	120
1092	125
1093	138
1094	142
1095	144
1096	114
1097	133
1098	139
1099	138
1100	112
1101	130
1102	145
1103	145
1104	158
1105	129
1106	131
1107	134
1108	137
1109	143
1110	155
1111	113
1112	139
1113	134
1114	119
1115	116
1116	136
1117	135
1118	146
1119	137
1120	144
1121	125
1122	112
1123	116
1124	140
1125	113
1126	135
1127	112
1128	147
1129	129
1130	142
1131	126
1132	115
1133	121
1134	120
1135	125
1136	121
1137	132
1138	135
1139	146
1140	130
1141	140
1142	128
1143	136
1144	132
1145	126
1146	107
1147	126
1148	139
1149	125
1150	108
1151	120
1152	130
1153	117
1154	124
1155	129
1156	121
1157	150
1158	131
1159	128
1160	109
1161	106
1162	129
1163	113
1164	118
1165	114
1166	115
1167	110
1168	120
1169	137
1170	107
1171	112
1172	116
1173	120
1174	102
1175	95
1176	90
1177	101
1178	126
1179	107
1180	102
1181	100
1182	106
1183	96
1184	108
1185	106
1186	106
1187	115
1188	106
1189	106
1190	78
1191	94
1192	94
1193	108
1194	108
1195	120
1196	97
1197	112
1198	96
1199	96
1200	107
1201	106
1202	88
1203	99
1204	121
1205	102
1206	92
1207	93
1208	93
1209	99
1210	107
1211	84
1212	103
1213	88
1214	120
1215	107
1216	103
1217	92
1218	103
1219	102
1220	102
1221	105
1222	99
1223	104
1224	98
1225	98
1226	95
1227	86
1228	96
1229	81
1230	100
1231	104
1232	97
1233	93
1234	107
1235	88
1236	75
1237	100
1238	100
1239	89
1240	99
1241	87
1242	84
1243	76
1244	104
1245	111
1246	98
1247	91
1248	89
1249	92
1250	88
1251	90
1252	101
1253	96
1254	98
1255	79
1256	87
1257	92
1258	87
1259	101
1260	97
1261	100
1262	94
1263	96
1264	105
1265	93
1266	114
1267	89
1268	84
1269	89
1270	103
1271	98
1272	93
1273	89
1274	72
1275	104
1276	89
1277	90
1278	91
1279	91
1280	86
1281	81
1282	86
1283	84
1284	79
1285	107
1286	100
1287	83
1288	92
1289	90
1290	102
1291	83
1292	79
1293	95
1294	88
1295	102
1296	77
1297	95
1298	100
1299	97
1300	105
1301	104
1302	96
1303	78
1304	83
1305	76
1306	60
1307	95
1308	70
1309	83
1310	66
1311	76
1312	79
1313	82
1314	70
1315	79
1316	67
1317	79
1318	53
1319	72
1320	57
1321	82
1322	70
1323	74
1324	67
1325	84
1326	99
1327	87
1328	72
1329	67
1330	78
1331	80
1332	85
1333	88
1334	66
1335	75
1336	86
1337	69
1338	83
1339	66
1340	92
1341	77
1342	77
1343	67
1344	80
1345	77
1346	89
1347	81
1348	87
1349	79
1350	73
1351	90
1352	94
1353	67
1354	77
1355	87
1356	90
1357	73
1358	77
1359	83
1360	103
1361	91
1362	94
1363	91
1364	101
1365	88
1366	82
1367	100
1368	78
1369	81
1370	69
1371	89
1372	77
1373	92
1374	91
1375	101
1376	86
1377	79
1378	69
1379	91
1380	85
1381	96
1382	79
1383	77
1384	84
1385	62
1386	83
1387	72
1388	101
1389	96
1390	80
1391	78
1392	82
1393	69
1394	76
1395	85
1396	75
1397	94
1398	82
1399	78
1400	63
1401	75
1402	78
1403	91
1404	95
1405	71
1406	80
1407	85
1408	87
1409	74
1410	62
1411	69
1412	78
1413	78
1414	89
1415	78
1416	65
1417	68
1418	87
1419	70
1420	74
1421	77
1422	78
1423	69
1424	68
1425	76
1426	71
1427	72
1428	62
1429	64
1430	66
1431	57
1432	71
1433	75
1434	65
1435	63
1436	70
1437	68
1438	68
1439	70
1440	69
1441	61
1442	70
1443	67
1444	75
1445	80
1446	75
1447	65
1448	69
1449	60
1450	56
1451	58
1452	73
1453	71
1454	78
1455	71
1456	73
1457	68
1458	61
1459	52
1460	76
1461	67
1462	79
1463	75
1464	73
1465	60
1466	59
1467	74
1468	65
1469	60
1470	74
1471	54
1472	68
1473	58
1474	74
1475	66
1476	65
1477	74
1478	71
1479	40
1480	67
1481	60
1482	62
1483	55
1484	84
1485	48
1486	71
1487	61
1488	59
1489	61
1490	62
1491	67
1492	67
1493	52
1494	90
1495	64
1496	64
1497	56
1498	50
1499	47
1500	70
1501	61
1502	60
1503	61
1504	69
1505	51
1506	74
1507	87
1508	60
1509	55
1510	61
1511	68
1512	54
1513	68
1514	59
1515	51
1516	46
1517	38
1518	57
1519	62
1520	48
1521	67
1522	45
1523	69
1524	62
1525	66
1526	75
1527	65
1528	69
1529	78
1530	62
1531	80
1532	66
1533	70
1534	82
1535	66
1536	69
1537	57
1538	65
1539	76
1540	62
1541	65
1542	76
1543	68
1544	75
1545	52
1546	54
1547	71
1548	65
1549	62
1550	69
1551	67
1552	64
1553	61
1554	47
1555	66
1556	63
1557	64
1558	60
1559	44
1560	62
1561	56
1562	68
1563	60
1564	59
1565	60
1566	81
1567	67
1568	52
1569	70
1570	59
1571	60
1572	46
1573	64
1574	59
1575	74
1576	43
1577	68
1578	55
1579	57
1580	72
1581	67
1582	69
1583	66
1584	69
1585	67
1586	59
1587	67
1588	67
1589	60
1590	67
1591	62
1592	60
1593	64
1594	64
1595	71
1596	64
1597	42
1598	53
1599	43
1600	65
1601	51
1602	68
1603	44
1604	53
1605	64
1606	57
1607	52
1608	39
1609	52
1610	34
1611	39
1612	58
1613	53
1614	43
1615	47
1616	56
1617	53
1618	48
1619	54
1620	57
1621	42
1622	55
1623	52
1624	58
1625	47
1626	45
1627	50
1628	60
1629	48
1630	51
1631	45
1632	55
1633	40
1634	41
1635	34
1636	42
1637	49
1638	54
1639	61
1640	50
1641	41
1642	55
1643	62
1644	43
1645	54
1646	52
1647	70
1648	55
1649	60
1650	47
1651	62
1652	46
1653	45
1654	63
1655	56
1656	48
1657	51
1658	55
1659	44
1660	49
1661	44
1662	50
1663	59
1664	43
1665	60
1666	45
1667	51
1668	44
1669	49
1670	52
1671	54
1672	51
1673	40
1674	47
1675	49
1676	52
1677	59
1678	39
1679	54
1680	43
1681	46
1682	43
1683	49
1684	45
1685	59
1686	50
1687	50
1688	45
1689	35
1690	45
1691	47
1692	48
1693	46
1694	47
1695	43
1696	55
1697	46
1698	58
1699	47
1700	47
1701	39
1702	51
1703	43
1704	43
1705	59
1706	43
1707	54
1708	48
1709	51
1710	52
1711	40
1712	53
1713	42
1714	65
1715	44
1716	47
1717	49
1718	42
1719	50
1720	40
1721	51
1722	67
1723	53
1724	46
1725	56
1726	36
1727	61
1728	49
1729	42
1730	58
1731	44
1732	45
1733	46
1734	52
1735	42
1736	36
1737	43
1738	53
1739	43
1740	48
1741	53
1742	40
1743	44
1744	50
1745	45
1746	47
1747	53
1748	46
1749	43
1750	51
1751	49
1752	47
1753	41
1754	52
1755	38
1756	50
1757	35
1758	44
1759	39
1760	39
1761	41
1762	48
1763	47
1764	45
1765	43
1766	62
1767	35
1768	62
1769	48
1770	44
1771	47
1772	38
1773	47
1774	49
1775	44
1776	54
1777	47
1778	47
1779	42
1780	35
1781	43
1782	44
1783	47
1784	36
1785	37
1786	40
1787	26
1788	49
1789	48
1790	54
1791	50
1792	38
1793	33
1794	56
1795	50
1796	58
1797	40
1798	39
1799	35
1800	46
1801	41
1802	45
1803	54
1804	41
1805	32
1806	54
1807	36
1808	36
1809	44
1810	33
1811	38
1812	36
1813	47
1814	34
1815	47
1816	41
1817	42
1818	43
1819	50
1820	40
1821	37
1822	49
1823	33
1824	39
1825	49
1826	54
1827	37
1828	49
1829	53
1830	41
1831	39
1832	39
1833	57
1834	47
1835	47
1836	39
1837	44
1838	46
1839	46
1840	35
1841	41
1842	45
1843	46
1844	34
1845	44
1846	47
1847	38
1848	34
1849	36
1850	33
1851	42
1852	40
1853	34
1854	40
1855	41
1856	47
1857	40
1858	44
1859	33
1860	52
1861	55
1862	44
1863	34
1864	49
1865	50
1866	44
1867	44
1868	36
1869	41
1870	49
1871	49
1872	48
1873	46
1874	42
1875	43
1876	38
1877	38
1878	48
1879	34
1880	37
1881	53
1882	52
1883	46
1884	42
1885	36
1886	54
1887	39
1888	39
1889	39
1890	53
1891	43
1892	30
1893	42
1894	38
1895	46
1896	46
1897	36
1898	43
1899	42
1900	41
1901	34
1902	35
1903	45
1904	36
1905	30
1906	40
1907	38
1908	39
1909	43
1910	37
1911	36
1912	52
1913	33
1914	36
1915	43
1916	32
1917	38
1918	40
1919	35
1920	34
1921	35
1922	34
1923	35
1924	42
1925	33
1926	33
1927	34
1928	26
1929	30
1930	39
1931	41
1932	32
1933	30
1934	26
1935	35
1936	29
1937	37
1938	21
1939	30
1940	30
1941	30
1942	33
1943	28
1944	40
1945	32
1946	25
1947	22
1948	29
1949	21
1950	30
1951	29
1952	22
1953	26
1954	32
1955	31
1956	41
1957	27
1958	25
1959	33
1960	28
1961	39
1962	34
1963	27
1964	21
1965	42
1966	33
1967	27
1968	36
1969	32
1970	34
1971	30
1972	30
1973	33
1974	37
1975	30
1976	30
1977	18
1978	32
1979	32
1980	35
1981	31
1982	35
1983	33
1984	28
1985	33
1986	34
1987	33
1988	32
1989	29
1990	38
1991	28
1992	29
1993	36
1994	22
1995	30
1996	28
1997	30
1998	30
1999	24
2000	30
2001	31
2002	18
2003	34
2004	34
2005	31
2006	30
2007	27
2008	31
2009	31
2010	26
2011	41
2012	31
2013	25
2014	35
2015	28
2016	31
2017	31
2018	32
2019	29
2020	29
2021	30
2022	27
2023	31
2024	29
2025	36
2026	30
2027	32
2028	35
2029	27
2030	31
2031	36
2032	29
2033	20
2034	36
2035	26
2036	30
2037	29
2038	47
2039	38
2040	51
2041	34
2042	33
2043	41
2044	25
2045	27
2046	39
2047	34
2048	35
2049	37
2050	42
2051	29
2052	45
2053	43
2054	25
2055	31
2056	37
2057	31
2058	38
2059	47
2060	35
2061	36
2062	27
2063	26
2064	44
2065	32
2066	33
2067	43
2068	38
2069	34
2070	31
2071	31
2072	30
2073	40
2074	21
2075	37
2076	24
2077	34
2078	29
2079	42
2080	30
2081	37
2082	36
2083	28
2084	26
2085	37
2086	40
2087	32
2088	36
2089	35
2090	42
2091	23
2092	29
2093	28
2094	23
2095	36
2096	37
2097	39
2098	34
2099	24
2100	27
2101	44
2102	38
2103	31
2104	37
2105	36
2106	24
2107	30
2108	33
2109	29
2110	25
2111	27
2112	25
2113	32
2114	36
2115	33
2116	30
2117	22
2118	21
2119	35
2120	30
2121	23
2122	31
2123	29
2124	28
2125	24
2126	25
2127	13
2128	29
2129	31
2130	24
2131	30
2132	26
2133	29
2134	32
2135	24
2136	27
2137	26
2138	32
2139	19
2140	23
2141	16
2142	28
2143	25
2144	29
2145	24
2146	33
2147	23
2148	30
2149	18
2150	23
2151	24
2152	25
2153	20
2154	21
2155	23
2156	24
2157	26
2158	32
2159	28
2160	20
2161	21
2162	34
2163	24
2164	24
2165	23
2166	29
2167	31
2168	29
2169	18
2170	26
2171	29
2172	35
2173	27
2174	29
2175	31
2176	24
2177	17
2178	30
2179	26
2180	35
2181	17
2182	36
2183	34
2184	35
2185	34
2186	32
2187	26
2188	28
2189	30
2190	27
2191	23
2192	33
2193	22
2194	25
2195	25
2196	32
2197	32
2198	30
2199	25
2200	25
2201	30
2202	30
2203	25
2204	23
2205	25
2206	26
2207	31
2208	20
2209	21
2210	16
2211	25
2212	32
2213	23
2214	26
2215	28
2216	27
2217	30
2218	21
2219	15
2220	23
2221	34
2222	32
2223	27
2224	23
2225	17
2226	23
2227	23
2228	23
2229	21
2230	26
2231	23
2232	24
2233	20
2234	29
2235	22
2236	21
2237	25
2238	22
2239	28
2240	24
2241	36
2242	23
2243	25
2244	31
2245	27
2246	21
2247	16
2248	32
2249	38
2250	35
2251	17
2252	29
2253	23
2254	28
2255	24
2256	19
2257	20
2258	31
2259	24
2260	27
2261	25
2262	23
2263	14
2264	21
2265	30
2266	24
2267	35
2268	25
2269	32
2270	31
2271	21
2272	31
2273	35
2274	27
2275	24
2276	31
2277	31
2278	26
2279	40
2280	28
2281	31
2282	23
2283	34
2284	30
2285	42
2286	32
2287	37
2288	45
2289	37
2290	40
2291	37
2292	40
2293	33
2294	30
2295	43
2296	40
2297	21
2298	26
2299	29
2300	30
2301	30
2302	17
2303	24
2304	18
2305	20
2306	26
2307	29
2308	19
2309	25
2310	30
2311	21
2312	16
2313	24
2314	20
2315	21
2316	21
2317	38
2318	21
2319	24
2320	28
2321	21
2322	33
2323	28
2324	34
2325	29
2326	23
2327	23
2328	23
2329	18
2330	23
2331	26
2332	25
2333	28
2334	19
2335	19
2336	17
2337	26
2338	24
2339	26
2340	18
2341	22
2342	16
2343	26
2344	30
2345	25
2346	28
2347	22
2348	19
2349	16
2350	20
2351	25
2352	18
2353	24
2354	29
2355	19
2356	16
2357	18
2358	19
2359	14
2360	17
2361	12
2362	15
2363	30
2364	23
2365	21
2366	23
2367	29
2368	24
2369	25
2370	33
2371	20
2372	14
2373	12
2374	29
2375	26
2376	18
2377	21
2378	16
2379	20
2380	30
2381	23
2382	25
2383	18
2384	18
2385	25
2386	29
2387	36
2388	18
2389	22
2390	22
2391	30
2392	25
2393	27
2394	22
2395	34
2396	26
2397	22
2398	25
2399	20
2400	37
2401	20
2402	24
2403	27
2404	18
2405	27
2406	29
2407	24
2408	22
2409	22
2410	25
2411	26
2412	30
2413	28
2414	32
2415	26
2416	28
2417	16
2418	28
2419	22
2420	42
2421	15
2422	19
2423	21
2424	22
2425	31
2426	30
2427	34
2428	28
2429	26
2430	17
2431	22
2432	25
2433	36
2434	28
2435	23
2436	22
2437	33
2438	25
2439	20
2440	28
2441	19
2442	24
2443	20
2444	25
2445	27
2446	20
2447	21
2448	33
2449	26
2450	24
2451	31
2452	28
2453	26
2454	22
2455	25
2456	19
2457	25
2458	28
2459	22
2460	28
2461	29
2462	23
2463	23
2464	20
2465	23
2466	22
2467	16
2468	25
2469	21
2470	20
2471	25
2472	21
2473	21
2474	21
2475	27
2476	17
2477	26
2478	17
2479	21
2480	17
2481	26
2482	15
2483	16
2484	15
2485	28
2486	21
2487	25
2488	27
2489	19
2490	23
2491	30
2492	24
2493	27
2494	31
2495	30
2496	27
2497	23
2498	24
2499	33
2500	37
2501	32
2502	28
2503	26
2504	23
2505	29
2506	30
2507	28
2508	25
2509	21
2510	22
2511	24
2512	27
2513	24
2514	25
2515	14
2516	21
2517	32
2518	25
2519	21
2520	20
2521	25
2522	14
2523	16
2524	20
2525	22
2526	17
2527	18
2528	21
2529	23
2530	18
2531	16
2532	22
2533	19
2534	22
2535	14
2536	20
2537	18
2538	17
2539	24
2540	22
2541	23
2542	18
2543	24
2544	16
2545	17
2546	19
2547	21
2548	19
2549	18
2550	16
2551	18
2552	17
2553	21
2554	10
2555	20
2556	26
2557	27
2558	15
2559	21
2560	25
2561	17
2562	27
2563	13
2564	14
2565	12
2566	17
2567	26
2568	15
2569	31
2570	24
2571	20
2572	19
2573	19
2574	14
2575	23
2576	12
2577	17
2578	22
2579	19
2580	20
2581	22
2582	27
2583	19
2584	18
2585	15
2586	25
2587	17
2588	29
2589	26
2590	25
2591	26
2592	20
2593	25
2594	33
2595	16
2596	20
2597	21
2598	22
2599	25
2600	27
2601	23
2602	17
2603	17
2604	23
2605	19
2606	16
2607	24
2608	19
2609	31
2610	17
2611	25
2612	21
2613	17
2614	23
2615	18
2616	23
2617	18
2618	21
2619	24
2620	26
2621	17
2622	22
2623	25
2624	19
2625	18
2626	18
2627	21
2628	19
2629	27
2630	20
2631	24
2632	23
2633	23
2634	23
2635	27
2636	23
2637	19
2638	19
2639	14
2640	24
2641	27
2642	22
2643	22
2644	20
2645	21
2646	16
2647	19
2648	21
2649	19
2650	21
2651	28
2652	23
2653	17
2654	15
2655	26
2656	19
2657	16
2658	15
2659	24
2660	21
2661	20
2662	15
2663	16
2664	22
2665	27
2666	17
2667	30
2668	17
2669	19
2670	16
2671	22
2672	19
2673	29
2674	18
2675	16
2676	29
2677	14
2678	25
2679	24
2680	16
2681	21
2682	19
2683	20
2684	21
2685	23
2686	19
2687	16
2688	17
2689	19
2690	15
2691	21
2692	21
2693	11
2694	17
2695	17
2696	16
2697	23
2698	20
2699	13
2700	14
2701	24
2702	20
2703	17
2704	16
2705	24
2706	20
2707	21
2708	21
2709	25
2710	19
2711	29
2712	18
2713	26
2714	16
2715	18
2716	28
2717	26
2718	21
2719	21
2720	27
2721	27
2722	20
2723	18
2724	15
2725	21
2726	21
2727	24
2728	21
2729	26
2730	18
2731	10
2732	22
2733	23
2734	25
2735	16
2736	18
2737	17
2738	16
2739	22
2740	16
2741	19
2742	24
2743	16
2744	16
2745	16
2746	21
2747	19
2748	14
2749	17
2750	20
2751	23
2752	15
2753	24
2754	24
2755	17
2756	18
2757	17
2758	14
2759	26
2760	15
2761	17
2762	23
2763	18
2764	15
2765	19
2766	20
2767	20
2768	15
2769	19
2770	21
2771	15
2772	24
2773	25
2774	23
2775	18
2776	17
2777	17
2778	19
2779	16
2780	21
2781	20
2782	18
2783	25
2784	15
2785	23
2786	14
2787	19
2788	17
2789	19
2790	28
2791	28
2792	22
2793	17
2794	19
2795	30
2796	18
2797	25
2798	22
2799	14
2800	24
2801	24
2802	19
2803	12
2804	20
2805	17
2806	19
2807	22
2808	19
2809	18
2810	19
2811	19
2812	11
2813	13
2814	18
2815	23
2816	22
2817	24
2818	14
2819	17
2820	21
2821	15
2822	21
2823	17
2824	22
2825	25
2826	23
2827	28
2828	15
2829	21
2830	19
2831	20
2832	17
2833	13
2834	11
2835	19
2836	25
2837	34
2838	31
2839	36
2840	21
2841	26
2842	22
2843	21
2844	23
2845	27
2846	17
2847	24
2848	19
2849	24
2850	22
2851	24
2852	18
2853	21
2854	25
2855	26
2856	15
2857	21
2858	26
2859	25
2860	21
2861	27
2862	20
2863	19
2864	22
2865	25
2866	19
2867	17
2868	17
2869	21
2870	30
2871	11
2872	22
2873	15
2874	29
2875	18
2876	17
2877	32
2878	23
2879	18
2880	18
2881	20
2882	22
2883	31
2884	28
2885	25
2886	29
2887	26
2888	25
2889	28
2890	22
2891	17
2892	28
2893	25
2894	18
2895	19
2896	21
2897	13
2898	17
2899	10
2900	20
2901	24
2902	22
2903	19
2904	16
2905	15
2906	19
2907	11
2908	18
2909	15
2910	16
2911	14
2912	11
2913	21
2914	22
2915	13
2916	26
2917	10
2918	23
2919	17
2920	17
2921	17
2922	21
2923	12
2924	24
2925	16
2926	12
2927	11
2928	12
2929	18
2930	23
2931	18
2932	22
2933	28
2934	16
2935	11
2936	8
2937	15
2938	19
2939	16
2940	17
2941	20
2942	16
2943	11
2944	16
2945	16
2946	14
2947	20
2948	19
2949	10
2950	13
2951	7
2952	17
2953	12
2954	13
2955	11
2956	20
2957	6
2958	13
2959	20
2960	16
2961	13
2962	11
2963	15
2964	17
2965	15
2966	15
2967	13
2968	15
2969	9
2970	19
2971	11
2972	17
2973	13
2974	11
2975	12
2976	11
2977	19
2978	17
2979	13
2980	11
2981	15
2982	14
2983	14
2984	9
2985	23
2986	14
2987	14
2988	13
2989	10
2990	15
2991	19
2992	16
2993	17
2994	8
2995	14
2996	15
2997	11
2998	12
2999	17
3000	9
3001	10
3002	11
3003	19
3004	14
3005	17
3006	11
3007	13
3008	20
3009	11
3010	20
3011	18
3012	17
3013	13
3014	12
3015	13
3016	7
3017	23
3018	14
3019	12
3020	13
3021	18
3022	10
3023	9
3024	14
3025	18
3026	11
3027	4
3028	12
3029	9
3030	10
3031	13
3032	15
3033	14
3034	11
3035	11
3036	14
3037	11
3038	11
3039	17
3040	11
3041	10
3042	12
3043	7
3044	9
3045	12
3046	13
3047	14
3048	11
3049	8
3050	17
3051	12
3052	9
3053	10
3054	18
3055	17
3056	11
3057	6
3058	14
3059	12
3060	11
3061	16
3062	9
3063	18
3064	14
3065	11
3066	17
3067	14
3068	8
3069	9
3070	10
3071	14
3072	8
3073	11
3074	13
3075	15
3076	19
3077	16
3078	18
3079	14
3080	14
3081	12
3082	6
3083	10
3084	13
3085	12
3086	16
3087	8
3088	12
3089	8
3090	16
3091	19
3092	11
3093	14
3094	11
3095	14
3096	13
3097	16
3098	15
3099	9
3100	9
3101	17
3102	13
3103	18
3104	15
3105	11
3106	16
3107	15
3108	17
3109	11
3110	14
3111	12
3112	11
3113	13
3114	12
3115	12
3116	12
3117	16
3118	11
3119	10
3120	14
3121	14
3122	11
3123	11
3124	15
3125	9
3126	7
3127	11
3128	9
3129	11
3130	14
3131	8
3132	16
3133	5
3134	8
3135	11
3136	16
3137	14
3138	10
3139	25
3140	13
3141	16
3142	15
3143	11
3144	16
3145	12
3146	12
3147	7
3148	8
3149	9
3150	8
3151	10
3152	13
3153	6
3154	9
3155	12
3156	12
3157	12
3158	11
3159	12
3160	10
3161	17
3162	10
3163	8
3164	9
3165	11
3166	15
3167	11
3168	8
3169	16
3170	14
3171	10
3172	12
3173	14
3174	16
3175	15
3176	9
3177	8
3178	14
3179	11
3180	9
3181	6
3182	9
3183	15
3184	9
3185	9
3186	11
3187	12
3188	5
3189	10
3190	10
3191	18
3192	1
3193	14
3194	12
3195	11
3196	9
3197	11
3198	13
3199	15
3200	13
3201	9
3202	9
3203	12
3204	7
3205	14
3206	13
3207	7
3208	9
3209	15
3210	8
3211	16
3212	7
3213	13
3214	18
3215	10
3216	15
3217	10
3218	9
3219	13
3220	10
3221	12
3222	11
3223	9
3224	17
3225	13
3226	19
3227	11
3228	12
3229	20
3230	13
3231	8
3232	12
3233	14
3234	17
3235	13
3236	13
3237	13
3238	13
3239	20
3240	14
3241	11
3242	12
3243	15
3244	24
3245	14
3246	11
3247	16
3248	18
3249	13
3250	10
3251	10
3252	12
3253	14
3254	18
3255	6
3256	9
3257	11
3258	9
3259	11
3260	7
3261	15
3262	6
3263	15
3264	9
3265	11
3266	9
3267	10
3268	8
3269	18
3270	12
3271	12
3272	12
3273	7
3274	8
3275	12
3276	10
3277	7
3278	4
3279	14
3280	11
3281	8
3282	12
3283	13
3284	12
3285	12
3286	9
3287	15
3288	16
3289	10
3290	16
3291	5
3292	11
3293	12
3294	7
3295	9
3296	6
3297	8
3298	15
3299	5
3300	7
3301	10
3302	12
3303	13
3304	13
3305	8
3306	5
3307	13
3308	8
3309	10
3310	10
3311	15
3312	18
3313	12
3314	7
3315	12
3316	16
3317	14
3318	9
3319	7
3320	10
3321	5
3322	9
3323	8
3324	13
3325	5
3326	7
3327	10
3328	8
3329	10
3330	9
3331	7
3332	8
3333	3
3334	9
3335	4
3336	8
3337	13
3338	6
3339	6
3340	6
3341	7
3342	4
3343	9
3344	11
3345	4
3346	10
3347	7
3348	3
3349	5
3350	7
3351	6
3352	4
3353	6
3354	4
3355	4
3356	6
3357	5
3358	9
3359	10
3360	5
3361	10
3362	9
3363	5
3364	10
3365	6
3366	7
3367	8
3368	7
3369	10
3370	7
3371	11
3372	5
3373	13
3374	4
3375	5
3376	12
3377	13
3378	6
3379	10
3380	12
3381	7
3382	11
3383	8
3384	9
3385	8
3386	9
3387	8
3388	6
3389	6
3390	8
3391	8
3392	4
3393	8
3394	8
3395	15
3396	4
3397	8
3398	1
3399	5
3400	12
3401	11
3402	10
3403	10
3404	13
3405	11
3406	4
3407	8
3408	5
3409	9
3410	9
3411	3
3412	11
3413	11
3414	7
3415	7
3416	16
3417	8
3418	9
3419	7
3420	6
3421	14
3422	8
3423	9
3424	5
3425	4
3426	4
3427	11
3428	8
3429	19
3430	8
3431	3
3432	9
3433	7
3434	9
3435	6
3436	10
3437	5
3438	8
3439	8
3440	9
3441	9
3442	7
3443	8
3444	5
3445	6
3446	7
3447	10
3448	3
3449	8
3450	5
3451	9
3452	9
3453	6
3454	5
3455	7
3456	8
3457	7
3458	10
3459	10
3460	5
3461	8
3462	9
3463	2
3464	7
3465	4
3466	6
3467	5
3468	11
3469	4
3470	3
3471	1
3472	5
3473	6
3474	3
3475	5
3476	5
3477	7
3478	12
3479	4
3480	5
3481	7
3482	4
3483	10
3484	6
3485	8
3486	9
3487	9
3488	9
3489	11
3490	11
3491	15
3492	11
3493	6
3494	6
3495	8
3496	11
3497	12
3498	15
3499	7
3500	4
3501	9
3502	8
3503	7
3504	14
3505	12
3506	8
3507	6
3508	7
3509	6
3510	12
3511	8
3512	6
3513	8
3514	11
3515	10
3516	6
3517	5
3518	10
3519	2
3520	7
3521	6
3522	7
3523	11
3524	8
3525	8
3526	8
3527	11
3528	11
3529	6
3530	10
3531	11
3532	6
3533	9
3534	13
3535	9
3536	8
3537	7
3538	3
3539	6
3540	9
3541	7
3542	13
3543	6
3544	9
3545	6
3546	8
3547	4
3548	10
3549	8
3550	8
3551	10
3552	8
3553	11
3554	4
3555	4
3556	5
3557	4
3558	7
3559	10
3560	8
3561	3
3562	6
3563	9
3564	9
3565	8
3566	3
3567	10
3568	7
3569	4
3570	11
3571	12
3572	7
3573	5
3574	5
3575	11
3576	8
3577	4
3578	14
3579	9
3580	7
3581	7
3582	9
3583	7
3584	7
3585	9
3586	9
3587	6
3588	10
3589	7
3590	8
3591	11
3592	11
3593	9
3594	7
3595	5
3596	6
3597	6
3598	9
3599	4
3600	10
3601	7
3602	4
3603	8
3604	7
3605	4
3606	8
3607	10
3608	4
3609	3
3610	7
3611	6
3612	9
3613	3
3614	8
3615	2
3616	6
3617	5
3618	8
3619	6
3620	10
3621	6
3622	5
3623	7
3624	6
3625	4
3626	6
3627	4
3628	10
3629	11
3630	8
3631	6
3632	7
3633	10
3634	12
3635	6
3636	6
3637	3
3638	4
3639	6
3640	9
3641	6
3642	4
3643	8
3644	10
3645	6
3646	6
3647	10
3648	7
3649	3
3650	6
3651	4
3652	8
3653	4
3654	6
3655	4
3656	5
3657	5
3658	6
3659	7
3660	5
3661	4
3662	6
3663	8
3664	3
3665	9
3666	6
3667	5
3668	4
3669	5
3670	5
3671	4
3672	6
3673	8
3674	8
3675	4
3676	7
3677	4
3678	3
3679	2
3680	2
3681	5
3682	7
3683	7
3684	7
3685	5
3686	5
3687	6
3688	4
3689	6
3690	3
3691	4
3692	4
3693	6
3694	4
3695	2
3696	8
3697	4
3698	4
3699	6
3700	5
3701	7
3702	4
3703	5
3704	5
3705	4
3706	4
3707	6
3708	4
3709	11
3710	8
3711	7
3712	4
3713	8
3714	4
3715	8
3716	5
3717	2
3718	6
3719	7
3720	7
3721	7
3722	9
3723	9
3724	5
3725	5
3726	10
3727	9
3728	9
3729	6
3730	3
3731	7
3732	9
3733	5
3734	9
3735	6
3736	11
3737	8
3738	3
3739	8
3740	4
3741	7
3742	6
3743	9
3744	8
3745	7
3746	4
3747	11
3748	5
3749	8
3750	3
3751	8
3752	6
3753	10
3754	7
3755	8
3756	6
3757	6
3758	6
3759	5
3760	5
3761	3
3762	7
3763	5
3764	12
3765	9
3766	12
3767	7
3768	10
3769	6
3770	14
3771	11
3772	3
3773	7
3774	6
3775	7
3776	3
3777	3
3778	5
3779	9
3780	2
3781	10
3782	10
3783	9
3784	9
3785	7
3786	5
3787	6
3788	4
3789	6
3790	4
3791	5
3792	8
3793	4
3794	3
3795	6
3796	5
3797	4
3798	8
3799	9
3800	7
3801	5
3802	3
3803	5
3804	5
3805	3
3806	7
3807	7
3808	8
3809	8
3810	6
3811	0
3812	7
3813	8
3814	12
3815	7
3816	9
3817	8
3818	7
3819	8
3820	9
3821	12
3822	3
3823	5
3824	11
3825	8
3826	9
3827	3
3828	5
3829	7
3830	3
3831	6
3832	9
3833	12
3834	11
3835	9
3836	3
3837	10
3838	5
3839	7
3840	9
3841	6
3842	12
3843	10
3844	4
3845	8
3846	3
3847	9
3848	4
3849	11
3850	10
3851	11
3852	6
3853	3
3854	10
3855	9
3856	12
3857	11
3858	11
3859	6
3860	6
3861	8
3862	6
3863	8
3864	7
3865	8
3866	7
3867	6
3868	6
3869	7
3870	5
3871	12
3872	4
3873	8
3874	9
3875	9
3876	4
3877	10
3878	14
3879	10
3880	5
3881	6
3882	11
3883	8
3884	11
3885	10
3886	7
3887	6
3888	3
3889	10
3890	6
3891	5
3892	8
3893	8
3894	8
3895	5
3896	9
3897	5
3898	6
3899	9
3900	11
3901	4
3902	3
3903	6
3904	9
3905	2
3906	11
3907	7
3908	4
3909	5
3910	9
3911	8
3912	2
3913	6
3914	8
3915	5
3916	6
3917	6
3918	9
3919	9
3920	9
3921	9
3922	12
3923	7
3924	4
3925	5
3926	7
3927	4
3928	7
3929	5
3930	6
3931	9
3932	11
3933	8
3934	7
3935	4
3936	6
3937	5
3938	10
3939	6
3940	9
3941	7
3942	2
3943	9
3944	5
3945	10
3946	4
3947	7
3948	6
3949	4
3950	5
3951	6
3952	9
3953	6
3954	6
3955	12
3956	7
3957	2
3958	5
3959	7
3960	9
3961	8
3962	9
3963	4
3964	8
3965	4
3966	7
3967	7
3968	4
3969	7
3970	9
3971	4
3972	6
3973	5
3974	5
3975	3
3976	4
3977	9
3978	7
3979	3
3980	6
3981	5
3982	5
3983	8
3984	7
3985	8
3986	6
3987	9
3988	8
3989	8
3990	1
3991	7
3992	4
3993	10
3994	11
3995	10
3996	9
3997	6
3998	4
3999	4
4000	12
4001	1
4002	2
4003	9
4004	5
4005	9
4006	7
4007	6
4008	7
4009	4
4010	4
4011	10
4012	7
4013	9
4014	5
4015	5
4016	11
4017	6
4018	5
4019	3
4020	6
4021	7
4022	9
4023	10
4024	4
4025	5
4026	4
4027	10
4028	7
4029	10
4030	7
4031	9
4032	1
4033	4
4034	4
4035	10
4036	5
4037	9
4038	4
4039	3
4040	9
4041	9
4042	5
4043	14
4044	5
4045	5
4046	4
4047	4
4048	6
4049	13
4050	10
4051	4
4052	6
4053	8
4054	8
4055	5
4056	7
4057	3
4058	5
4059	5
4060	9
4061	5
4062	7
4063	9
4064	8
4065	6
4066	9
4067	7
4068	8
4069	4
4070	5
4071	7
4072	5
4073	5
4074	9
4075	8
4076	3
4077	8
4078	6
4079	8
4080	3
4081	7
4082	6
4083	12
4084	8
4085	11
4086	9
4087	8
4088	4
4089	4
4090	6
4091	12
4092	8
4093	6
4094	5
4095	7
4096	7
4097	3
4098	9
4099	4
4100	7
4101	3
4102	9
4103	12
4104	11
4105	11
4106	13
4107	7
4108	7
4109	8
4110	3
4111	10
4112	6
4113	6
4114	12
4115	12
4116	6
4117	7
4118	8
4119	9
4120	8
4121	6
4122	6
4123	9
4124	6
4125	4
4126	8
4127	11
4128	8
4129	2
4130	7
4131	6
4132	6
4133	9
4134	3
4135	12
4136	8
4137	10
4138	5
4139	10
4140	10
4141	8
4142	11
4143	8
4144	6
4145	5
4146	9
4147	11
4148	8
4149	13
4150	8
4151	7
4152	6
4153	8
4154	7
4155	4
4156	7
4157	8
4158	10
4159	5
4160	10
4161	6
4162	4
4163	5
4164	11
4165	11
4166	11
4167	5
4168	8
4169	10
4170	7
4171	2
4172	7
4173	8
4174	5
4175	8
4176	8
4177	9
4178	4
4179	8
4180	12
4181	3
4182	11
4183	8
4184	7
4185	5
4186	7
4187	8
4188	11
4189	7
4190	9
4191	5
4192	9
4193	8
4194	7
4195	8
4196	4
4197	6
4198	6
4199	11
4200	6
4201	5
4202	6
4203	8
4204	6
4205	8
4206	3
4207	5
4208	9
4209	8
4210	7
4211	6
4212	7
4213	7
4214	7
4215	2
4216	7
4217	5
4218	6
4219	7
4220	3
4221	5
4222	4
4223	6
4224	6
4225	7
4226	12
4227	6
4228	5
4229	5
4230	3
4231	10
4232	8
4233	7
4234	7
4235	9
4236	5
4237	5
4238	4
4239	9
4240	8
4241	6
4242	4
4243	7
4244	9
4245	14
4246	7
4247	17
4248	10
4249	12
4250	7
4251	7
4252	10
4253	9
4254	10
4255	12
4256	6
4257	6
4258	12
4259	8
4260	9
4261	6
4262	15
4263	6
4264	4
4265	11
4266	2
4267	6
4268	5
4269	6
4270	15
4271	8
4272	7
4273	13
4274	12
4275	6
4276	9
4277	16
4278	14
4279	8
4280	17
4281	11
4282	13
4283	9
4284	8
4285	15
4286	8
4287	15
4288	12
4289	9
4290	5
4291	15
4292	5
4293	11
4294	10
4295	14
4296	12
4297	8
4298	8
4299	14
4300	7
4301	11
4302	13
4303	11
4304	6
4305	4
4306	7
4307	7
4308	1
4309	7
4310	11
4311	9
4312	6
4313	5
4314	10
4315	16
4316	10
4317	10
4318	5
4319	12
4320	4
4321	4
4322	7
4323	5
4324	10
4325	6
4326	8
4327	10
4328	12
4329	6
4330	4
4331	7
4332	6
4333	4
4334	9
4335	5
4336	8
4337	5
4338	10
4339	7
4340	6
4341	5
4342	9
4343	9
4344	10
4345	10
4346	10
4347	10
4348	3
4349	7
4350	9
4351	8
4352	10
4353	8
4354	2
4355	10
4356	2
4357	8
4358	7
4359	12
4360	5
4361	11
4362	5
4363	7
4364	2
4365	5
4366	7
4367	12
4368	12
4369	7
4370	8
4371	9
4372	9
4373	5
4374	6
4375	6
4376	7
4377	0
4378	9
4379	4
4380	7
4381	7
4382	5
4383	12
4384	9
4385	12
4386	14
4387	4
4388	5
4389	8
4390	9
4391	1
4392	5
4393	12
4394	8
4395	7
4396	6
4397	7
4398	3
4399	9
4400	5
4401	4
4402	8
4403	14
4404	7
4405	9
4406	12
4407	11
4408	10
4409	10
4410	3
4411	12
4412	11
4413	13
4414	10
4415	11
4416	9
4417	4
4418	11
4419	6
4420	9
4421	9
4422	5
4423	11
4424	11
4425	4
4426	7
4427	10
4428	13
4429	7
4430	4
4431	9
4432	13
4433	11
4434	9
4435	5
4436	4
4437	11
4438	6
4439	4
4440	4
4441	7
4442	13
4443	4
4444	6
4445	8
4446	10
4447	11
4448	9
4449	12
4450	6
4451	11
4452	7
4453	17
4454	7
4455	8
4456	12
4457	7
4458	8
4459	11
4460	5
4461	8
4462	2
4463	9
4464	6
4465	6
4466	6
4467	9
4468	7
4469	8
4470	10
4471	6
4472	7
4473	1
4474	3
4475	6
4476	6
4477	7
4478	6
4479	5
4480	5
4481	7
4482	5
4483	2
4484	7
4485	6
4486	6
4487	10
4488	9
4489	4
4490	4
4491	11
4492	5
4493	5
4494	2
4495	5
4496	6
4497	0
4498	4
4499	10
4500	2
4501	5
4502	4
4503	4
4504	12
4505	4
4506	9
4507	0
4508	4
4509	3
4510	3
4511	5
4512	7
4513	4
4514	8
4515	8
4516	3
4517	2
4518	2
4519	8
4520	9
4521	8
4522	5
4523	4
4524	4
4525	3
4526	4
4527	4
4528	6
4529	4
4530	7
4531	5
4532	10
4533	3
4534	6
4535	5
4536	6
4537	7
4538	10
4539	12
4540	3
4541	8
4542	5
4543	5
4544	6
4545	8
4546	7
4547	3
4548	8
4549	7
4550	8
4551	2
4552	8
4553	10
4554	7
4555	2
4556	6
4557	11
4558	13
4559	3
4560	9
4561	6
4562	6
4563	6
4564	8
4565	9
4566	13
4567	7
4568	5
4569	6
4570	11
4571	4
4572	8
4573	14
4574	16
4575	9
4576	4
4577	9
4578	8
4579	5
4580	5
4581	11
4582	8
4583	14
4584	13
4585	16
4586	13
4587	7
4588	9
4589	9
4590	10
4591	8
4592	11
4593	9
4594	14
4595	6
4596	5
4597	11
4598	5
4599	18
4600	8
4601	7
4602	11
4603	7
4604	7
4605	9
4606	14
4607	10
4608	11
4609	10
4610	9
4611	6
4612	6
4613	10
4614	10
4615	13
4616	6
4617	14
4618	7
4619	5
4620	18
4621	4
4622	14
4623	17
4624	18
4625	13
4626	9
4627	11
4628	12
4629	8
4630	13
4631	15
4632	20
4633	12
4634	11
4635	15
4636	14
4637	21
4638	13
4639	11
4640	11
4641	12
4642	15
4643	10
4644	11
4645	11
4646	13
4647	14
4648	14
4649	12
4650	9
4651	17
4652	12
4653	9
4654	11
4655	15
4656	13
4657	7
4658	10
4659	10
4660	18
4661	7
4662	20
4663	18
4664	10
4665	14
4666	14
4667	13
4668	12
4669	14
4670	17
4671	15
4672	15
4673	11
4674	15
4675	12
4676	15
4677	14
4678	7
4679	14
4680	13
4681	20
4682	13
4683	11
4684	14
4685	18
4686	14
4687	16
4688	17
4689	12
4690	15
4691	14
4692	14
4693	17
4694	22
4695	17
4696	17
4697	17
4698	11
4699	11
4700	13
4701	10
4702	23
4703	13
4704	10
4705	14
4706	14
4707	19
4708	19
4709	16
4710	18
4711	9
4712	12
4713	20
4714	8
4715	19
4716	12
4717	8
4718	14
4719	9
4720	16
4721	11
4722	5
4723	11
4724	13
4725	16
4726	7
4727	9
4728	14
4729	10
4730	17
4731	17
4732	12
4733	10
4734	16
4735	15
4736	9
4737	17
4738	19
4739	5
4740	10
4741	12
4742	12
4743	9
4744	19
4745	14
4746	15
4747	10
4748	11
4749	10
4750	17
4751	12
4752	9
4753	10
4754	9
4755	11
4756	13
4757	15
4758	15
4759	13
4760	11
4761	13
4762	15
4763	6
4764	15
4765	9
4766	9
4767	13
4768	19
4769	17
4770	19
4771	10
4772	18
4773	7
4774	12
4775	4
4776	12
4777	8
4778	13
4779	8
4780	14
4781	7
4782	9
4783	15
4784	12
4785	14
4786	9
4787	10
4788	8
4789	15
4790	12
4791	7
4792	17
4793	15
4794	8
4795	11
4796	6
4797	13
4798	11
4799	9
4800	12
4801	10
4802	7
4803	6
4804	16
4805	14
4806	8
4807	10
4808	8
4809	5
4810	8
4811	4
4812	12
4813	11
4814	13
4815	16
4816	3
4817	9
4818	10
4819	6
4820	11
4821	7
4822	7
4823	11
4824	7
4825	6
4826	6
4827	7
4828	9
4829	13
4830	13
4831	8
4832	6
4833	10
4834	9
4835	15
4836	7
4837	10
4838	8
4839	9
4840	7
4841	13
4842	7
4843	9
4844	7
4845	9
4846	9
4847	10
4848	13
4849	9
4850	8
4851	10
4852	11
4853	7
4854	11
4855	10
4856	8
4857	10
4858	14
4859	8
4860	11
4861	16
4862	10
4863	8
4864	8
4865	15
4866	11
4867	11
4868	8
4869	13
4870	16
4871	14
4872	13
4873	14
4874	13
4875	7
4876	8
4877	15
4878	11
4879	13
4880	9
4881	15
4882	13
4883	6
4884	14
4885	11
4886	9
4887	12
4888	10
4889	13
4890	10
4891	9
4892	16
4893	16
4894	13
4895	9
4896	13
4897	10
4898	8
4899	14
4900	8
4901	12
4902	8
4903	10
4904	13
4905	17
4906	13
4907	7
4908	11
4909	11
4910	6
4911	9
4912	11
4913	12
4914	5
4915	15
4916	7
4917	9
4918	9
4919	18
4920	15
4921	9
4922	7
4923	15
4924	9
4925	8
4926	10
4927	15
4928	8
4929	15
4930	13
4931	8
4932	10
4933	10
4934	13
4935	8
4936	11
4937	9
4938	10
4939	7
4940	6
4941	13
4942	14
4943	6
4944	6
4945	11
4946	12
4947	8
4948	8
4949	8
4950	7
4951	10
4952	10
4953	7
4954	11
4955	10
4956	4
4957	10
4958	17
4959	11
4960	13
4961	13
4962	10
4963	8
4964	8
4965	9
4966	11
4967	13
4968	12
4969	10
4970	12
4971	8
4972	8
4973	10
4974	10
4975	14
4976	14
4977	7
4978	11
4979	6
4980	6
4981	7
4982	6
4983	11
4984	12
4985	10
4986	12
4987	7
4988	15
4989	8
4990	10
4991	8
4992	5
4993	12
4994	9
4995	6
4996	11
4997	6
4998	6
4999	10
5000	6
5001	8
5002	12
5003	9
5004	10
5005	9
5006	3
5007	5
5008	7
5009	7
5010	10
5011	9
5012	13
5013	4
5014	11
5015	6
5016	6
5017	2
5018	9
5019	4
5020	8
5021	3
5022	5
5023	5
5024	4
5025	7
5026	7
5027	5
5028	7
5029	2
5030	8
5031	6
5032	11
5033	3
5034	5
5035	7
5036	7
5037	5
5038	8
5039	9
5040	6
5041	7
5042	6
5043	1
5044	7
5045	4
5046	7
5047	6
5048	6
5049	3
5050	4
5051	8
5052	3
5053	4
5054	5
5055	6
5056	4
5057	6
5058	4
5059	3
5060	5
5061	8
5062	7
5063	6
5064	7
5065	1
5066	5
5067	5
5068	6
5069	6
5070	4
5071	6
5072	5
5073	3
5074	1
5075	4
5076	2
5077	5
5078	5
5079	6
5080	3
5081	1
5082	4
5083	0
5084	3
5085	2
5086	5
5087	4
5088	2
5089	4
5090	5
5091	1
5092	7
5093	0
5094	3
5095	3
5096	4
5097	2
5098	5
5099	2
5100	3
5101	2
5102	3
5103	2
5104	2
5105	4
5106	4
5107	2
5108	4
5109	0
5110	5
5111	4
5112	4
5113	2
5114	6
5115	1
5116	5
5117	4
5118	6
5119	1
5120	5
5121	1
5122	2
5123	2
5124	1
5125	1
5126	1
5127	1
5128	3
5129	3
5130	4
5131	2
5132	2
5133	2
5134	2
5135	2
5136	2
5137	6
5138	3
5139	4
5140	2
5141	2
5142	3
5143	5
5144	6
5145	3
5146	3
5147	4
5148	2
5149	6
5150	1
5151	2
5152	2
5153	3
5154	2
5155	9
5156	1
5157	4
5158	4
5159	3
5160	4
5161	2
5162	3
5163	5
5164	4
5165	4
5166	0
5167	9
5168	7
5169	4
5170	3
5171	8
5172	3
5173	2
5174	3
5175	2
5176	5
5177	4
5178	3
5179	4
5180	0
5181	3
5182	2
5183	2
5184	7
5185	2
5186	4
5187	2
5188	4
5189	5
5190	3
5191	4
5192	5
5193	2
5194	3
5195	2
5196	1
5197	3
5198	6
5199	1
5200	3
5201	1
5202	3
5203	5
5204	5
5205	5
5206	4
5207	6
5208	5
5209	6
5210	4
5211	3
5212	3
5213	3
5214	5
5215	3
5216	5
5217	2
5218	7
5219	4
5220	3
5221	6
5222	3
5223	5
5224	4
5225	2
5226	7
5227	4
5228	3
5229	6
5230	5
5231	3
5232	4
5233	6
5234	4
5235	3
5236	3
5237	0
5238	1
5239	1
5240	3
5241	9
5242	2
5243	5
5244	8
5245	4
5246	1
5247	4
5248	0
5249	4
5250	5
5251	3
5252	3
5253	3
5254	9
5255	6
5256	9
5257	3
5258	4
5259	3
5260	5
5261	6
5262	4
5263	6
5264	4
5265	0
5266	2
5267	2
5268	5
5269	4
5270	5
5271	6
5272	5
5273	5
5274	5
5275	5
5276	3
5277	3
5278	8
5279	4
5280	9
5281	4
5282	2
5283	3
5284	5
5285	3
5286	4
5287	5
5288	3
5289	2
5290	1
5291	5
5292	5
5293	2
5294	2
5295	4
5296	4
5297	1
5298	4
5299	2
5300	7
5301	3
5302	2
5303	2
5304	6
5305	5
5306	1
5307	4
5308	1
5309	1
5310	4
5311	2
5312	1
5313	3
5314	2
5315	5
5316	2
5317	2
5318	5
5319	1
5320	1
5321	1
5322	5
5323	4
5324	3
5325	4
5326	2
5327	3
5328	2
5329	0
5330	2
5331	4
5332	1
5333	1
5334	3
5335	3
5336	2
5337	4
5338	4
5339	4
5340	1
5341	1
5342	2
5343	7
5344	2
5345	3
5346	1
5347	2
5348	3
5349	4
5350	3
5351	2
5352	1
5353	1
5354	0
5355	0
5356	4
5357	1
5358	2
5359	2
5360	1
5361	0
5362	2
5363	1
5364	0
5365	4
5366	2
5367	1
5368	2
5369	1
5370	0
5371	1
5372	1
5373	2
5374	1
5375	3
5376	2
5377	1
5378	1
5379	4
5380	3
5381	0
5382	4
5383	2
5384	2
5385	2
5386	2
5387	3
5388	2
5389	3
5390	1
5391	2
5392	3
5393	3
5394	0
5395	2
5396	3
5397	1
5398	2
5399	1
5400	3
5401	2
5402	2
5403	1
5404	4
5405	3
5406	1
5407	3
5408	1
5409	2
5410	2
5411	4
5412	0
5413	4
5414	2
5415	4
5416	4
5417	3
5418	4
5419	1
5420	1
5421	3
5422	1
5423	7
5424	5
5425	2
5426	1
5427	1
5428	3
5429	1
5430	3
5431	2
5432	3
5433	1
5434	3
5435	0
5436	2
5437	3
5438	0
5439	1
5440	0
5441	4
5442	0
5443	1
5444	4
5445	3
5446	2
5447	3
5448	2
5449	6
5450	2
5451	3
5452	2
5453	6
5454	2
5455	3
5456	3
5457	0
5458	1
5459	1
5460	0
5461	1
5462	1
5463	4
5464	1
5465	0
5466	1
5467	1
5468	1
5469	0
5470	3
5471	4
5472	3
5473	3
5474	1
5475	2
5476	3
5477	1
5478	3
5479	2
5480	2
5481	2
5482	2
5483	3
5484	1
5485	4
5486	1
5487	2
5488	2
5489	3
5490	3
5491	2
5492	1
5493	3
5494	1
5495	3
5496	0
5497	2
5498	0
5499	5
5500	2
5501	2
5502	3
5503	4
5504	1
5505	2
5506	2
5507	0
5508	1
5509	2
5510	3
5511	2
5512	4
5513	3
5514	1
5515	1
5516	3
5517	1
5518	3
5519	2
5520	2
5521	2
5522	5
5523	0
5524	3
5525	3
5526	6
5527	3
5528	2
5529	1
5530	2
5531	2
5532	3
5533	3
5534	4
5535	4
5536	3
5537	2
5538	4
5539	3
5540	0
5541	3
5542	2
5543	1
5544	6
5545	3
5546	2
5547	4
5548	4
5549	4
5550	4
5551	3
5552	5
5553	1
5554	4
5555	1
5556	1
5557	2
5558	2
5559	2
5560	3
5561	4
5562	0
5563	5
5564	2
5565	5
5566	1
5567	7
5568	3
5569	3
5570	4
5571	1
5572	1
5573	3
5574	3
5575	1
5576	6
5577	1
5578	2
5579	1
5580	2
5581	4
5582	3
5583	1
5584	3
5585	1
5586	2
5587	2
5588	2
5589	2
5590	0
5591	1
5592	0
5593	3
5594	0
5595	2
5596	3
5597	1
5598	0
5599	3
5600	1
5601	2
5602	3
5603	2
5604	1
5605	1
5606	6
5607	1
5608	5
5609	1
5610	3
5611	3
5612	1
5613	1
5614	1
5615	7
5616	2
5617	3
5618	3
5619	6
5620	3
5621	1
5622	3
5623	3
5624	1
5625	5
5626	4
5627	3
5628	3
5629	3
5630	4
5631	1
5632	3
5633	4
5634	3
5635	2
5636	2
5637	1
5638	3
5639	1
5640	1
5641	1
5642	4
5643	4
5644	1
5645	1
5646	3
5647	3
5648	0
5649	5
5650	1
5651	1
5652	3
5653	5
5654	1
5655	2
5656	3
5657	5
5658	2
5659	4
5660	5
5661	5
5662	2
5663	1
5664	3
5665	5
5666	1
5667	4
5668	1
5669	3
5670	1
5671	1
5672	1
5673	1
5674	4
5675	2
5676	2
5677	1
5678	2
5679	2
5680	1
5681	2
5682	2
5683	3
5684	2
5685	3
5686	1
5687	2
5688	3
5689	2
5690	2
5691	0
5692	0
5693	1
5694	2
5695	0
5696	3
5697	2
5698	1
5699	0
5700	2
5701	1
5702	1
5703	2
5704	1
5705	2
5706	2
5707	2
5708	4
5709	3
5710	3
5711	0
5712	5
5713	5
5714	4
5715	3
5716	2
5717	1
5718	1
5719	3
5720	3
5721	2
5722	2
5723	2
5724	2
5725	5
5726	2
5727	0
5728	1
5729	2
5730	2
5731	1
5732	3
5733	2
5734	5
5735	1
5736	1
5737	1
5738	1
5739	1
5740	1
5741	5
5742	3
5743	3
5744	2
5745	2
5746	1
5747	0
5748	1
5749	1
5750	1
5751	1
5752	2
5753	3
5754	1
5755	1
5756	4
5757	1
5758	1
5759	5
5760	1
5761	3
5762	2
5763	3
5764	2
5765	3
5766	1
5767	2
5768	3
5769	0
5770	2
5771	0
5772	2
5773	0
5774	1
5775	1
5776	0
5777	4
5778	3
5779	3
5780	1
5781	1
5782	3
5783	0
5784	2
5785	1
5786	1
5787	2
5788	2
5789	2
5790	1
5791	1
5792	0
5793	3
5794	2
5795	1
5796	1
5797	1
5798	2
5799	2
5800	0
5801	2
5802	0
5803	1
5804	4
5805	2
5806	2
5807	3
5808	3
5809	0
5810	2
5811	3
5812	4
5813	2
5814	1
5815	2
5816	2
5817	4
5818	4
5819	3
5820	4
5821	2
5822	6
5823	5
5824	2
5825	2
5826	1
5827	4
5828	1
5829	3
5830	1
5831	2
5832	2
5833	1
5834	0
5835	2
5836	1
5837	1
5838	3
5839	1
5840	0
5841	2
5842	0
5843	2
5844	2
5845	2
5846	3
5847	1
5848	2
5849	2
5850	3
5851	1
5852	1
5853	3
5854	0
5855	2
5856	2
5857	3
5858	0
5859	1
5860	2
5861	2
5862	0
5863	4
5864	1
5865	4
5866	2
5867	2
5868	3
5869	0
5870	3
5871	0
5872	0
5873	2
5874	0
5875	4
5876	6
5877	1
5878	2
5879	0
5880	2
5881	4
5882	3
5883	1
5884	1
5885	2
5886	2
5887	0
5888	1
5889	2
5890	1
5891	3
5892	1
5893	2
5894	3
5895	1
5896	2
5897	0
5898	2
5899	3
5900	0
5901	3
5902	3
5903	2
5904	0
5905	2
5906	1
5907	1
5908	0
5909	1
5910	1
5911	1
5912	1
5913	0
5914	3
5915	1
5916	1
5917	0
5918	2
5919	2
5920	2
5921	0
5922	0
5923	2
5924	3
5925	3
5926	1
5927	1
5928	1
5929	1
5930	3
5931	1
5932	1
5933	3
5934	0
5935	2
5936	2
5937	1
5938	1
5939	1
5940	1
5941	1
5942	3
5943	3
5944	0
5945	0
5946	1
5947	2
5948	2
5949	1
5950	1
5951	0
5952	2
5953	2
5954	3
5955	1
5956	0
5957	1
5958	1
5959	0
5960	2
5961	4
5962	0
5963	0
5964	1
5965	3
5966	0
5967	1
5968	3
5969	0
5970	4
5971	1
5972	2
5973	0
5974	0
5975	2
5976	1
5977	2
5978	2
5979	1
5980	1
5981	0
5982	0
5983	2
5984	2
5985	0
5986	4
5987	0
5988	4
5989	1
5990	0
5991	3
5992	0
5993	3
5994	2
5995	4
5996	1
5997	1
5998	0
5999	2
6000	1
6001	0
6002	1
6003	1
6004	1
6005	1
6006	0
6007	3
6008	1
6009	2
6010	0
6011	3
6012	1
6013	0
6014	0
6015	1
6016	2
6017	0
6018	1
6019	3
6020	1
6021	0
6022	4
6023	1
6024	3
6025	2
6026	1
6027	1
6028	2
6029	0
6030	2
6031	1
6032	0
6033	0
6034	1
6035	0
6036	0
6037	1
6038	2
6039	2
6040	1
6041	4
6042	0
6043	1
6044	2
6045	1
6046	2
6047	2
6048	1
6049	3
6050	4
6051	1
6052	2
6053	1
6054	1
6055	2
6056	0
6057	2
6058	1
6059	0
6060	2
6061	2
6062	0
6063	3
6064	0
6065	0
6066	0
6067	1
6068	0
6069	2
6070	5
6071	3
6072	0
6073	3
6074	2
6075	4
6076	0
6077	1
6078	2
6079	3
6080	0
6081	1
6082	2
6083	2
6084	2
6085	3
6086	2
6087	0
6088	2
6089	1
6090	0
6091	0
6092	0
6093	2
6094	3
6095	0
6096	6
6097	1
6098	1
6099	3
6100	1
6101	2
6102	2
6103	2
6104	1
6105	0
6106	1
6107	0
6108	1
6109	0
6110	1
6111	0
6112	0
6113	0
6114	0
6115	1
6116	2
6117	2
6118	1
6119	2
6120	2
6121	3
6122	1
6123	3
6124	2
6125	2
6126	0
6127	2
6128	1
6129	3
6130	1
6131	2
6132	2
6133	1
6134	1
6135	0
6136	1
6137	2
6138	2
6139	2
6140	2
6141	0
6142	1
6143	0
6144	0
6145	1
6146	4
6147	2
6148	0
6149	1
6150	1
6151	0
6152	1
6153	1
6154	0
6155	2
6156	0
6157	0
6158	1
6159	1
6160	1
6161	0
6162	0
6163	1
6164	3
6165	1
6166	0
6167	0
6168	1
6169	0
6170	1
6171	0
6172	0
6173	0
6174	0
6175	1
6176	0
6177	2
6178	1
6179	2
6180	1
6181	0
6182	0
6183	3
6184	1
6185	0
6186	1
6187	2
6188	2
6189	0
6190	1
6191	1
6192	2
6193	2
6194	1
6195	0
6196	1
6197	1
6198	1
6199	2
6200	2
6201	1
6202	4
6203	1
6204	0
6205	0
6206	2
6207	1
6208	0
6209	3
6210	2
6211	0
6212	1
6213	0
6214	1
6215	1
6216	3
6217	2
6218	1
6219	1
6220	2
6221	5
6222	2
6223	1
6224	1
6225	2
6226	0
6227	2
6228	0
6229	1
6230	4
6231	2
6232	1
6233	2
6234	2
6235	2
6236	1
6237	4
6238	5
6239	0
6240	3
6241	1
6242	4
6243	1
6244	3
6245	1
6246	0
6247	0
6248	1
6249	3
6250	5
6251	1
6252	4
6253	3
6254	1
6255	1
6256	1
6257	3
6258	2
6259	0
6260	1
6261	2
6262	1
6263	1
6264	2
6265	1
6266	0
6267	2
6268	1
6269	4
6270	0
6271	2
6272	3
6273	1
6274	3
6275	0
6276	3
6277	2
6278	1
6279	2
6280	0
6281	1
6282	2
6283	2
6284	1
6285	3
6286	0
6287	4
6288	2
6289	2
6290	1
6291	4
6292	1
6293	1
6294	2
6295	1
6296	2
6297	1
6298	1
6299	2
6300	1
6301	4
6302	0
6303	1
6304	0
6305	2
6306	1
6307	0
6308	1
6309	2
6310	3
6311	4
6312	1
6313	1
6314	1
6315	5
6316	1
6317	1
6318	1
6319	1
6320	1
6321	0
6322	1
6323	1
6324	1
6325	2
6326	1
6327	1
6328	1
6329	1
6330	0
6331	1
6332	0
6333	0
6334	1
6335	0
6336	0
6337	0
6338	3
6339	1
6340	1
6341	1
6342	1
6343	0
6344	2
6345	2
6346	2
6347	3
6348	0
6349	2
6350	1
6351	1
6352	2
6353	1
6354	2
6355	0
6356	2
6357	1
6358	0
6359	4
6360	0
6361	2
6362	3
6363	1
6364	2
6365	1
6366	1
6367	0
6368	0
6369	1
6370	3
6371	0
6372	1
6373	3
6374	0
6375	2
6376	1
6377	2
6378	1
6379	0
6380	0
6381	1
6382	1
6383	1
6384	2
6385	1
6386	4
6387	1
6388	1
6389	5
6390	0
6391	1
6392	1
6393	2
6394	1
6395	0
6396	1
6397	2
6398	1
6399	1
6400	4
6401	1
6402	1
6403	1
6404	1
6405	0
6406	1
6407	0
6408	1
6409	1
6410	0
6411	1
6412	0
6413	1
6414	0
6415	0
6416	2
6417	2
6418	2
6419	1
6420	0
6421	0
6422	0
6423	1
6424	1
6425	2
6426	1
6427	2
6428	0
6429	1
6430	0
6431	2
6432	3
6433	0
6434	1
6435	0
6436	4
6437	2
6438	3
6439	1
6440	1
6441	2
6442	1
6443	1
6444	0
6445	2
6446	3
6447	0
6448	0
6449	2
6450	2
6451	2
6452	1
6453	0
6454	1
6455	1
6456	0
6457	1
6458	1
6459	2
6460	2
6461	3
6462	4
6463	0
6464	0
6465	2
6466	3
6467	1
6468	0
6469	3
6470	2
6471	0
6472	1
6473	0
6474	2
6475	1
6476	1
6477	3
6478	4
6479	2
6480	2
6481	0
6482	2
6483	1
6484	1
6485	1
6486	5
6487	3
6488	1
6489	1
6490	1
6491	2
6492	1
6493	2
6494	1
6495	1
6496	1
6497	1
6498	1
6499	1
6500	2
6501	1
6502	3
6503	0
6504	3
6505	1
6506	0
6507	1
6508	0
6509	1
6510	2
6511	2
6512	2
6513	5
6514	2
6515	1
6516	1
6517	2
6518	1
6519	0
6520	0
6521	2
6522	1
6523	3
6524	2
6525	1
6526	0
6527	2
6528	0
6529	1
6530	0
6531	3
6532	2
6533	1
6534	2
6535	0
6536	1
6537	2
6538	2
6539	1
6540	0
6541	0
6542	1
6543	1
6544	0
6545	2
6546	3
6547	3
6548	0
6549	1
6550	2
6551	3
6552	2
6553	2
6554	3
6555	3
6556	3
6557	4
6558	2
6559	4
6560	1
6561	1
6562	1
6563	3
6564	1
6565	1
6566	1
6567	1
6568	1
6569	1
6570	3
6571	2
6572	2
6573	2
6574	1
6575	5
6576	1
6577	2
6578	0
6579	0
6580	5
6581	2
6582	3
6583	2
6584	0
6585	3
6586	3
6587	0
6588	2
6589	1
6590	1
6591	1
6592	0
6593	1
6594	0
6595	0
6596	0
6597	4
6598	2
6599	0
6600	2
6601	2
6602	1
6603	1
6604	2
6605	1
6606	0
6607	1
6608	0
6609	1
6610	1
6611	1
6612	3
6613	2
6614	0
6615	0
6616	1
6617	3
6618	1
6619	1
6620	1
6621	3
6622	0
6623	1
6624	1
6625	3
6626	1
6627	1
6628	2
6629	2
6630	1
6631	2
6632	1
6633	4
6634	1
6635	1
6636	3
6637	1
6638	2
6639	1
6640	0
6641	1
6642	1
6643	1
6644	1
6645	1
6646	1
6647	1
6648	1
6649	1
6650	1
6651	1
6652	0
6653	1
6654	4
6655	1
6656	1
6657	0
6658	2
6659	0
6660	1
6661	2
6662	1
6663	1
6664	0
6665	1
6666	1
6667	0
6668	2
6669	0
6670	0
6671	2
6672	0
6673	0
6674	0
6675	2
6676	0
6677	4
6678	0
6679	0
6680	0
6681	3
6682	0
6683	1
6684	1
6685	0
6686	2
6687	0
6688	1
6689	1
6690	1
6691	0
6692	1
6693	0
6694	2
6695	0
6696	1
6697	0
6698	1
6699	2
6700	0
6701	0
6702	1
6703	0
6704	0
6705	1
6706	2
6707	0
6708	0
6709	1
6710	1
6711	2
6712	0
6713	2
6714	0
6715	0
6716	3
6717	1
6718	0
6719	1
6720	3
6721	0
6722	2
6723	0
6724	0
6725	0
6726	1
6727	1
6728	2
6729	0
6730	2
6731	1
6732	0
6733	3
6734	1
6735	1
6736	1
6737	1
6738	4
6739	1
6740	2
6741	3
6742	0
6743	1
6744	1
6745	0
6746	1
6747	4
6748	0
6749	1
6750	2
6751	0
6752	3
6753	2
6754	0
6755	1
6756	4
6757	3
6758	1
6759	2
6760	2
6761	2
6762	2
6763	0
6764	1
6765	0
6766	1
6767	1
6768	3
6769	1
6770	1
6771	1
6772	1
6773	1
6774	2
6775	0
6776	0
6777	1
6778	0
6779	1
6780	0
6781	0
6782	1
6783	0
6784	1
6785	1
6786	3
6787	2
6788	2
6789	1
6790	0
6791	1
6792	3
6793	0
6794	2
6795	1
6796	1
6797	2
6798	0
6799	0
6800	1
6801	4
6802	1
6803	0
6804	3
6805	0
6806	1
6807	1
6808	0
6809	1
6810	2
6811	0
6812	2
6813	1
6814	0
6815	0
6816	0
6817	0
6818	1
6819	1
6820	2
6821	0
6822	1
6823	3
6824	3
6825	0
6826	0
6827	1
6828	0
6829	0
6830	2
6831	1
6832	1
6833	0
6834	1
6835	1
6836	0
6837	0
6838	1
6839	0
6840	1
6841	1
6842	1
6843	1
6844	2
6845	3
6846	3
6847	1
6848	0
6849	3
6850	0
6851	3
6852	0
6853	2
6854	0
6855	1
6856	2
6857	0
6858	1
6859	4
6860	2
6861	1
6862	1
6863	0
6864	0
6865	2
6866	2
6867	0
6868	2
6869	2
6870	2
6871	0
6872	1
6873	2
6874	1
6875	0
6876	2
6877	2
6878	1
6879	1
6880	3
6881	1
6882	1
6883	1
6884	1
6885	1
6886	2
6887	2
6888	0
6889	1
6890	0
6891	3
6892	1
6893	2
6894	1
6895	2
6896	2
6897	1
6898	1
6899	1
6900	4
6901	0
6902	1
6903	1
6904	1
6905	2
6906	0
6907	1
6908	0
6909	0
6910	0
6911	0
6912	1
6913	0
6914	2
6915	3
6916	1
6917	1
6918	1
6919	1
6920	0
6921	0
6922	2
6923	1
6924	2
6925	0
6926	2
6927	1
6928	4
6929	0
6930	1
6931	0
6932	1
6933	0
6934	1
6935	4
6936	2
6937	2
6938	2
6939	2
6940	0
6941	1
6942	0
6943	2
6944	1
6945	0
6946	2
6947	0
6948	0
6949	1
6950	3
6951	4
6952	1
6953	0
6954	0
6955	0
6956	1
6957	2
6958	2
6959	0
6960	0
6961	1
6962	1
6963	1
6964	1
6965	1
6966	1
6967	0
6968	3
6969	0
6970	1
6971	2
6972	0
6973	2
6974	1
6975	1
6976	1
6977	1
6978	1
6979	1
6980	3
6981	0
6982	1
6983	2
6984	0
6985	3
6986	0
6987	2
6988	0
6989	1
6990	2
6991	0
6992	1
6993	4
6994	2
6995	1
6996	1
6997	4
6998	1
6999	2
7000	2
7001	1
7002	2
7003	1
7004	1
7005	3
7006	3
7007	3
7008	3
7009	1
7010	1
7011	1
7012	1
7013	2
7014	3
7015	0
7016	0
7017	1
7018	1
7019	2
7020	4
7021	3
7022	1
7023	0
7024	2
7025	2
7026	2
7027	2
7028	2
7029	1
7030	0
7031	2
7032	3
7033	2
7034	0
7035	1
7036	2
7037	0
7038	0
7039	1
7040	0
7041	0
7042	1
7043	4
7044	1
7045	2
7046	1
7047	4
7048	1
7049	2
7050	0
7051	2
7052	0
7053	1
7054	0
7055	1
7056	2
7057	1
7058	0
7059	1
7060	1
7061	3
7062	0
7063	3
7064	3
7065	0
7066	0
7067	1
7068	1
7069	0
7070	1
7071	2
7072	1
7073	2
7074	0
7075	1
7076	3
7077	2
7078	2
7079	1
7080	0
7081	1
7082	1
7083	2
7084	0
7085	0
7086	0
7087	1
7088	0
7089	1
7090	0
7091	3
7092	2
7093	2
7094	1
7095	2
7096	0
7097	2
7098	0
7099	0
7100	0
7101	0
7102	0
7103	1
7104	1
7105	0
7106	2
7107	0
7108	1
7109	1
7110	1
7111	2
7112	0
7113	0
7114	1
7115	1
7116	1
7117	0
7118	1
7119	1
7120	0
7121	1
7122	0
7123	1
7124	0
7125	0
7126	0
7127	0
7128	0
7129	2
7130	0
7131	1
7132	0
7133	0
7134	1
7135	0
7136	0
7137	1
7138	0
7139	1
7140	1
7141	1
7142	1
7143	0
7144	1
7145	0
7146	1
7147	1
7148	0
7149	2
7150	0
7151	0
7152	1
7153	1
7154	0
7155	0
7156	1
7157	2
7158	1
7159	0
7160	2
7161	0
7162	1
7163	0
7164	0
7165	0
7166	1
7167	1
7168	1
7169	0
7170	1
7171	1
7172	1
7173	0
7174	1
7175	1
7176	2
7177	1
7178	1
7179	1
7180	1
7181	0
7182	1
7183	1
7184	0
7185	2
7186	0
7187	1
7188	1
7189	1
7190	1
7191	0
7192	1
7193	0
7194	2
7195	1
7196	0
7197	3
7198	1
7199	1
7200	0
7201	0
7202	0
7203	2
7204	1
7205	1
7206	1
7207	0
7208	0
7209	1
7210	2
7211	2
7212	2
7213	2
7214	0
7215	0
7216	0
7217	0
7218	0
7219	1
7220	2
7221	0
7222	2
7223	0
7224	2
7225	0
7226	1
7227	0
7228	1
7229	1
7230	1
7231	1
7232	1
7233	1
7234	0
7235	0
7236	1
7237	0
7238	0
7239	1
7240	2
7241	0
7242	0
7243	0
7244	0
7245	0
7246	0
7247	0
7248	2
7249	2
7250	0
7251	0
7252	1
7253	2
7254	1
7255	0
7256	1
7257	0
7258	1
7259	0
7260	1
7261	0
7262	1
7263	2
7264	0
7265	1
7266	1
7267	0
7268	3
7269	0
7270	0
7271	0
7272	0
7273	2
7274	0
7275	0
7276	3
7277	0
7278	2
7279	2
7280	3
7281	0
7282	0
7283	0
7284	0
7285	0
7286	1
7287	0
7288	0
7289	1
7290	0
7291	0
7292	0
7293	1
7294	3
7295	1
7296	0
7297	1
7298	0
7299	0
7300	3
7301	0
7302	1
7303	0
7304	1
7305	1
7306	2
7307	1
7308	2
7309	1
7310	0
7311	2
7312	1
7313	0
7314	2
7315	0
7316	1
7317	1
7318	0
7319	0
7320	0
7321	2
7322	0
7323	0
7324	1
7325	1
7326	2
7327	1
7328	1
7329	0
7330	1
7331	2
7332	0
7333	3
7334	0
7335	0
7336	0
7337	0
7338	2
7339	1
7340	2
7341	0
7342	0
7343	1
7344	0
7345	2
7346	2
7347	0
7348	1
7349	0
7350	2
7351	3
7352	0
7353	1
7354	0
7355	1
7356	1
7357	1
7358	0
7359	1
7360	0
7361	2
7362	0
7363	1
7364	0
7365	2
7366	0
7367	0
7368	0
7369	2
7370	1
7371	1
7372	0
7373	1
7374	1
7375	0
7376	0
7377	0
7378	0
7379	2
7380	1
7381	2
7382	1
7383	1
7384	1
7385	0
7386	1
7387	1
7388	2
7389	2
7390	1
7391	1
7392	2
7393	0
7394	3
7395	0
7396	0
7397	3
7398	0
7399	0
7400	1
7401	0
7402	1
7403	1
7404	0
7405	1
7406	0
7407	1
7408	2
7409	2
7410	0
7411	1
7412	1
7413	1
7414	3
7415	1
7416	0
7417	1
7418	2
7419	1
7420	0
7421	1
7422	1
7423	1
7424	0
7425	1
7426	0
7427	0
7428	2
7429	1
7430	0
7431	0
7432	0
7433	2
7434	0
7435	1
7436	1
7437	2
7438	0
7439	0
7440	1
7441	2
7442	0
7443	3
7444	0
7445	1
7446	0
7447	0
7448	0
7449	1
7450	0
7451	2
7452	0
7453	0
7454	0
7455	0
7456	0
7457	0
7458	0
7459	0
7460	0
7461	4
7462	0
7463	1
7464	1
7465	0
7466	0
7467	1
7468	1
7469	2
7470	0
7471	0
7472	1
7473	1
7474	0
7475	1
7476	0
7477	0
7478	0
7479	0
7480	2
7481	0
7482	0
7483	1
7484	0
7485	0
7486	0
7487	2
7488	0
7489	1
7490	2
7491	1
7492	1
7493	0
7494	1
7495	0
7496	0
7497	0
7498	1
7499	2
7500	2
7501	2
7502	0
7503	0
7504	0
7505	0
7506	0
7507	0
7508	0
7509	1
7510	1
7511	0
7512	1
7513	1
7514	0
7515	0
7516	1
7517	1
7518	0
7519	2
7520	1
7521	2
7522	1
7523	0
7524	1
7525	1
7526	0
7527	0
7528	1
7529	0
7530	2
7531	0
7532	1
7533	0
7534	0
7535	1
7536	0
7537	0
7538	1
7539	2
7540	0
7541	0
7542	0
7543	0
7544	1
7545	1
7546	0
7547	1
7548	0
7549	1
7550	0
7551	1
7552	1
7553	2
7554	1
7555	1
7556	0
7557	2
7558	0
7559	1
7560	0
7561	2
7562	0
7563	0
7564	0
7565	0
7566	1
7567	1
7568	1
7569	0
7570	0
7571	0
7572	1
7573	1
7574	1
7575	0
7576	0
7577	0
7578	0
7579	0
7580	0
7581	0
7582	1
7583	1
7584	1
7585	1
7586	0
7587	0
7588	1
7589	0
7590	0
7591	1
7592	1
7593	1
7594	0
7595	0
7596	0
7597	0
7598	1
7599	0
7600	2
7601	0
7602	0
7603	0
7604	0
7605	1
7606	0
7607	0
7608	1
7609	1
7610	2
7611	0
7612	1
7613	1
7614	0
7615	0
7616	0
7617	0
7618	1
7619	1
7620	0
7621	2
7622	0
7623	0
7624	1
7625	1
7626	0
7627	0
7628	0
7629	0
7630	0
7631	0
7632	0
7633	0
7634	1
7635	2
7636	1
7637	0
7638	1
7639	0
7640	2
7641	0
7642	1
7643	0
7644	0
7645	0
7646	0
7647	0
7648	2
7649	0
7650	0
7651	0
7652	0
7653	0
7654	1
7655	0
7656	1
7657	1
7658	0
7659	1
7660	1
7661	1
7662	0
7663	2
7664	1
7665	1
7666	2
7667	0
7668	1
7669	0
7670	1
7671	2
7672	1
7673	0
7674	2
7675	0
7676	0
7677	0
7678	1
7679	0
7680	0
7681	1
7682	0
7683	1
7684	2
7685	1
7686	1
7687	1
7688	0
7689	0
7690	0
7691	0
7692	0
7693	2
7694	2
7695	0
7696	0
7697	0
7698	0
7699	1
7700	2
7701	1
7702	1
7703	1
7704	0
7705	1
7706	1
7707	2
7708	1
7709	0
7710	0
7711	1
7712	0
7713	1
7714	1
7715	0
7716	0
7717	0
7718	2
7719	0
7720	2
7721	0
7722	1
7723	3
7724	1
7725	1
7726	0
7727	0
7728	0
7729	1
7730	0
7731	0
7732	5
7733	0
7734	1
7735	0
7736	0
7737	0
7738	1
7739	0
7740	1
7741	3
7742	0
7743	0
7744	1
7745	0
7746	1
7747	0
7748	0
7749	0
7750	1
7751	0
7752	0
7753	0
7754	0
7755	0
7756	0
7757	0
7758	1
7759	0
7760	0
7761	0
7762	0
7763	0
7764	0
7765	1
7766	0
7767	1
7768	3
7769	1
7770	1
7771	1
7772	1
7773	0
7774	0
7775	0
7776	1
7777	2
7778	0
7779	0
7780	1
7781	0
7782	0
7783	1
7784	0
7785	0
7786	0
7787	0
7788	0
7789	1
7790	2
7791	0
7792	0
7793	0
7794	0
7795	0
7796	2
7797	0
7798	1
7799	1
7800	0
7801	1
7802	0
7803	1
7804	0
7805	1
7806	0
7807	0
7808	1
7809	0
7810	0
7811	1
7812	1
7813	0
7814	0
7815	0
7816	0
7817	0
7818	1
7819	0
7820	2
7821	0
7822	1
7823	0
7824	0
7825	0
7826	0
7827	0
7828	0
7829	3
7830	1
7831	1
7832	0
7833	1
7834	0
7835	0
7836	0
7837	0
7838	0
7839	0
7840	0
7841	0
7842	0
7843	0
7844	1
7845	0
7846	0
7847	1
7848	0
7849	1
7850	0
7851	2
7852	1
7853	2
7854	1
7855	2
7856	0
7857	0
7858	0
7859	0
7860	0
7861	0
7862	0
7863	0
7864	1
7865	1
7866	0
7867	1
7868	1
7869	1
7870	1
7871	1
7872	1
7873	0
7874	0
7875	1
7876	0
7877	0
7878	0
7879	1
7880	2
7881	1
7882	0
7883	1
7884	0
7885	2
7886	0
7887	1
7888	0
7889	0
7890	1
7891	1
7892	0
7893	0
7894	0
7895	0
7896	0
7897	1
7898	0
7899	0
7900	1
7901	1
7902	0
7903	0
7904	1
7905	0
7906	0
7907	2
7908	0
7909	0
7910	1
7911	1
7912	1
7913	0
7914	0
7915	0
7916	0
7917	0
7918	0
7919	0
7920	2
7921	2
7922	0
7923	1
7924	0
7925	0
7926	0
7927	0
7928	0
7929	1
7930	2
7931	1
7932	0
7933	2
7934	0
7935	2
7936	0
7937	2
7938	2
7939	1
7940	0
7941	3
7942	0
7943	2
7944	0
7945	0
7946	1
7947	1
7948	0
7949	0
7950	0
7951	1
7952	1
7953	2
7954	1
7955	0
7956	3
7957	1
7958	0
7959	0
7960	0
7961	0
7962	0
7963	1
7964	2
7965	1
7966	0
7967	0
7968	0
7969	0
7970	1
7971	0
7972	1
7973	0
7974	0
7975	0
7976	0
7977	0
7978	3
7979	1
7980	1
7981	0
7982	0
7983	0
7984	1
7985	0
7986	0
7987	1
7988	1
7989	0
7990	1
7991	0
7992	1
7993	2
7994	1
7995	0
7996	1
7997	0
7998	2
7999	0
8000	0
8001	2
8002	1
8003	0
8004	0
8005	1
8006	1
8007	3
8008	0
8009	0
8010	2
8011	1
8012	5
8013	2
8014	2
8015	1
8016	1
8017	0
8018	0
8019	0
8020	2
8021	1
8022	0
8023	2
8024	1
8025	0
8026	1
8027	0
8028	1
8029	1
8030	1
8031	5
8032	2
8033	1
8034	1
8035	1
8036	0
8037	0
8038	0
8039	1
8040	0
8041	1
8042	1
8043	0
8044	2
8045	2
8046	1
8047	3
8048	0
8049	0
8050	1
8051	1
8052	1
8053	0
8054	0
8055	1
8056	2
8057	1
8058	2
8059	2
8060	2
8061	2
8062	1
8063	0
8064	2
8065	2
8066	1
8067	0
8068	0
8069	0
8070	0
8071	1
8072	1
8073	1
8074	0
8075	1
8076	1
8077	0
8078	0
8079	2
8080	0
8081	0
8082	3
8083	0
8084	0
8085	0
8086	1
8087	0
8088	2
8089	1
8090	2
8091	1
8092	1
8093	0
8094	0
8095	1
8096	1
8097	1
8098	1
8099	0
8100	1
8101	1
8102	0
8103	1
8104	0
8105	1
8106	0
8107	0
8108	0
8109	1
8110	0
8111	1
8112	0
8113	0
8114	0
8115	2
8116	0
8117	0
8118	2
8119	0
8120	1
8121	0
8122	0
8123	1
8124	0
8125	2
8126	0
8127	0
8128	0
8129	0
8130	0
8131	0
8132	0
8133	0
8134	0
8135	1
8136	0
8137	1
8138	0
8139	0
8140	0
8141	0
8142	1
8143	0
8144	0
8145	0
8146	0
8147	0
8148	1
8149	0
8150	1
8151	0
8152	0
8153	0
8154	0
8155	0
8156	0
8157	0
8158	0
8159	2
8160	0
8161	0
8162	0
8163	0
8164	1
8165	1
8166	3
8167	0
8168	0
8169	0
8170	0
8171	1
8172	2
8173	1
8174	0
8175	0
8176	0
8177	0
8178	0
8179	0
8180	2
8181	1
8182	0
8183	0
8184	2
8185	0
8186	1
8187	1
8188	0
8189	0
8190	1
8191	0
8192	0
8193	0
8194	0
8195	0
8196	0
8197	1
8198	1
8199	0
8200	0
8201	1
8202	1
8203	0
8204	0
8205	1
8206	0
8207	0
8208	1
8209	0
8210	0
8211	0
8212	0
8213	0
8214	1
8215	0
8216	1
8217	1
8218	0
8219	1
8220	2
8221	0
8222	0
8223	0
8224	0
8225	0
8226	0
8227	1
8228	0
8229	1
8230	1
8231	0
8232	0
8233	0
8234	0
8235	0
8236	0
8237	0
8238	0
8239	0
8240	0
8241	1
8242	1
8243	0
8244	0
8245	0
8246	1
8247	1
8248	1
8249	0
8250	2
8251	2
8252	1
8253	0
8254	1
8255	0
8256	0
8257	0
8258	0
8259	1
8260	1
8261	0
8262	0
8263	0
8264	0
8265	2
8266	0
8267	0
8268	1
8269	0
8270	1
8271	2
8272	0
8273	0
8274	0
8275	0
8276	1
8277	0
8278	0
8279	0
8280	2
8281	0
8282	0
8283	0
8284	1
8285	1
8286	1
8287	0
8288	0
8289	1
8290	0
8291	0
8292	0
8293	0
8294	0
8295	0
8296	1
8297	0
8298	1
8299	0
8300	0
8301	0
8302	0
8303	1
8304	0
8305	1
8306	0
8307	0
8308	0
8309	2
8310	1
8311	1
8312	1
8313	2
8314	0
8315	0
8316	1
8317	1
8318	0
8319	0
8320	0
8321	0
8322	0
8323	1
8324	1
8325	0
8326	0
8327	0
8328	1
8329	0
8330	1
8331	0
8332	0
8333	0
8334	0
8335	0
8336	0
8337	0
8338	0
8339	1
8340	1
8341	2
8342	1
8343	1
8344	1
8345	1
8346	4
8347	0
8348	0
8349	0
8350	1
8351	0
8352	1
8353	1
8354	1
8355	0
8356	0
8357	0
8358	0
8359	0
8360	0
8361	1
8362	1
8363	0
8364	1
8365	0
8366	0
8367	2
8368	1
8369	1
8370	1
8371	0
8372	2
8373	1
8374	0
8375	1
8376	1
8377	0
8378	1
8379	1
8380	0
8381	2
8382	1
8383	0
8384	1
8385	0
8386	0
8387	1
8388	2
8389	1
8390	0
8391	1
8392	0
8393	1
8394	3
8395	0
8396	1
8397	0
8398	0
8399	1
8400	1
8401	1
8402	1
8403	3
8404	0
8405	0
8406	1
8407	1
8408	0
8409	1
8410	0
8411	1
8412	1
8413	1
8414	1
8415	0
8416	0
8417	0
8418	1
8419	0
8420	1
8421	1
8422	0
8423	3
8424	0
8425	2
8426	2
8427	1
8428	1
8429	1
8430	1
8431	1
8432	2
8433	0
8434	0
8435	0
8436	0
8437	0
8438	0
8439	0
8440	0
8441	1
8442	0
8443	0
8444	2
8445	1
8446	0
8447	0
8448	1
8449	0
8450	1
8451	1
8452	0
8453	0
8454	0
8455	1
8456	0
8457	0
8458	0
8459	0
8460	0
8461	1
8462	0
8463	0
8464	0
8465	0
8466	0
8467	0
8468	2
8469	0
8470	0
8471	0
8472	2
8473	0
8474	2
8475	0
8476	2
8477	1
8478	1
8479	0
8480	1
8481	1
8482	0
8483	0
8484	1
8485	1
8486	1
8487	1
8488	0
8489	0
8490	1
8491	0
8492	1
8493	0
8494	0
8495	0
8496	0
8497	0
8498	0
8499	1
8500	0
8501	0
8502	1
8503	1
8504	1
8505	1
8506	0
8507	0
8508	0
8509	0
8510	2
8511	2
8512	1
8513	0
8514	0
8515	1
8516	1
8517	0
8518	0
8519	1
8520	0
8521	0
8522	0
8523	0
8524	2
8525	0
8526	0
8527	1
8528	4
8529	0
8530	0
8531	0
8532	0
8533	0
8534	0
8535	0
8536	0
8537	0
8538	0
8539	1
8540	2
8541	0
8542	0
8543	0
8544	1
8545	2
8546	1
8547	0
8548	1
8549	1
8550	1
8551	1
8552	1
8553	0
8554	0
8555	0
8556	2
8557	0
8558	0
8559	1
8560	2
8561	1
8562	3
8563	1
8564	1
8565	0
8566	3
8567	1
8568	0
8569	1
8570	2
8571	0
8572	1
8573	1
8574	1
8575	0
8576	2
8577	1
8578	1
8579	3
8580	0
8581	1
8582	1
8583	1
8584	1
8585	0
8586	1
8587	0
8588	0
8589	0
8590	1
8591	0
8592	1
8593	1
8594	1
8595	1
8596	1
8597	0
8598	2
8599	0
8600	0
8601	1
8602	2
8603	1
8604	1
8605	0
8606	1
8607	0
8608	1
8609	3
8610	0
8611	2
8612	1
8613	3
8614	0
8615	3
8616	1
8617	0
8618	2
8619	1
8620	0
8621	1
8622	0
8623	0
8624	1
8625	0
8626	1
8627	1
8628	2
8629	0
8630	1
8631	0
8632	0
8633	1
8634	2
8635	1
8636	1
8637	0
8638	1
8639	4
8640	3
8641	0
8642	0
8643	1
8644	0
8645	0
8646	0
8647	2
8648	0
8649	0
8650	1
8651	0
8652	0
8653	0
8654	1
8655	1
8656	0
8657	2
8658	0
8659	0
8660	2
8661	1
8662	0
8663	4
8664	1
8665	0
8666	1
8667	0
8668	0
8669	2
8670	1
8671	2
8672	0
8673	0
8674	1
8675	1
8676	1
8677	2
8678	0
8679	0
8680	1
8681	1
8682	1
8683	1
8684	1
8685	2
8686	0
8687	0
8688	1
8689	0
8690	0
8691	1
8692	0
8693	0
8694	0
8695	0
8696	0
8697	1
8698	1
8699	1
8700	1
8701	0
8702	1
8703	1
8704	1
8705	2
8706	0
8707	1
8708	0
8709	1
8710	1
8711	1
8712	1
8713	1
8714	1
8715	0
8716	1
8717	1
8718	1
8719	1
8720	0
8721	2
8722	1
8723	1
8724	1
8725	0
8726	1
8727	0
8728	2
8729	1
8730	4
8731	0
8732	1
8733	0
8734	1
8735	2
8736	0
8737	2
8738	0
8739	3
8740	0
8741	0
8742	2
8743	3
8744	2
8745	2
8746	1
8747	0
8748	3
8749	0
8750	2
8751	0
8752	1
8753	1
8754	1
8755	1
8756	2
8757	0
8758	2
8759	0
8760	0
8761	0
8762	1
8763	1
8764	0
8765	1
8766	1
8767	0
8768	2
8769	0
8770	1
8771	0
8772	0
8773	0
8774	3
8775	0
8776	0
8777	0
8778	1
8779	0
8780	1
8781	4
8782	1
8783	1
8784	0
8785	0
8786	0
8787	1
8788	1
8789	1
8790	1
8791	2
8792	1
8793	0
8794	1
8795	0
8796	0
8797	0
8798	1
8799	1
8800	1
8801	0
8802	2
8803	0
8804	1
8805	0
8806	1
8807	0
8808	1
8809	0
8810	1
8811	0
8812	1
8813	1
8814	0
8815	0
8816	0
8817	0
8818	0
8819	1
8820	0
8821	1
8822	2
8823	0
8824	0
8825	0
8826	1
8827	0
8828	0
8829	0
8830	0
8831	1
8832	1
8833	0
8834	0
8835	1
8836	0
8837	1
8838	0
8839	0
8840	0
8841	1
8842	2
8843	1
8844	1
8845	2
8846	1
8847	3
8848	1
8849	0
8850	1
8851	0
8852	2
8853	0
8854	1
8855	2
8856	0
8857	1
8858	1
8859	1
8860	0
8861	0
8862	1
8863	0
8864	1
8865	1
8866	0
8867	1
8868	0
8869	0
8870	0
8871	1
8872	0
8873	0
8874	0
8875	0
8876	2
8877	0
8878	0
8879	2
8880	0
8881	0
8882	0
8883	0
8884	1
8885	0
8886	1
8887	0
8888	2
8889	1
8890	2
8891	0
8892	0
8893	0
8894	0
8895	1
8896	1
8897	0
8898	0
8899	0
8900	0
8901	0
8902	2
8903	1
8904	1
8905	0
8906	0
8907	1
8908	0
8909	0
8910	1
8911	0
8912	1
8913	0
8914	0
8915	3
8916	0
8917	1
8918	0
8919	0
8920	1
8921	0
8922	0
8923	0
8924	0
8925	0
8926	0
8927	3
8928	1
8929	0
8930	2
8931	1
8932	1
8933	0
8934	1
8935	0
8936	1
8937	0
8938	1
8939	1
8940	0
8941	0
8942	0
8943	1
8944	0
8945	0
8946	1
8947	1
8948	1
8949	2
8950	1
8951	0
8952	0
8953	0
8954	3
8955	1
8956	1
8957	0
8958	0
8959	2
8960	0
8961	0
8962	0
8963	1
8964	0
8965	1
8966	0
8967	0
8968	0
8969	1
8970	0
8971	2
8972	1
8973	0
8974	0
8975	0
8976	0
8977	0
8978	0
8979	0
8980	0
8981	0
8982	1
8983	0
8984	0
8985	1
8986	0
8987	0
8988	1
8989	0
8990	0
8991	0
8992	0
8993	0
8994	1
8995	0
8996	0
8997	1
8998	0
8999	0
9000	0
9001	1
9002	1
9003	0
9004	0
9005	1
9006	1
9007	0
9008	0
9009	2
9010	0
9011	1
9012	0
9013	0
9014	0
9015	0
9016	1
9017	1
9018	0
9019	0
9020	1
9021	1
9022	1
9023	3
9024	1
9025	1
9026	1
9027	0
9028	3
9029	0
9030	0
9031	0
9032	2
9033	0
9034	0
9035	0
9036	0
9037	1
9038	0
9039	2
9040	1
9041	1
9042	1
9043	1
9044	0
9045	0
9046	1
9047	0
9048	0
9049	1
9050	0
9051	1
9052	0
9053	0
9054	0
9055	0
9056	3
9057	0
9058	1
9059	1
9060	0
9061	1
9062	0
9063	0
9064	0
9065	0
9066	0
9067	0
9068	0
9069	0
9070	0
9071	1
9072	1
9073	1
9074	0
9075	1
9076	2
9077	1
9078	0
9079	1
9080	0
9081	2
9082	2
9083	1
9084	1
9085	2
9086	1
9087	0
9088	2
9089	0
9090	1
9091	0
9092	2
9093	1
9094	1
9095	1
9096	1
9097	1
9098	0
9099	0
9100	0
9101	1
9102	2
9103	0
9104	1
9105	0
9106	0
9107	1
9108	2
9109	1
9110	3
9111	1
9112	0
9113	2
9114	1
9115	1
9116	1
9117	0
9118	0
9119	1
9120	1
9121	0
9122	0
9123	1
9124	1
9125	0
9126	0
9127	1
9128	0
9129	2
9130	0
9131	0
9132	0
9133	1
9134	0
9135	0
9136	1
9137	0
9138	0
9139	0
9140	0
9141	0
9142	0
9143	1
9144	0
9145	1
9146	1
9147	1
9148	1
9149	0
9150	2
9151	2
9152	1
9153	0
9154	1
9155	0
9156	0
9157	2
9158	0
9159	0
9160	0
9161	0
9162	0
9163	0
9164	3
9165	0
9166	0
9167	0
9168	0
9169	0
9170	0
9171	0
9172	0
9173	1
9174	0
9175	1
9176	0
9177	0
9178	1
9179	1
9180	0
9181	1
9182	1
9183	0
9184	1
9185	0
9186	0
9187	0
9188	1
9189	0
9190	1
9191	1
9192	0
9193	0
9194	0
9195	0
9196	0
9197	2
9198	1
9199	0
9200	1
9201	0
9202	0
9203	0
9204	0
9205	0
9206	0
9207	0
9208	1
9209	1
9210	1
9211	1
9212	0
9213	0
9214	0
9215	1
9216	1
9217	0
9218	0
9219	0
9220	2
9221	0
9222	0
9223	0
9224	0
9225	0
9226	1
9227	0
9228	1
9229	0
9230	2
9231	0
9232	1
9233	0
9234	0
9235	0
9236	1
9237	0
9238	1
9239	0
9240	0
9241	0
9242	0
9243	0
9244	0
9245	2
9246	1
9247	0
9248	1
9249	0
9250	0
9251	1
9252	1
9253	0
9254	1
9255	0
9256	1
9257	1
9258	1
9259	0
9260	0
9261	0
9262	1
9263	0
9264	0
9265	1
9266	0
9267	1
9268	0
9269	0
9270	0
9271	0
9272	0
9273	0
9274	1
9275	0
9276	0
9277	1
9278	0
9279	0
9280	0
9281	0
9282	1
9283	1
9284	0
9285	1
9286	0
9287	0
9288	1
9289	0
9290	0
9291	0
9292	1
9293	0
9294	0
9295	1
9296	0
9297	1
9298	0
9299	1
9300	0
9301	0
9302	0
9303	0
9304	0
9305	0
9306	0
9307	1
9308	1
9309	1
9310	0
9311	1
9312	0
9313	2
9314	0
9315	1
9316	1
9317	0
9318	1
9319	0
9320	0
9321	0
9322	0
9323	0
9324	0
9325	0
9326	0
9327	0
9328	1
9329	0
9330	0
9331	1
9332	0
9333	0
9334	0
9335	1
9336	0
9337	0
9338	0
9339	1
9340	0
9341	1
9342	1
9343	0
9344	0
9345	0
9346	1
9347	1
9348	0
9349	1
9350	2
9351	1
9352	0
9353	1
9354	0
9355	0
9356	1
9357	0
9358	1
9359	0
9360	0
9361	1
9362	2
9363	0
9364	1
9365	0
9366	1
9367	0
9368	0
9369	1
9370	1
9371	0
9372	0
9373	0
9374	0
9375	0
9376	0
9377	0
9378	0
9379	0
9380	0
9381	1
9382	0
9383	0
9384	1
9385	0
9386	2
9387	0
9388	0
9389	1
9390	0
9391	0
9392	2
9393	1
9394	0
9395	0
9396	1
9397	1
9398	0
9399	1
9400	0
9401	0
9402	1
9403	2
9404	0
9405	1
9406	0
9407	1
9408	1
9409	0
9410	1
9411	2
9412	0
9413	0
9414	1
9415	1
9416	1
9417	1
9418	0
9419	1
9420	2
9421	0
9422	1
9423	0
9424	0
9425	2
9426	1
9427	1
9428	0
9429	1
9430	0
9431	0
9432	0
9433	1
9434	0
9435	0
9436	0
9437	0
9438	0
9439	0
9440	2
9441	0
9442	0
9443	1
9444	1
9445	2
9446	2
9447	1
9448	1
9449	0
9450	0
9451	0
9452	0
9453	0
9454	1
9455	0
9456	0
9457	0
9458	0
9459	0
9460	1
9461	0
9462	0
9463	1
9464	0
9465	1
9466	0
9467	0
9468	0
9469	0
9470	1
9471	1
9472	0
9473	1
9474	1
9475	0
9476	1
9477	1
9478	1
9479	0
9480	0
9481	0
9482	1
9483	0
9484	0
9485	0
9486	0
9487	1
9488	0
9489	1
9490	0
9491	0
9492	0
9493	0
9494	0
9495	1
9496	0
9497	0
9498	0
9499	0
9500	0
9501	0
9502	0
9503	1
9504	1
9505	0
9506	0
9507	1
9508	0
9509	0
9510	0
9511	0
9512	0
9513	0
9514	0
9515	2
9516	1
9517	0
9518	0
9519	0
9520	0
9521	0
9522	0
9523	1
9524	0
9525	0
9526	0
9527	0
9528	0
9529	0
9530	0
9531	1
9532	0
9533	0
9534	1
9535	0
9536	0
9537	0
9538	0
9539	1
9540	1
9541	0
9542	0
9543	1
9544	1
9545	0
9546	0
9547	0
9548	0
9549	0
9550	0
9551	0
9552	0
9553	0
9554	0
9555	0
9556	0
9557	0
9558	0
9559	1
9560	0
9561	1
9562	0
9563	0
9564	0
9565	0
9566	0
9567	0
9568	1
9569	0
9570	0
9571	1
9572	0
9573	0
9574	1
9575	0
9576	1
9577	0
9578	0
9579	0
9580	1
9581	1
9582	0
9583	0
9584	0
9585	1
9586	0
9587	0
9588	1
9589	0
9590	1
9591	0
9592	1
9593	0
9594	1
9595	0
9596	0
9597	2
9598	1
9599	0
9600	1
9601	2
9602	0
9603	0
9604	0
9605	0
9606	1
9607	0
9608	1
9609	0
9610	0
9611	1
9612	0
9613	0
9614	0
9615	1
9616	0
9617	0
9618	0
9619	0
9620	0
9621	0
9622	0
9623	0
9624	0
9625	1
9626	0
9627	0
9628	0
9629	0
9630	0
9631	0
9632	1
9633	0
9634	0
9635	0
9636	0
9637	0
9638	0
9639	0
9640	0
9641	0
9642	1
9643	0
9644	0
9645	0
9646	1
9647	0
9648	1
9649	0
9650	0
9651	0
9652	0
9653	0
9654	0
9655	2
9656	0
9657	0
9658	1
9659	0
9660	0
9661	1
9662	0
9663	0
9664	0
9665	1
9666	0
9667	0
9668	0
9669	1
9670	0
9671	0
9672	0
9673	1
9674	0
9675	0
9676	1
9677	0
9678	0
9679	0
9680	1
9681	0
9682	0
9683	1
9684	0
9685	0
9686	0
9687	1
9688	3
9689	0
9690	1
9691	0
9692	1
9693	2
9694	1
9695	1
9696	0
9697	0
9698	0
9699	0
9700	0
9701	1
9702	0
9703	0
9704	1
9705	3
9706	0
9707	0
9708	0
9709	0
9710	0
9711	0
9712	0
9713	1
9714	1
9715	0
9716	0
9717	0
9718	0
9719	0
9720	0
9721	0
9722	0
9723	0
9724	0
9725	1
9726	0
9727	0
9728	1
9729	2
9730	2
9731	0
9732	0
9733	1
9734	0
9735	0
9736	0
9737	0
9738	1
9739	1
9740	0
9741	0
9742	1
9743	0
9744	0
9745	1
9746	0
9747	1
9748	0
9749	0
9750	0
9751	3
9752	0
9753	0
9754	0
9755	0
9756	0
9757	1
9758	0
9759	1
9760	0
9761	0
9762	1
9763	0
9764	0
9765	0
9766	0
9767	0
9768	1
9769	1
9770	1
9771	0
9772	1
9773	1
9774	2
9775	0
9776	0
9777	0
9778	0
9779	0
9780	0
9781	0
9782	0
9783	0
9784	0
9785	1
9786	0
9787	0
9788	0
9789	0
9790	0
9791	0
9792	1
9793	0
9794	0
9795	0
9796	0
9797	0
9798	1
9799	0
9800	0
9801	0
9802	1
9803	1
9804	0
9805	0
9806	1
9807	0
9808	1
9809	1
9810	1
9811	0
9812	1
9813	0
9814	0
9815	0
9816	0
9817	0
9818	0
9819	0
9820	0
9821	0
9822	0
9823	0
9824	0
9825	0
9826	0
9827	2
9828	0
9829	0
9830	1
9831	0
9832	0
9833	0
9834	1
9835	0
9836	0
9837	0
9838	0
9839	0
9840	0
9841	1
9842	0
9843	1
9844	1
9845	1
9846	0
9847	0
9848	0
9849	0
9850	0
9851	0
9852	2
9853	1
9854	0
9855	0
9856	1
9857	0
9858	1
9859	0
9860	0
9861	1
9862	0
9863	0
9864	1
9865	0
9866	0
9867	0
9868	0
9869	0
9870	0
9871	0
9872	0
9873	0
9874	1
9875	0
9876	0
9877	0
9878	0
9879	0
9880	0
9881	1
9882	0
9883	0
9884	0
9885	0
9886	0
9887	0
9888	1
9889	0
9890	0
9891	0
9892	0
9893	3
9894	1
9895	0
9896	0
9897	0
9898	0
9899	0
9900	0
9901	0
9902	1
9903	0
9904	0
9905	0
9906	2
9907	0
9908	1
9909	0
9910	0
9911	0
9912	0
9913	0
9914	0
9915	1
9916	0
9917	0
9918	1
9919	0
9920	1
9921	2
9922	0
9923	0
9924	0
9925	1
9926	0
9927	1
9928	0
9929	0
9930	0
9931	1
9932	0
9933	0
9934	0
9935	1
9936	2
9937	0
9938	0
9939	0
9940	0
9941	0
9942	0
9943	2
9944	1
9945	0
9946	1
9947	0
9948	0
9949	0
9950	0
9951	0
9952	0
9953	0
9954	0
9955	0
9956	0
9957	0
9958	0
9959	0
9960	0
9961	1
9962	0
9963	0
9964	1
9965	1
9966	1
9967	0
9968	0
9969	2
9970	0
9971	0
9972	1
9973	0
9974	0
9975	1
9976	0
9977	1
9978	1
9979	0
9980	0
9981	1
9982	0
9983	0
9984	0
9985	0
9986	1
9987	0
9988	0
9989	0
9990	0
9991	0
9992	0
9993	0
9994	0
9995	2
9996	0
9997	0
9998	0
9999	0
10000	0
