1	320761135
2	8784969
3	3605644
4	2598018
5	2023598
6	1709316
7	1578997
8	1585003
9	1719669
10	1991100
11	2394384
12	2945952
13	3634525
14	4447870
15	5361725
16	6334369
17	7285158
18	8153055
19	8880772
20	9420858
21	9694474
22	9723171
23	9497440
24	9044518
25	8376784
26	7578410
27	6693401
28	5794029
29	4894354
30	4063502
31	3309564
32	2643606
33	2086611
34	1623637
35	1251856
36	961220
37	733818
38	564665
39	438926
40	342321
41	273611
42	221961
43	183053
44	156277
45	135579
46	121124
47	107477
48	98015
49	89680
50	83089
51	77896
52	72189
53	67973
54	63255
55	59325
56	55788
57	52113
58	48423
59	46141
60	43383
61	40654
62	38863
63	36886
64	35207
65	33667
66	32290
67	31090
68	29893
69	28648
70	27467
71	26598
72	25274
73	24861
74	23993
75	23846
76	23246
77	22302
78	21759
79	20935
80	20460
81	19756
82	19042
83	18308
84	17920
85	17741
86	17165
87	16780
88	16477
89	15767
90	15425
91	14761
92	14692
93	14201
94	13994
95	13817
96	13449
97	13150
98	12581
99	12567
100	12173
101	11755
102	11719
103	11384
104	11187
105	10795
106	10650
107	10307
108	10231
109	9901
110	9800
111	9580
112	9658
113	9425
114	9286
115	9024
116	8847
117	8799
118	8608
119	8311
120	8193
121	8165
122	8053
123	7909
124	7998
125	7574
126	7598
127	7619
128	7417
129	7052
130	7217
131	7035
132	7086
133	6827
134	6767
135	6571
136	6730
137	6469
138	6462
139	6335
140	6190
141	6139
142	5967
143	6111
144	5987
145	6048
146	5951
147	5804
148	5646
149	5624
150	5515
151	5395
152	5538
153	5347
154	5426
155	5358
156	5424
157	5253
158	5384
159	5283
160	5285
161	5210
162	5295
163	4899
164	5088
165	4880
166	5019
167	4902
168	4922
169	4942
170	4718
171	4853
172	4684
173	4667
174	4431
175	4595
176	4391
177	4472
178	4280
179	4152
180	4156
181	4048
182	4134
183	4011
184	3963
185	3978
186	3747
187	3806
188	3746
189	3655
190	3631
191	3519
192	3561
193	3461
194	3455
195	3460
196	3396
197	3420
198	3313
199	3255
200	3160
201	3271
202	2981
203	2974
204	2937
205	2976
206	3017
207	2889
208	2789
209	2834
210	2861
211	2672
212	2687
213	2560
214	2374
215	2410
216	2405
217	2395
218	2483
219	2405
220	2410
221	2373
222	2409
223	2365
224	2455
225	2413
226	2336
227	2232
228	2172
229	2247
230	2113
231	2077
232	2134
233	2074
234	2016
235	2079
236	1941
237	1946
238	1938
239	1911
240	1889
241	1798
242	1795
243	1798
244	1775
245	1709
246	1697
247	1663
248	1641
249	1666
250	1689
251	1604
252	1658
253	1726
254	1611
255	1524
256	1591
257	1557
258	1525
259	1536
260	1530
261	1465
262	1527
263	1493
264	1419
265	1468
266	1451
267	1471
268	1443
269	1428
270	1392
271	1437
272	1396
273	1397
274	1418
275	1410
276	1404
277	1459
278	1332
279	1436
280	1404
281	1351
282	1299
283	1287
284	1316
285	1357
286	1379
287	1323
288	1343
289	1349
290	1342
291	1371
292	1331
293	1340
294	1354
295	1357
296	1292
297	1325
298	1357
299	1390
300	1345
301	1352
302	1347
303	1255
304	1289
305	1236
306	1265
307	1264
308	1382
309	1318
310	1283
311	1262
312	1277
313	1246
314	1212
315	1235
316	1247
317	1221
318	1187
319	1232
320	1201
321	1195
322	1203
323	1221
324	1158
325	1126
326	1184
327	1133
328	1127
329	1144
330	1104
331	1134
332	1147
333	1129
334	1119
335	1098
336	1063
337	1118
338	1058
339	1037
340	1038
341	1043
342	1078
343	1050
344	991
345	1018
346	1015
347	1034
348	997
349	979
350	930
351	938
352	1040
353	970
354	966
355	922
356	1005
357	973
358	961
359	943
360	956
361	915
362	915
363	870
364	892
365	932
366	916
367	920
368	821
369	866
370	941
371	865
372	866
373	844
374	856
375	886
376	790
377	813
378	868
379	801
380	873
381	889
382	849
383	837
384	804
385	854
386	846
387	871
388	906
389	851
390	788
391	829
392	802
393	762
394	813
395	797
396	735
397	796
398	789
399	717
400	757
401	723
402	775
403	784
404	733
405	725
406	755
407	772
408	757
409	779
410	691
411	796
412	767
413	739
414	756
415	744
416	675
417	742
418	731
419	702
420	685
421	725
422	713
423	685
424	699
425	740
426	696
427	688
428	670
429	684
430	684
431	656
432	658
433	686
434	705
435	614
436	619
437	629
438	586
439	621
440	650
441	654
442	694
443	612
444	661
445	644
446	624
447	596
448	614
449	581
450	613
451	612
452	614
453	613
454	639
455	608
456	606
457	622
458	614
459	617
460	651
461	592
462	568
463	601
464	638
465	594
466	617
467	550
468	549
469	608
470	551
471	589
472	621
473	570
474	575
475	550
476	548
477	508
478	548
479	549
480	502
481	594
482	548
483	519
484	534
485	521
486	512
487	519
488	547
489	544
490	534
491	540
492	542
493	533
494	552
495	513
496	547
497	520
498	537
499	490
500	499
501	563
502	557
503	492
504	505
505	515
506	504
507	506
508	500
509	455
510	509
511	500
512	470
513	546
514	465
515	465
516	496
517	470
518	491
519	489
520	472
521	467
522	475
523	437
524	437
525	424
526	457
527	483
528	444
529	433
530	437
531	436
532	399
533	412
534	443
535	440
536	428
537	425
538	426
539	411
540	423
541	433
542	467
543	457
544	450
545	426
546	443
547	429
548	403
549	445
550	438
551	427
552	440
553	399
554	456
555	438
556	459
557	461
558	427
559	400
560	348
561	412
562	427
563	408
564	474
565	400
566	403
567	403
568	406
569	405
570	380
571	422
572	356
573	382
574	364
575	358
576	347
577	390
578	353
579	431
580	412
581	401
582	371
583	394
584	344
585	402
586	371
587	396
588	379
589	363
590	365
591	383
592	311
593	347
594	312
595	362
596	329
597	335
598	331
599	359
600	326
601	363
602	354
603	339
604	370
605	387
606	306
607	359
608	331
609	338
610	337
611	317
612	319
613	345
614	298
615	323
616	313
617	338
618	306
619	318
620	307
621	286
622	313
623	314
624	335
625	323
626	304
627	313
628	313
629	328
630	327
631	306
632	291
633	295
634	302
635	302
636	321
637	286
638	317
639	307
640	299
641	303
642	301
643	269
644	361
645	298
646	306
647	273
648	274
649	280
650	262
651	266
652	268
653	275
654	271
655	256
656	275
657	300
658	288
659	290
660	267
661	275
662	267
663	277
664	278
665	247
666	260
667	256
668	269
669	289
670	315
671	258
672	260
673	253
674	265
675	239
676	259
677	266
678	271
679	269
680	242
681	260
682	247
683	239
684	245
685	249
686	246
687	224
688	256
689	259
690	217
691	240
692	247
693	248
694	229
695	260
696	225
697	231
698	238
699	203
700	236
701	224
702	244
703	220
704	217
705	231
706	208
707	203
708	223
709	221
710	205
711	241
712	228
713	215
714	215
715	249
716	221
717	223
718	194
719	232
720	209
721	243
722	228
723	207
724	217
725	225
726	224
727	201
728	237
729	216
730	194
731	225
732	238
733	223
734	186
735	220
736	213
737	213
738	178
739	202
740	212
741	190
742	182
743	203
744	231
745	175
746	212
747	168
748	176
749	174
750	189
751	197
752	174
753	189
754	187
755	171
756	175
757	188
758	182
759	178
760	192
761	179
762	158
763	170
764	154
765	164
766	172
767	179
768	169
769	151
770	156
771	175
772	162
773	187
774	160
775	148
776	148
777	147
778	171
779	164
780	169
781	181
782	170
783	132
784	151
785	162
786	176
787	126
788	140
789	179
790	166
791	148
792	150
793	147
794	152
795	174
796	160
797	185
798	165
799	154
800	158
801	175
802	184
803	160
804	148
805	166
806	153
807	171
808	151
809	173
810	160
811	164
812	143
813	172
814	154
815	161
816	156
817	183
818	159
819	159
820	149
821	146
822	161
823	172
824	167
825	163
826	146
827	148
828	179
829	180
830	162
831	157
832	150
833	171
834	186
835	135
836	158
837	163
838	163
839	176
840	171
841	158
842	152
843	165
844	167
845	172
846	192
847	148
848	171
849	160
850	138
851	140
852	124
853	138
854	167
855	145
856	163
857	162
858	132
859	159
860	155
861	156
862	147
863	142
864	140
865	143
866	155
867	169
868	148
869	155
870	119
871	151
872	147
873	158
874	157
875	139
876	183
877	155
878	143
879	137
880	134
881	154
882	160
883	157
884	143
885	134
886	148
887	144
888	144
889	125
890	160
891	147
892	158
893	138
894	132
895	132
896	135
897	144
898	139
899	160
900	143
901	159
902	140
903	128
904	136
905	155
906	153
907	148
908	150
909	125
910	148
911	141
912	137
913	173
914	138
915	157
916	151
917	132
918	140
919	160
920	141
921	159
922	145
923	143
924	131
925	157
926	140
927	143
928	157
929	174
930	153
931	157
932	136
933	143
934	151
935	130
936	127
937	142
938	146
939	136
940	132
941	127
942	137
943	147
944	122
945	143
946	126
947	142
948	149
949	137
950	146
951	135
952	152
953	128
954	113
955	109
956	134
957	97
958	116
959	100
960	102
961	127
962	130
963	141
964	111
965	116
966	123
967	140
968	127
969	147
970	121
971	106
972	109
973	118
974	115
975	139
976	129
977	124
978	150
979	115
980	118
981	122
982	109
983	133
984	128
985	127
986	127
987	113
988	133
989	126
990	113
991	112
992	114
993	107
994	139
995	133
996	131
997	131
998	124
999	118
1000	127
1001	117
1002	112
1003	127
1004	113
1005	118
1006	114
1007	117
1008	132
1009	110
1010	129
1011	122
1012	113
1013	135
1014	101
1015	114
1016	103
1017	121
1018	111
1019	101
1020	120
1021	110
1022	126
1023	112
1024	117
1025	120
1026	112
1027	92
1028	113
1029	127
1030	132
1031	95
1032	120
1033	120
1034	110
1035	107
1036	105
1037	97
1038	91
1039	100
1040	105
1041	97
1042	103
1043	94
1044	66
1045	104
1046	99
1047	101
1048	103
1049	91
1050	105
1051	83
1052	101
1053	79
1054	94
1055	106
1056	84
1057	106
1058	102
1059	97
1060	107
1061	92
1062	76
1063	90
1064	98
1065	80
1066	86
1067	90
1068	101
1069	99
1070	92
1071	85
1072	72
1073	93
1074	81
1075	85
1076	73
1077	101
1078	92
1079	101
1080	84
1081	92
1082	103
1083	83
1084	103
1085	121
1086	83
1087	79
1088	79
1089	93
1090	90
1091	97
1092	87
1093	92
1094	104
1095	95
1096	98
1097	81
1098	85
1099	111
1100	76
1101	91
1102	95
1103	78
1104	79
1105	94
1106	96
1107	86
1108	73
1109	80
1110	76
1111	88
1112	85
1113	75
1114	92
1115	79
1116	93
1117	82
1118	85
1119	90
1120	95
1121	102
1122	76
1123	95
1124	91
1125	79
1126	83
1127	99
1128	95
1129	91
1130	88
1131	99
1132	106
1133	99
1134	97
1135	96
1136	83
1137	96
1138	90
1139	73
1140	94
1141	84
1142	77
1143	68
1144	69
1145	91
1146	65
1147	89
1148	99
1149	74
1150	62
1151	65
1152	79
1153	78
1154	92
1155	64
1156	80
1157	69
1158	73
1159	73
1160	80
1161	73
1162	76
1163	65
1164	84
1165	75
1166	68
1167	77
1168	68
1169	87
1170	90
1171	75
1172	61
1173	73
1174	81
1175	76
1176	78
1177	66
1178	74
1179	85
1180	81
1181	85
1182	69
1183	80
1184	96
1185	62
1186	81
1187	74
1188	83
1189	81
1190	78
1191	87
1192	78
1193	63
1194	72
1195	91
1196	82
1197	93
1198	86
1199	69
1200	79
1201	80
1202	87
1203	78
1204	84
1205	88
1206	63
1207	73
1208	81
1209	66
1210	73
1211	64
1212	73
1213	67
1214	81
1215	82
1216	76
1217	58
1218	59
1219	72
1220	64
1221	70
1222	84
1223	75
1224	79
1225	99
1226	77
1227	59
1228	71
1229	69
1230	61
1231	66
1232	70
1233	50
1234	58
1235	67
1236	64
1237	52
1238	54
1239	60
1240	61
1241	59
1242	63
1243	66
1244	65
1245	58
1246	68
1247	52
1248	54
1249	57
1250	52
1251	45
1252	46
1253	59
1254	59
1255	46
1256	54
1257	51
1258	61
1259	71
1260	61
1261	53
1262	62
1263	65
1264	62
1265	69
1266	65
1267	66
1268	73
1269	62
1270	72
1271	66
1272	68
1273	56
1274	62
1275	65
1276	67
1277	68
1278	58
1279	60
1280	71
1281	64
1282	74
1283	68
1284	66
1285	54
1286	59
1287	56
1288	62
1289	61
1290	50
1291	62
1292	75
1293	55
1294	60
1295	67
1296	49
1297	63
1298	57
1299	57
1300	67
1301	70
1302	51
1303	54
1304	59
1305	50
1306	65
1307	58
1308	62
1309	56
1310	45
1311	62
1312	64
1313	62
1314	57
1315	60
1316	57
1317	54
1318	61
1319	43
1320	60
1321	48
1322	53
1323	55
1324	49
1325	48
1326	54
1327	69
1328	57
1329	68
1330	48
1331	55
1332	55
1333	59
1334	68
1335	47
1336	60
1337	60
1338	53
1339	43
1340	59
1341	53
1342	54
1343	67
1344	50
1345	61
1346	61
1347	44
1348	55
1349	51
1350	59
1351	61
1352	48
1353	57
1354	50
1355	55
1356	45
1357	60
1358	42
1359	54
1360	47
1361	56
1362	52
1363	54
1364	44
1365	40
1366	59
1367	45
1368	42
1369	46
1370	44
1371	51
1372	54
1373	53
1374	61
1375	48
1376	44
1377	57
1378	53
1379	61
1380	43
1381	49
1382	50
1383	37
1384	57
1385	48
1386	63
1387	40
1388	40
1389	50
1390	38
1391	36
1392	48
1393	42
1394	40
1395	46
1396	48
1397	47
1398	57
1399	41
1400	51
1401	45
1402	50
1403	61
1404	51
1405	49
1406	63
1407	43
1408	52
1409	49
1410	56
1411	58
1412	50
1413	51
1414	45
1415	49
1416	50
1417	49
1418	45
1419	26
1420	57
1421	34
1422	44
1423	50
1424	45
1425	39
1426	38
1427	51
1428	57
1429	43
1430	43
1431	51
1432	43
1433	41
1434	63
1435	41
1436	48
1437	50
1438	44
1439	54
1440	52
1441	44
1442	50
1443	50
1444	60
1445	35
1446	47
1447	49
1448	43
1449	50
1450	44
1451	55
1452	37
1453	45
1454	37
1455	44
1456	64
1457	52
1458	46
1459	51
1460	44
1461	46
1462	57
1463	64
1464	53
1465	51
1466	42
1467	46
1468	52
1469	38
1470	48
1471	44
1472	45
1473	35
1474	55
1475	43
1476	47
1477	47
1478	51
1479	52
1480	41
1481	50
1482	36
1483	49
1484	59
1485	48
1486	44
1487	33
1488	38
1489	50
1490	40
1491	42
1492	51
1493	45
1494	37
1495	35
1496	44
1497	38
1498	38
1499	35
1500	52
1501	46
1502	41
1503	39
1504	42
1505	42
1506	39
1507	36
1508	39
1509	37
1510	44
1511	40
1512	44
1513	35
1514	51
1515	39
1516	36
1517	44
1518	61
1519	43
1520	49
1521	43
1522	52
1523	42
1524	52
1525	57
1526	57
1527	46
1528	50
1529	44
1530	48
1531	49
1532	42
1533	48
1534	55
1535	51
1536	54
1537	40
1538	30
1539	46
1540	44
1541	44
1542	48
1543	46
1544	52
1545	53
1546	53
1547	42
1548	47
1549	42
1550	53
1551	46
1552	39
1553	48
1554	41
1555	60
1556	39
1557	55
1558	61
1559	55
1560	43
1561	41
1562	34
1563	47
1564	51
1565	54
1566	44
1567	40
1568	47
1569	45
1570	41
1571	38
1572	43
1573	39
1574	48
1575	52
1576	41
1577	34
1578	48
1579	34
1580	39
1581	34
1582	37
1583	36
1584	38
1585	48
1586	50
1587	32
1588	35
1589	41
1590	50
1591	43
1592	34
1593	29
1594	40
1595	46
1596	48
1597	36
1598	43
1599	36
1600	34
1601	31
1602	38
1603	41
1604	41
1605	41
1606	39
1607	29
1608	39
1609	39
1610	36
1611	36
1612	45
1613	37
1614	29
1615	31
1616	39
1617	48
1618	27
1619	34
1620	40
1621	43
1622	34
1623	42
1624	43
1625	41
1626	27
1627	44
1628	21
1629	32
1630	31
1631	33
1632	47
1633	38
1634	57
1635	39
1636	48
1637	26
1638	32
1639	40
1640	40
1641	35
1642	44
1643	33
1644	39
1645	32
1646	43
1647	43
1648	39
1649	32
1650	47
1651	46
1652	31
1653	34
1654	36
1655	45
1656	26
1657	50
1658	45
1659	21
1660	31
1661	33
1662	48
1663	43
1664	33
1665	20
1666	43
1667	35
1668	30
1669	41
1670	35
1671	31
1672	42
1673	40
1674	37
1675	40
1676	50
1677	44
1678	42
1679	34
1680	30
1681	43
1682	39
1683	37
1684	44
1685	41
1686	47
1687	35
1688	26
1689	30
1690	33
1691	37
1692	33
1693	41
1694	38
1695	39
1696	35
1697	40
1698	28
1699	32
1700	36
1701	37
1702	43
1703	27
1704	39
1705	42
1706	33
1707	29
1708	41
1709	47
1710	44
1711	39
1712	49
1713	38
1714	38
1715	35
1716	29
1717	39
1718	45
1719	40
1720	19
1721	39
1722	31
1723	28
1724	38
1725	28
1726	42
1727	37
1728	25
1729	39
1730	31
1731	38
1732	38
1733	34
1734	28
1735	41
1736	57
1737	33
1738	27
1739	34
1740	42
1741	35
1742	43
1743	31
1744	34
1745	43
1746	30
1747	41
1748	32
1749	27
1750	33
1751	32
1752	40
1753	23
1754	35
1755	36
1756	31
1757	30
1758	34
1759	33
1760	37
1761	38
1762	38
1763	31
1764	37
1765	34
1766	41
1767	34
1768	26
1769	31
1770	37
1771	37
1772	30
1773	32
1774	38
1775	33
1776	33
1777	32
1778	37
1779	40
1780	41
1781	40
1782	45
1783	23
1784	34
1785	42
1786	34
1787	44
1788	36
1789	41
1790	30
1791	33
1792	39
1793	37
1794	38
1795	42
1796	49
1797	31
1798	42
1799	40
1800	30
1801	32
1802	34
1803	54
1804	38
1805	43
1806	33
1807	33
1808	34
1809	48
1810	36
1811	51
1812	33
1813	30
1814	63
1815	32
1816	36
1817	43
1818	42
1819	30
1820	45
1821	30
1822	46
1823	42
1824	49
1825	37
1826	36
1827	29
1828	40
1829	40
1830	46
1831	47
1832	45
1833	42
1834	63
1835	47
1836	45
1837	46
1838	58
1839	46
1840	46
1841	46
1842	50
1843	39
1844	36
1845	35
1846	33
1847	36
1848	49
1849	42
1850	50
1851	35
1852	44
1853	33
1854	42
1855	44
1856	34
1857	32
1858	33
1859	34
1860	45
1861	37
1862	42
1863	38
1864	40
1865	25
1866	29
1867	34
1868	36
1869	41
1870	24
1871	32
1872	46
1873	40
1874	34
1875	36
1876	35
1877	36
1878	34
1879	33
1880	36
1881	32
1882	37
1883	41
1884	32
1885	39
1886	30
1887	32
1888	33
1889	38
1890	40
1891	37
1892	36
1893	35
1894	30
1895	37
1896	27
1897	38
1898	28
1899	41
1900	36
1901	47
1902	39
1903	37
1904	45
1905	45
1906	20
1907	30
1908	37
1909	29
1910	33
1911	24
1912	40
1913	31
1914	20
1915	39
1916	39
1917	38
1918	26
1919	36
1920	43
1921	28
1922	29
1923	38
1924	40
1925	43
1926	32
1927	34
1928	35
1929	28
1930	30
1931	32
1932	30
1933	34
1934	40
1935	42
1936	37
1937	32
1938	31
1939	40
1940	35
1941	45
1942	35
1943	36
1944	30
1945	38
1946	39
1947	42
1948	44
1949	41
1950	43
1951	41
1952	35
1953	49
1954	48
1955	42
1956	51
1957	48
1958	56
1959	48
1960	36
1961	38
1962	49
1963	37
1964	43
1965	48
1966	45
1967	33
1968	43
1969	46
1970	48
1971	33
1972	39
1973	42
1974	45
1975	36
1976	33
1977	42
1978	37
1979	34
1980	39
1981	44
1982	39
1983	33
1984	42
1985	38
1986	30
1987	40
1988	53
1989	39
1990	42
1991	55
1992	39
1993	61
1994	37
1995	34
1996	49
1997	53
1998	47
1999	41
2000	39
2001	36
2002	52
2003	52
2004	52
2005	51
2006	38
2007	39
2008	43
2009	48
2010	28
2011	56
2012	43
2013	45
2014	48
2015	50
2016	60
2017	44
2018	33
2019	44
2020	39
2021	45
2022	41
2023	37
2024	36
2025	42
2026	40
2027	40
2028	42
2029	40
2030	40
2031	46
2032	50
2033	35
2034	43
2035	49
2036	38
2037	38
2038	34
2039	42
2040	43
2041	38
2042	36
2043	34
2044	24
2045	32
2046	35
2047	36
2048	34
2049	34
2050	40
2051	36
2052	36
2053	34
2054	41
2055	30
2056	33
2057	29
2058	31
2059	44
2060	22
2061	34
2062	38
2063	31
2064	29
2065	35
2066	28
2067	30
2068	35
2069	38
2070	41
2071	46
2072	34
2073	41
2074	32
2075	33
2076	33
2077	39
2078	34
2079	45
2080	41
2081	48
2082	36
2083	40
2084	37
2085	39
2086	30
2087	42
2088	31
2089	38
2090	36
2091	37
2092	35
2093	40
2094	38
2095	43
2096	37
2097	31
2098	30
2099	40
2100	44
2101	33
2102	35
2103	44
2104	45
2105	28
2106	36
2107	31
2108	30
2109	45
2110	35
2111	45
2112	36
2113	46
2114	42
2115	46
2116	38
2117	36
2118	29
2119	38
2120	45
2121	30
2122	47
2123	37
2124	34
2125	39
2126	43
2127	34
2128	31
2129	37
2130	48
2131	56
2132	51
2133	40
2134	48
2135	36
2136	43
2137	32
2138	38
2139	48
2140	47
2141	48
2142	34
2143	46
2144	56
2145	44
2146	46
2147	53
2148	49
2149	43
2150	36
2151	47
2152	53
2153	45
2154	31
2155	42
2156	38
2157	35
2158	42
2159	46
2160	31
2161	43
2162	38
2163	51
2164	44
2165	35
2166	40
2167	34
2168	33
2169	34
2170	32
2171	26
2172	44
2173	35
2174	30
2175	31
2176	43
2177	36
2178	38
2179	45
2180	44
2181	28
2182	24
2183	43
2184	39
2185	34
2186	33
2187	31
2188	32
2189	50
2190	39
2191	42
2192	33
2193	37
2194	33
2195	33
2196	40
2197	27
2198	36
2199	36
2200	41
2201	41
2202	37
2203	36
2204	42
2205	30
2206	37
2207	37
2208	44
2209	40
2210	31
2211	44
2212	29
2213	50
2214	39
2215	35
2216	27
2217	30
2218	29
2219	41
2220	36
2221	47
2222	28
2223	32
2224	31
2225	35
2226	23
2227	38
2228	36
2229	31
2230	28
2231	36
2232	25
2233	28
2234	23
2235	30
2236	29
2237	34
2238	37
2239	39
2240	36
2241	31
2242	33
2243	28
2244	34
2245	23
2246	39
2247	41
2248	34
2249	36
2250	27
2251	25
2252	30
2253	37
2254	25
2255	29
2256	31
2257	30
2258	36
2259	38
2260	39
2261	32
2262	32
2263	48
2264	26
2265	37
2266	35
2267	31
2268	38
2269	35
2270	28
2271	23
2272	36
2273	33
2274	27
2275	31
2276	40
2277	27
2278	41
2279	38
2280	32
2281	31
2282	26
2283	32
2284	25
2285	25
2286	27
2287	26
2288	37
2289	25
2290	24
2291	21
2292	31
2293	23
2294	22
2295	23
2296	21
2297	31
2298	31
2299	28
2300	26
2301	28
2302	18
2303	30
2304	32
2305	30
2306	20
2307	16
2308	22
2309	24
2310	23
2311	34
2312	36
2313	39
2314	21
2315	32
2316	47
2317	31
2318	26
2319	42
2320	30
2321	24
2322	35
2323	24
2324	36
2325	39
2326	36
2327	18
2328	26
2329	32
2330	35
2331	27
2332	29
2333	33
2334	25
2335	35
2336	27
2337	45
2338	40
2339	36
2340	37
2341	21
2342	22
2343	24
2344	19
2345	24
2346	30
2347	34
2348	34
2349	42
2350	29
2351	37
2352	31
2353	32
2354	36
2355	31
2356	30
2357	33
2358	32
2359	28
2360	35
2361	26
2362	32
2363	31
2364	32
2365	38
2366	27
2367	36
2368	33
2369	33
2370	23
2371	40
2372	29
2373	31
2374	32
2375	44
2376	27
2377	32
2378	52
2379	23
2380	40
2381	35
2382	42
2383	40
2384	33
2385	35
2386	23
2387	33
2388	35
2389	38
2390	25
2391	28
2392	40
2393	45
2394	39
2395	39
2396	35
2397	24
2398	21
2399	26
2400	31
2401	45
2402	28
2403	23
2404	32
2405	26
2406	33
2407	29
2408	25
2409	26
2410	26
2411	34
2412	34
2413	27
2414	25
2415	40
2416	18
2417	28
2418	28
2419	31
2420	28
2421	31
2422	25
2423	19
2424	25
2425	32
2426	23
2427	33
2428	33
2429	28
2430	30
2431	29
2432	19
2433	27
2434	21
2435	24
2436	20
2437	32
2438	19
2439	20
2440	33
2441	26
2442	30
2443	31
2444	32
2445	31
2446	37
2447	24
2448	32
2449	31
2450	37
2451	27
2452	32
2453	30
2454	28
2455	27
2456	23
2457	32
2458	22
2459	19
2460	27
2461	28
2462	23
2463	33
2464	33
2465	19
2466	22
2467	27
2468	38
2469	35
2470	24
2471	22
2472	27
2473	33
2474	42
2475	33
2476	31
2477	26
2478	34
2479	27
2480	25
2481	25
2482	17
2483	33
2484	23
2485	23
2486	26
2487	27
2488	34
2489	30
2490	24
2491	21
2492	30
2493	21
2494	29
2495	19
2496	19
2497	22
2498	26
2499	19
2500	24
2501	23
2502	29
2503	19
2504	24
2505	19
2506	19
2507	27
2508	18
2509	17
2510	20
2511	16
2512	23
2513	27
2514	23
2515	25
2516	21
2517	16
2518	22
2519	23
2520	27
2521	29
2522	24
2523	23
2524	27
2525	33
2526	25
2527	27
2528	17
2529	19
2530	31
2531	27
2532	29
2533	36
2534	26
2535	39
2536	22
2537	25
2538	28
2539	17
2540	32
2541	20
2542	42
2543	36
2544	24
2545	35
2546	36
2547	30
2548	17
2549	26
2550	29
2551	17
2552	29
2553	26
2554	30
2555	26
2556	30
2557	31
2558	26
2559	23
2560	29
2561	21
2562	30
2563	12
2564	28
2565	19
2566	29
2567	19
2568	26
2569	21
2570	25
2571	28
2572	22
2573	21
2574	23
2575	25
2576	27
2577	26
2578	23
2579	17
2580	18
2581	20
2582	21
2583	17
2584	23
2585	24
2586	20
2587	24
2588	23
2589	23
2590	23
2591	27
2592	23
2593	34
2594	28
2595	20
2596	23
2597	28
2598	15
2599	25
2600	23
2601	25
2602	31
2603	24
2604	26
2605	36
2606	21
2607	23
2608	19
2609	23
2610	23
2611	23
2612	31
2613	27
2614	28
2615	27
2616	28
2617	30
2618	23
2619	26
2620	24
2621	31
2622	26
2623	26
2624	27
2625	26
2626	18
2627	27
2628	25
2629	27
2630	32
2631	24
2632	27
2633	24
2634	18
2635	27
2636	22
2637	27
2638	28
2639	30
2640	26
2641	27
2642	26
2643	19
2644	22
2645	27
2646	21
2647	30
2648	24
2649	17
2650	21
2651	31
2652	25
2653	24
2654	15
2655	37
2656	22
2657	25
2658	24
2659	16
2660	22
2661	22
2662	22
2663	21
2664	24
2665	25
2666	21
2667	25
2668	30
2669	18
2670	22
2671	17
2672	24
2673	31
2674	27
2675	28
2676	29
2677	24
2678	21
2679	29
2680	25
2681	32
2682	26
2683	27
2684	35
2685	28
2686	21
2687	22
2688	34
2689	24
2690	15
2691	32
2692	31
2693	21
2694	27
2695	25
2696	27
2697	35
2698	24
2699	26
2700	28
2701	30
2702	36
2703	35
2704	28
2705	31
2706	30
2707	38
2708	31
2709	23
2710	25
2711	24
2712	27
2713	20
2714	27
2715	34
2716	21
2717	22
2718	27
2719	24
2720	20
2721	21
2722	27
2723	27
2724	30
2725	16
2726	22
2727	32
2728	25
2729	22
2730	23
2731	20
2732	24
2733	25
2734	25
2735	20
2736	28
2737	19
2738	21
2739	25
2740	25
2741	26
2742	15
2743	23
2744	24
2745	27
2746	21
2747	28
2748	21
2749	11
2750	20
2751	21
2752	28
2753	12
2754	24
2755	24
2756	26
2757	29
2758	30
2759	22
2760	26
2761	23
2762	19
2763	24
2764	27
2765	29
2766	22
2767	39
2768	21
2769	27
2770	20
2771	27
2772	30
2773	28
2774	28
2775	22
2776	16
2777	19
2778	24
2779	33
2780	24
2781	24
2782	18
2783	36
2784	21
2785	29
2786	20
2787	25
2788	27
2789	19
2790	23
2791	21
2792	30
2793	17
2794	31
2795	24
2796	22
2797	24
2798	16
2799	21
2800	21
2801	18
2802	21
2803	22
2804	22
2805	22
2806	24
2807	13
2808	27
2809	16
2810	23
2811	25
2812	25
2813	12
2814	26
2815	25
2816	21
2817	24
2818	19
2819	28
2820	15
2821	22
2822	32
2823	33
2824	23
2825	16
2826	23
2827	21
2828	29
2829	24
2830	27
2831	20
2832	30
2833	23
2834	26
2835	22
2836	31
2837	25
2838	13
2839	24
2840	25
2841	23
2842	22
2843	16
2844	15
2845	20
2846	22
2847	24
2848	34
2849	23
2850	19
2851	24
2852	22
2853	16
2854	18
2855	20
2856	22
2857	25
2858	15
2859	22
2860	20
2861	23
2862	27
2863	21
2864	19
2865	25
2866	23
2867	20
2868	21
2869	18
2870	22
2871	15
2872	22
2873	16
2874	15
2875	20
2876	14
2877	19
2878	21
2879	14
2880	19
2881	19
2882	15
2883	21
2884	18
2885	18
2886	13
2887	18
2888	20
2889	11
2890	16
2891	21
2892	18
2893	18
2894	11
2895	12
2896	28
2897	17
2898	12
2899	17
2900	20
2901	17
2902	14
2903	16
2904	18
2905	12
2906	18
2907	13
2908	22
2909	21
2910	19
2911	26
2912	19
2913	22
2914	12
2915	17
2916	13
2917	17
2918	12
2919	17
2920	22
2921	14
2922	16
2923	16
2924	16
2925	21
2926	8
2927	17
2928	19
2929	15
2930	18
2931	17
2932	23
2933	14
2934	25
2935	11
2936	21
2937	19
2938	12
2939	14
2940	25
2941	20
2942	11
2943	21
2944	20
2945	13
2946	21
2947	13
2948	22
2949	18
2950	14
2951	19
2952	21
2953	20
2954	29
2955	19
2956	14
2957	19
2958	24
2959	15
2960	14
2961	16
2962	16
2963	18
2964	14
2965	10
2966	15
2967	23
2968	16
2969	24
2970	21
2971	23
2972	18
2973	22
2974	17
2975	24
2976	22
2977	27
2978	27
2979	29
2980	24
2981	25
2982	23
2983	26
2984	19
2985	22
2986	18
2987	15
2988	17
2989	21
2990	27
2991	18
2992	21
2993	18
2994	15
2995	19
2996	19
2997	16
2998	21
2999	24
3000	22
3001	23
3002	27
3003	20
3004	22
3005	15
3006	19
3007	11
3008	24
3009	22
3010	24
3011	18
3012	26
3013	24
3014	15
3015	18
3016	17
3017	13
3018	30
3019	12
3020	22
3021	17
3022	19
3023	22
3024	28
3025	26
3026	14
3027	19
3028	24
3029	10
3030	26
3031	16
3032	20
3033	27
3034	22
3035	14
3036	19
3037	17
3038	13
3039	14
3040	13
3041	20
3042	18
3043	24
3044	23
3045	14
3046	18
3047	16
3048	19
3049	25
3050	22
3051	24
3052	26
3053	19
3054	23
3055	17
3056	22
3057	27
3058	27
3059	16
3060	23
3061	19
3062	14
3063	12
3064	18
3065	17
3066	18
3067	15
3068	15
3069	23
3070	22
3071	19
3072	21
3073	24
3074	19
3075	24
3076	15
3077	13
3078	21
3079	14
3080	16
3081	18
3082	17
3083	17
3084	17
3085	16
3086	24
3087	19
3088	11
3089	21
3090	19
3091	21
3092	21
3093	18
3094	17
3095	22
3096	11
3097	15
3098	16
3099	19
3100	16
3101	17
3102	33
3103	15
3104	24
3105	17
3106	18
3107	18
3108	18
3109	14
3110	25
3111	12
3112	22
3113	18
3114	14
3115	30
3116	21
3117	25
3118	20
3119	19
3120	14
3121	24
3122	27
3123	17
3124	12
3125	21
3126	18
3127	24
3128	24
3129	17
3130	14
3131	22
3132	28
3133	20
3134	28
3135	20
3136	20
3137	14
3138	26
3139	19
3140	22
3141	21
3142	16
3143	17
3144	22
3145	28
3146	30
3147	26
3148	18
3149	16
3150	25
3151	15
3152	14
3153	16
3154	19
3155	12
3156	26
3157	22
3158	15
3159	21
3160	10
3161	19
3162	16
3163	19
3164	13
3165	12
3166	22
3167	24
3168	16
3169	23
3170	25
3171	20
3172	8
3173	14
3174	17
3175	14
3176	13
3177	19
3178	12
3179	14
3180	14
3181	18
3182	12
3183	19
3184	18
3185	19
3186	6
3187	15
3188	14
3189	14
3190	12
3191	18
3192	11
3193	18
3194	10
3195	9
3196	11
3197	13
3198	13
3199	16
3200	18
3201	15
3202	11
3203	20
3204	12
3205	13
3206	9
3207	12
3208	18
3209	22
3210	10
3211	13
3212	13
3213	13
3214	14
3215	19
3216	10
3217	10
3218	20
3219	12
3220	11
3221	11
3222	15
3223	20
3224	16
3225	16
3226	17
3227	18
3228	10
3229	10
3230	13
3231	14
3232	21
3233	9
3234	9
3235	11
3236	18
3237	14
3238	14
3239	17
3240	18
3241	11
3242	12
3243	20
3244	14
3245	17
3246	17
3247	15
3248	13
3249	14
3250	13
3251	18
3252	17
3253	17
3254	12
3255	18
3256	18
3257	16
3258	14
3259	18
3260	17
3261	13
3262	14
3263	13
3264	13
3265	7
3266	20
3267	16
3268	14
3269	8
3270	9
3271	16
3272	17
3273	18
3274	16
3275	17
3276	14
3277	19
3278	19
3279	18
3280	19
3281	21
3282	20
3283	26
3284	12
3285	20
3286	14
3287	13
3288	18
3289	20
3290	12
3291	16
3292	14
3293	19
3294	13
3295	17
3296	18
3297	17
3298	20
3299	13
3300	16
3301	27
3302	14
3303	23
3304	18
3305	13
3306	17
3307	18
3308	14
3309	12
3310	15
3311	26
3312	16
3313	12
3314	11
3315	9
3316	13
3317	17
3318	23
3319	24
3320	24
3321	27
3322	12
3323	25
3324	12
3325	15
3326	17
3327	17
3328	17
3329	14
3330	13
3331	14
3332	18
3333	10
3334	16
3335	14
3336	8
3337	15
3338	19
3339	15
3340	17
3341	17
3342	17
3343	12
3344	8
3345	12
3346	20
3347	17
3348	20
3349	14
3350	12
3351	13
3352	10
3353	17
3354	13
3355	14
3356	9
3357	28
3358	13
3359	23
3360	14
3361	20
3362	15
3363	16
3364	24
3365	10
3366	17
3367	18
3368	16
3369	14
3370	11
3371	15
3372	15
3373	10
3374	14
3375	19
3376	24
3377	18
3378	27
3379	23
3380	17
3381	16
3382	19
3383	23
3384	20
3385	20
3386	18
3387	15
3388	15
3389	17
3390	16
3391	17
3392	18
3393	25
3394	10
3395	24
3396	17
3397	19
3398	21
3399	28
3400	22
3401	15
3402	14
3403	17
3404	18
3405	17
3406	20
3407	24
3408	19
3409	21
3410	19
3411	17
3412	12
3413	20
3414	16
3415	20
3416	12
3417	20
3418	11
3419	20
3420	25
3421	8
3422	20
3423	19
3424	14
3425	10
3426	22
3427	19
3428	17
3429	18
3430	17
3431	12
3432	13
3433	16
3434	18
3435	15
3436	19
3437	23
3438	12
3439	17
3440	16
3441	23
3442	11
3443	15
3444	9
3445	12
3446	11
3447	15
3448	14
3449	12
3450	18
3451	20
3452	19
3453	14
3454	13
3455	20
3456	25
3457	13
3458	12
3459	12
3460	17
3461	14
3462	17
3463	14
3464	9
3465	12
3466	19
3467	7
3468	10
3469	13
3470	15
3471	11
3472	16
3473	14
3474	14
3475	10
3476	10
3477	16
3478	15
3479	7
3480	16
3481	10
3482	9
3483	13
3484	13
3485	10
3486	14
3487	12
3488	18
3489	18
3490	16
3491	13
3492	19
3493	6
3494	14
3495	12
3496	15
3497	21
3498	11
3499	11
3500	5
3501	14
3502	13
3503	11
3504	15
3505	11
3506	15
3507	12
3508	8
3509	16
3510	9
3511	16
3512	11
3513	14
3514	23
3515	14
3516	11
3517	18
3518	17
3519	14
3520	12
3521	10
3522	12
3523	10
3524	6
3525	16
3526	11
3527	14
3528	16
3529	8
3530	7
3531	14
3532	13
3533	15
3534	15
3535	13
3536	16
3537	15
3538	17
3539	17
3540	11
3541	13
3542	20
3543	17
3544	14
3545	16
3546	13
3547	13
3548	10
3549	18
3550	17
3551	19
3552	16
3553	18
3554	14
3555	13
3556	14
3557	14
3558	18
3559	23
3560	19
3561	18
3562	11
3563	18
3564	12
3565	22
3566	20
3567	14
3568	20
3569	14
3570	24
3571	23
3572	12
3573	20
3574	21
3575	21
3576	18
3577	16
3578	14
3579	14
3580	17
3581	14
3582	16
3583	10
3584	22
3585	21
3586	19
3587	21
3588	17
3589	17
3590	17
3591	18
3592	19
3593	14
3594	21
3595	11
3596	15
3597	19
3598	20
3599	14
3600	19
3601	17
3602	15
3603	16
3604	21
3605	17
3606	16
3607	13
3608	20
3609	17
3610	21
3611	16
3612	14
3613	12
3614	12
3615	13
3616	15
3617	24
3618	17
3619	14
3620	13
3621	21
3622	19
3623	20
3624	19
3625	21
3626	8
3627	17
3628	19
3629	19
3630	15
3631	17
3632	17
3633	18
3634	13
3635	14
3636	16
3637	7
3638	12
3639	13
3640	19
3641	12
3642	14
3643	11
3644	18
3645	13
3646	12
3647	7
3648	15
3649	21
3650	11
3651	16
3652	8
3653	17
3654	11
3655	7
3656	6
3657	17
3658	6
3659	14
3660	11
3661	18
3662	11
3663	20
3664	10
3665	18
3666	15
3667	12
3668	8
3669	16
3670	14
3671	8
3672	14
3673	10
3674	12
3675	12
3676	13
3677	12
3678	12
3679	12
3680	17
3681	9
3682	16
3683	15
3684	16
3685	14
3686	11
3687	17
3688	9
3689	13
3690	16
3691	12
3692	14
3693	12
3694	14
3695	23
3696	8
3697	11
3698	10
3699	11
3700	26
3701	15
3702	17
3703	16
3704	20
3705	15
3706	9
3707	12
3708	19
3709	14
3710	14
3711	25
3712	10
3713	14
3714	17
3715	13
3716	15
3717	8
3718	13
3719	17
3720	18
3721	16
3722	10
3723	19
3724	17
3725	21
3726	13
3727	14
3728	13
3729	15
3730	11
3731	12
3732	14
3733	14
3734	12
3735	10
3736	5
3737	10
3738	12
3739	12
3740	9
3741	7
3742	5
3743	12
3744	11
3745	13
3746	10
3747	12
3748	14
3749	12
3750	16
3751	10
3752	12
3753	20
3754	11
3755	15
3756	13
3757	18
3758	13
3759	19
3760	13
3761	13
3762	12
3763	14
3764	7
3765	16
3766	9
3767	15
3768	11
3769	16
3770	19
3771	9
3772	11
3773	23
3774	18
3775	15
3776	8
3777	12
3778	12
3779	18
3780	11
3781	13
3782	12
3783	16
3784	12
3785	8
3786	15
3787	13
3788	11
3789	6
3790	14
3791	9
3792	11
3793	12
3794	10
3795	13
3796	14
3797	19
3798	8
3799	9
3800	9
3801	7
3802	9
3803	5
3804	10
3805	17
3806	10
3807	14
3808	10
3809	16
3810	16
3811	13
3812	12
3813	10
3814	6
3815	16
3816	11
3817	11
3818	14
3819	11
3820	10
3821	10
3822	15
3823	20
3824	12
3825	9
3826	17
3827	16
3828	12
3829	20
3830	11
3831	15
3832	7
3833	14
3834	10
3835	19
3836	7
3837	6
3838	15
3839	10
3840	10
3841	14
3842	11
3843	7
3844	4
3845	17
3846	14
3847	9
3848	7
3849	10
3850	10
3851	9
3852	15
3853	9
3854	16
3855	12
3856	15
3857	2
3858	9
3859	12
3860	8
3861	4
3862	9
3863	12
3864	7
3865	14
3866	11
3867	11
3868	9
3869	7
3870	7
3871	14
3872	11
3873	7
3874	10
3875	10
3876	11
3877	9
3878	12
3879	10
3880	7
3881	7
3882	14
3883	9
3884	15
3885	9
3886	11
3887	8
3888	7
3889	11
3890	9
3891	15
3892	8
3893	17
3894	15
3895	10
3896	6
3897	5
3898	12
3899	9
3900	8
3901	10
3902	16
3903	16
3904	10
3905	10
3906	15
3907	12
3908	12
3909	12
3910	15
3911	13
3912	13
3913	9
3914	13
3915	8
3916	9
3917	10
3918	6
3919	8
3920	12
3921	12
3922	17
3923	13
3924	14
3925	16
3926	5
3927	6
3928	12
3929	9
3930	17
3931	5
3932	15
3933	10
3934	14
3935	7
3936	8
3937	8
3938	16
3939	15
3940	11
3941	14
3942	14
3943	13
3944	10
3945	4
3946	9
3947	10
3948	4
3949	4
3950	9
3951	12
3952	13
3953	5
3954	13
3955	10
3956	14
3957	12
3958	5
3959	11
3960	9
3961	9
3962	8
3963	9
3964	8
3965	11
3966	7
3967	12
3968	7
3969	7
3970	7
3971	10
3972	6
3973	7
3974	9
3975	5
3976	6
3977	7
3978	11
3979	5
3980	6
3981	9
3982	9
3983	16
3984	8
3985	6
3986	11
3987	7
3988	12
3989	12
3990	13
3991	6
3992	10
3993	11
3994	14
3995	9
3996	7
3997	8
3998	9
3999	2
4000	9
4001	10
4002	8
4003	12
4004	6
4005	10
4006	8
4007	9
4008	10
4009	5
4010	5
4011	5
4012	6
4013	13
4014	7
4015	10
4016	6
4017	5
4018	7
4019	4
4020	5
4021	11
4022	7
4023	5
4024	11
4025	6
4026	12
4027	6
4028	13
4029	7
4030	7
4031	5
4032	7
4033	10
4034	7
4035	8
4036	5
4037	10
4038	8
4039	11
4040	5
4041	11
4042	11
4043	8
4044	6
4045	8
4046	1
4047	9
4048	4
4049	4
4050	2
4051	5
4052	10
4053	7
4054	6
4055	4
4056	6
4057	8
4058	1
4059	5
4060	8
4061	7
4062	2
4063	5
4064	5
4065	3
4066	3
4067	8
4068	6
4069	4
4070	7
4071	5
4072	5
4073	9
4074	8
4075	1
4076	8
4077	5
4078	2
4079	4
4080	7
4081	6
4082	7
4083	2
4084	2
4085	6
4086	1
4087	6
4088	3
4089	6
4090	4
4091	8
4092	8
4093	7
4094	1
4095	6
4096	2
4097	2
4098	4
4099	6
4100	4
4101	3
4102	5
4103	6
4104	4
4105	4
4106	5
4107	4
4108	3
4109	4
4110	6
4111	5
4112	6
4113	3
4114	6
4115	5
4116	4
4117	8
4118	11
4119	6
4120	6
4121	2
4122	1
4123	10
4124	4
4125	6
4126	6
4127	9
4128	5
4129	2
4130	3
4131	6
4132	2
4133	4
4134	3
4135	0
4136	2
4137	3
4138	6
4139	4
4140	5
4141	1
4142	5
4143	2
4144	6
4145	4
4146	3
4147	5
4148	3
4149	2
4150	3
4151	5
4152	5
4153	3
4154	3
4155	5
4156	5
4157	9
4158	6
4159	2
4160	2
4161	10
4162	3
4163	7
4164	2
4165	6
4166	6
4167	3
4168	5
4169	4
4170	3
4171	3
4172	4
4173	3
4174	3
4175	6
4176	3
4177	1
4178	3
4179	5
4180	4
4181	1
4182	5
4183	4
4184	3
4185	4
4186	4
4187	7
4188	1
4189	5
4190	3
4191	6
4192	3
4193	2
4194	2
4195	3
4196	1
4197	3
4198	7
4199	5
4200	2
4201	4
4202	5
4203	4
4204	4
4205	5
4206	2
4207	3
4208	7
4209	2
4210	1
4211	4
4212	5
4213	4
4214	2
4215	3
4216	4
4217	5
4218	3
4219	2
4220	0
4221	2
4222	3
4223	6
4224	3
4225	5
4226	2
4227	1
4228	6
4229	4
4230	4
4231	4
4232	2
4233	0
4234	3
4235	2
4236	5
4237	2
4238	4
4239	0
4240	2
4241	4
4242	5
4243	6
4244	1
4245	2
4246	2
4247	5
4248	3
4249	4
4250	7
4251	0
4252	2
4253	3
4254	2
4255	3
4256	3
4257	5
4258	1
4259	0
4260	2
4261	3
4262	5
4263	5
4264	2
4265	1
4266	2
4267	5
4268	1
4269	1
4270	3
4271	4
4272	2
4273	4
4274	1
4275	5
4276	3
4277	2
4278	4
4279	2
4280	2
4281	1
4282	2
4283	3
4284	2
4285	4
4286	1
4287	1
4288	0
4289	4
4290	1
4291	3
4292	1
4293	2
4294	1
4295	4
4296	4
4297	3
4298	3
4299	3
4300	0
4301	3
4302	4
4303	3
4304	3
4305	6
4306	1
4307	5
4308	1
4309	3
4310	2
4311	6
4312	3
4313	2
4314	3
4315	2
4316	3
4317	2
4318	3
4319	5
4320	5
4321	2
4322	1
4323	3
4324	1
4325	3
4326	2
4327	3
4328	4
4329	4
4330	0
4331	3
4332	2
4333	2
4334	5
4335	3
4336	3
4337	5
4338	3
4339	3
4340	6
4341	3
4342	3
4343	2
4344	4
4345	5
4346	5
4347	2
4348	1
4349	1
4350	1
4351	4
4352	3
4353	4
4354	2
4355	4
4356	3
4357	1
4358	5
4359	1
4360	5
4361	5
4362	2
4363	8
4364	6
4365	7
4366	4
4367	2
4368	3
4369	3
4370	4
4371	3
4372	3
4373	1
4374	2
4375	1
4376	1
4377	3
4378	4
4379	3
4380	0
4381	3
4382	3
4383	2
4384	2
4385	5
4386	2
4387	3
4388	2
4389	4
4390	2
4391	3
4392	2
4393	4
4394	4
4395	5
4396	4
4397	2
4398	7
4399	4
4400	0
4401	1
4402	3
4403	4
4404	3
4405	1
4406	2
4407	3
4408	2
4409	2
4410	3
4411	1
4412	1
4413	2
4414	1
4415	4
4416	4
4417	2
4418	2
4419	3
4420	4
4421	4
4422	3
4423	8
4424	7
4425	3
4426	1
4427	6
4428	1
4429	1
4430	4
4431	2
4432	0
4433	2
4434	2
4435	5
4436	6
4437	5
4438	3
4439	4
4440	4
4441	0
4442	3
4443	1
4444	5
4445	1
4446	3
4447	4
4448	3
4449	0
4450	2
4451	3
4452	1
4453	1
4454	3
4455	2
4456	5
4457	3
4458	6
4459	3
4460	5
4461	2
4462	1
4463	2
4464	2
4465	2
4466	6
4467	3
4468	2
4469	4
4470	4
4471	2
4472	4
4473	2
4474	5
4475	2
4476	3
4477	4
4478	0
4479	3
4480	5
4481	2
4482	1
4483	2
4484	0
4485	3
4486	2
4487	4
4488	3
4489	0
4490	2
4491	4
4492	2
4493	1
4494	3
4495	3
4496	2
4497	2
4498	6
4499	1
4500	3
4501	5
4502	2
4503	1
4504	3
4505	2
4506	2
4507	3
4508	4
4509	5
4510	3
4511	3
4512	2
4513	2
4514	3
4515	4
4516	1
4517	6
4518	0
4519	2
4520	2
4521	2
4522	3
4523	2
4524	5
4525	2
4526	0
4527	7
4528	1
4529	1
4530	2
4531	3
4532	2
4533	1
4534	1
4535	1
4536	3
4537	1
4538	0
4539	1
4540	3
4541	1
4542	1
4543	3
4544	1
4545	2
4546	1
4547	2
4548	2
4549	2
4550	2
4551	3
4552	4
4553	3
4554	5
4555	3
4556	2
4557	2
4558	4
4559	4
4560	1
4561	0
4562	1
4563	5
4564	1
4565	2
4566	1
4567	0
4568	1
4569	2
4570	6
4571	0
4572	1
4573	2
4574	3
4575	2
4576	2
4577	1
4578	1
4579	0
4580	0
4581	0
4582	2
4583	2
4584	3
4585	0
4586	3
4587	3
4588	3
4589	1
4590	1
4591	0
4592	0
4593	0
4594	2
4595	2
4596	2
4597	5
4598	1
4599	4
4600	4
4601	3
4602	4
4603	4
4604	4
4605	0
4606	3
4607	3
4608	1
4609	2
4610	2
4611	3
4612	2
4613	4
4614	4
4615	0
4616	1
4617	3
4618	4
4619	1
4620	1
4621	0
4622	1
4623	1
4624	0
4625	2
4626	4
4627	3
4628	0
4629	1
4630	3
4631	1
4632	5
4633	2
4634	4
4635	3
4636	1
4637	1
4638	2
4639	3
4640	1
4641	1
4642	1
4643	5
4644	3
4645	3
4646	0
4647	2
4648	0
4649	2
4650	3
4651	0
4652	1
4653	2
4654	4
4655	1
4656	3
4657	1
4658	2
4659	2
4660	3
4661	2
4662	2
4663	1
4664	0
4665	2
4666	1
4667	1
4668	0
4669	4
4670	2
4671	6
4672	1
4673	4
4674	2
4675	4
4676	1
4677	1
4678	2
4679	2
4680	0
4681	1
4682	4
4683	3
4684	3
4685	1
4686	2
4687	3
4688	2
4689	1
4690	1
4691	2
4692	6
4693	0
4694	0
4695	4
4696	3
4697	2
4698	1
4699	1
4700	1
4701	1
4702	2
4703	0
4704	1
4705	2
4706	0
4707	1
4708	2
4709	1
4710	0
4711	2
4712	0
4713	3
4714	2
4715	3
4716	1
4717	1
4718	0
4719	3
4720	1
4721	2
4722	3
4723	4
4724	1
4725	1
4726	5
4727	3
4728	1
4729	2
4730	4
4731	3
4732	2
4733	4
4734	1
4735	3
4736	4
4737	0
4738	2
4739	3
4740	3
4741	4
4742	3
4743	1
4744	5
4745	2
4746	0
4747	1
4748	4
4749	5
4750	4
4751	0
4752	0
4753	1
4754	2
4755	4
4756	1
4757	3
4758	0
4759	3
4760	1
4761	2
4762	2
4763	2
4764	2
4765	0
4766	4
4767	4
4768	3
4769	3
4770	0
4771	10
4772	1
4773	4
4774	1
4775	3
4776	4
4777	2
4778	1
4779	3
4780	1
4781	2
4782	2
4783	3
4784	3
4785	0
4786	2
4787	4
4788	3
4789	2
4790	2
4791	3
4792	1
4793	2
4794	3
4795	0
4796	0
4797	0
4798	2
4799	3
4800	1
4801	0
4802	1
4803	1
4804	1
4805	2
4806	5
4807	1
4808	3
4809	3
4810	2
4811	4
4812	4
4813	5
4814	2
4815	2
4816	3
4817	3
4818	0
4819	2
4820	1
4821	1
4822	1
4823	5
4824	5
4825	4
4826	3
4827	0
4828	3
4829	3
4830	3
4831	2
4832	3
4833	2
4834	2
4835	2
4836	0
4837	0
4838	1
4839	3
4840	0
4841	2
4842	4
4843	5
4844	1
4845	2
4846	3
4847	3
4848	5
4849	2
4850	1
4851	2
4852	5
4853	2
4854	0
4855	3
4856	0
4857	2
4858	1
4859	3
4860	2
4861	2
4862	1
4863	1
4864	2
4865	2
4866	2
4867	0
4868	1
4869	2
4870	1
4871	2
4872	0
4873	1
4874	1
4875	1
4876	0
4877	0
4878	1
4879	0
4880	5
4881	0
4882	2
4883	0
4884	0
4885	5
4886	3
4887	2
4888	1
4889	0
4890	2
4891	3
4892	2
4893	1
4894	1
4895	0
4896	1
4897	3
4898	1
4899	2
4900	2
4901	1
4902	5
4903	0
4904	3
4905	2
4906	4
4907	4
4908	3
4909	4
4910	4
4911	3
4912	2
4913	1
4914	0
4915	1
4916	2
4917	1
4918	1
4919	1
4920	2
4921	2
4922	1
4923	0
4924	4
4925	2
4926	1
4927	1
4928	4
4929	5
4930	1
4931	3
4932	0
4933	0
4934	2
4935	4
4936	0
4937	3
4938	3
4939	2
4940	1
4941	3
4942	3
4943	2
4944	3
4945	0
4946	2
4947	2
4948	1
4949	2
4950	3
4951	0
4952	0
4953	1
4954	4
4955	0
4956	3
4957	3
4958	0
4959	2
4960	2
4961	1
4962	1
4963	1
4964	3
4965	1
4966	0
4967	1
4968	1
4969	2
4970	1
4971	2
4972	1
4973	2
4974	1
4975	3
4976	1
4977	3
4978	3
4979	1
4980	3
4981	2
4982	0
4983	0
4984	3
4985	2
4986	2
4987	1
4988	4
4989	2
4990	0
4991	0
4992	3
4993	1
4994	1
4995	3
4996	4
4997	0
4998	4
4999	3
5000	5
5001	0
5002	1
5003	3
5004	3
5005	3
5006	1
5007	2
5008	1
5009	2
5010	2
5011	1
5012	2
5013	6
5014	1
5015	2
5016	3
5017	1
5018	2
5019	2
5020	2
5021	3
5022	1
5023	2
5024	1
5025	1
5026	5
5027	1
5028	3
5029	4
5030	3
5031	1
5032	3
5033	3
5034	0
5035	2
5036	2
5037	3
5038	1
5039	1
5040	1
5041	2
5042	2
5043	3
5044	0
5045	1
5046	2
5047	5
5048	2
5049	0
5050	4
5051	3
5052	1
5053	4
5054	5
5055	3
5056	2
5057	3
5058	2
5059	3
5060	2
5061	1
5062	2
5063	0
5064	3
5065	1
5066	3
5067	0
5068	1
5069	1
5070	1
5071	5
5072	0
5073	2
5074	1
5075	1
5076	1
5077	2
5078	3
5079	2
5080	3
5081	3
5082	2
5083	1
5084	2
5085	2
5086	3
5087	2
5088	0
5089	0
5090	0
5091	3
5092	1
5093	1
5094	4
5095	4
5096	3
5097	2
5098	2
5099	3
5100	1
5101	1
5102	2
5103	1
5104	3
5105	4
5106	3
5107	1
5108	3
5109	0
5110	0
5111	1
5112	1
5113	2
5114	4
5115	2
5116	2
5117	3
5118	2
5119	6
5120	2
5121	3
5122	3
5123	3
5124	1
5125	2
5126	4
5127	1
5128	0
5129	1
5130	3
5131	2
5132	1
5133	4
5134	0
5135	0
5136	0
5137	3
5138	5
5139	1
5140	3
5141	1
5142	2
5143	4
5144	3
5145	1
5146	1
5147	1
5148	1
5149	0
5150	1
5151	5
5152	1
5153	1
5154	1
5155	0
5156	2
5157	1
5158	1
5159	2
5160	0
5161	1
5162	1
5163	0
5164	3
5165	2
5166	2
5167	2
5168	3
5169	1
5170	0
5171	2
5172	1
5173	2
5174	2
5175	3
5176	1
5177	2
5178	1
5179	2
5180	2
5181	3
5182	1
5183	3
5184	3
5185	0
5186	2
5187	0
5188	3
5189	4
5190	1
5191	0
5192	2
5193	3
5194	2
5195	2
5196	1
5197	4
5198	7
5199	2
5200	0
5201	1
5202	2
5203	2
5204	1
5205	2
5206	1
5207	1
5208	2
5209	0
5210	1
5211	3
5212	3
5213	1
5214	2
5215	1
5216	0
5217	4
5218	0
5219	1
5220	1
5221	2
5222	4
5223	1
5224	0
5225	1
5226	0
5227	1
5228	1
5229	0
5230	2
5231	1
5232	0
5233	0
5234	2
5235	0
5236	0
5237	2
5238	4
5239	3
5240	3
5241	2
5242	1
5243	2
5244	1
5245	0
5246	0
5247	2
5248	5
5249	2
5250	2
5251	3
5252	2
5253	2
5254	3
5255	1
5256	1
5257	3
5258	1
5259	0
5260	1
5261	0
5262	2
5263	0
5264	5
5265	5
5266	4
5267	0
5268	1
5269	0
5270	1
5271	3
5272	0
5273	1
5274	2
5275	0
5276	4
5277	4
5278	2
5279	0
5280	1
5281	2
5282	4
5283	1
5284	2
5285	3
5286	4
5287	2
5288	1
5289	1
5290	1
5291	6
5292	2
5293	1
5294	2
5295	1
5296	3
5297	2
5298	1
5299	4
5300	1
5301	3
5302	2
5303	1
5304	3
5305	2
5306	2
5307	2
5308	0
5309	1
5310	5
5311	1
5312	1
5313	0
5314	3
5315	2
5316	0
5317	3
5318	2
5319	2
5320	1
5321	1
5322	2
5323	0
5324	1
5325	0
5326	0
5327	5
5328	2
5329	3
5330	3
5331	4
5332	1
5333	2
5334	2
5335	0
5336	2
5337	1
5338	3
5339	0
5340	1
5341	2
5342	3
5343	5
5344	0
5345	3
5346	3
5347	0
5348	0
5349	2
5350	1
5351	0
5352	4
5353	2
5354	2
5355	1
5356	1
5357	4
5358	2
5359	1
5360	0
5361	5
5362	2
5363	1
5364	2
5365	1
5366	1
5367	2
5368	1
5369	3
5370	2
5371	2
5372	1
5373	1
5374	1
5375	1
5376	1
5377	5
5378	0
5379	0
5380	0
5381	0
5382	1
5383	4
5384	1
5385	4
5386	0
5387	2
5388	0
5389	2
5390	2
5391	1
5392	2
5393	1
5394	1
5395	2
5396	3
5397	0
5398	1
5399	1
5400	0
5401	2
5402	0
5403	3
5404	3
5405	0
5406	1
5407	1
5408	2
5409	3
5410	1
5411	2
5412	0
5413	1
5414	1
5415	1
5416	0
5417	1
5418	1
5419	1
5420	0
5421	2
5422	0
5423	1
5424	1
5425	1
5426	0
5427	2
5428	0
5429	2
5430	2
5431	0
5432	1
5433	0
5434	0
5435	2
5436	2
5437	2
5438	0
5439	0
5440	2
5441	0
5442	3
5443	0
5444	1
5445	3
5446	2
5447	1
5448	2
5449	1
5450	2
5451	4
5452	0
5453	0
5454	1
5455	2
5456	4
5457	3
5458	3
5459	1
5460	0
5461	0
5462	1
5463	3
5464	0
5465	0
5466	4
5467	2
5468	2
5469	2
5470	0
5471	1
5472	1
5473	1
5474	3
5475	3
5476	2
5477	0
5478	4
5479	2
5480	0
5481	0
5482	3
5483	4
5484	1
5485	2
5486	5
5487	2
5488	3
5489	3
5490	2
5491	2
5492	1
5493	0
5494	1
5495	3
5496	2
5497	2
5498	2
5499	3
5500	2
5501	2
5502	3
5503	1
5504	0
5505	4
5506	1
5507	2
5508	1
5509	1
5510	2
5511	1
5512	0
5513	0
5514	1
5515	0
5516	1
5517	3
5518	1
5519	4
5520	1
5521	1
5522	0
5523	1
5524	1
5525	1
5526	0
5527	1
5528	3
5529	4
5530	1
5531	0
5532	1
5533	3
5534	0
5535	4
5536	0
5537	3
5538	2
5539	0
5540	1
5541	1
5542	1
5543	0
5544	3
5545	1
5546	2
5547	0
5548	2
5549	3
5550	1
5551	1
5552	1
5553	4
5554	1
5555	3
5556	0
5557	0
5558	2
5559	0
5560	1
5561	0
5562	2
5563	0
5564	1
5565	3
5566	0
5567	3
5568	3
5569	1
5570	2
5571	0
5572	1
5573	0
5574	1
5575	1
5576	1
5577	2
5578	2
5579	2
5580	1
5581	1
5582	1
5583	1
5584	0
5585	4
5586	1
5587	1
5588	0
5589	1
5590	0
5591	1
5592	1
5593	1
5594	3
5595	1
5596	2
5597	1
5598	0
5599	3
5600	1
5601	2
5602	0
5603	0
5604	3
5605	0
5606	2
5607	4
5608	1
5609	0
5610	2
5611	1
5612	0
5613	2
5614	4
5615	1
5616	1
5617	2
5618	1
5619	1
5620	0
5621	2
5622	2
5623	1
5624	1
5625	1
5626	3
5627	1
5628	1
5629	3
5630	3
5631	6
5632	0
5633	1
5634	1
5635	1
5636	3
5637	0
5638	1
5639	0
5640	3
5641	3
5642	2
5643	1
5644	0
5645	2
5646	4
5647	1
5648	1
5649	2
5650	1
5651	2
5652	3
5653	1
5654	4
5655	0
5656	1
5657	1
5658	1
5659	1
5660	1
5661	1
5662	1
5663	2
5664	1
5665	2
5666	1
5667	4
5668	0
5669	2
5670	2
5671	2
5672	2
5673	2
5674	4
5675	1
5676	3
5677	1
5678	2
5679	3
5680	0
5681	0
5682	2
5683	3
5684	2
5685	0
5686	1
5687	1
5688	0
5689	2
5690	3
5691	1
5692	1
5693	1
5694	0
5695	2
5696	0
5697	0
5698	1
5699	2
5700	1
5701	2
5702	0
5703	1
5704	3
5705	2
5706	1
5707	2
5708	1
5709	4
5710	2
5711	1
5712	4
5713	1
5714	0
5715	2
5716	0
5717	2
5718	1
5719	2
5720	0
5721	0
5722	1
5723	5
5724	6
5725	0
5726	1
5727	3
5728	2
5729	0
5730	1
5731	2
5732	4
5733	3
5734	1
5735	0
5736	0
5737	2
5738	0
5739	3
5740	4
5741	1
5742	2
5743	2
5744	4
5745	3
5746	3
5747	1
5748	3
5749	1
5750	3
5751	1
5752	0
5753	3
5754	2
5755	1
5756	3
5757	0
5758	4
5759	2
5760	1
5761	2
5762	1
5763	3
5764	1
5765	2
5766	2
5767	3
5768	3
5769	4
5770	0
5771	2
5772	1
5773	4
5774	0
5775	1
5776	1
5777	1
5778	2
5779	0
5780	1
5781	0
5782	1
5783	0
5784	2
5785	0
5786	2
5787	4
5788	3
5789	0
5790	0
5791	1
5792	3
5793	2
5794	1
5795	2
5796	0
5797	1
5798	1
5799	1
5800	2
5801	2
5802	2
5803	3
5804	2
5805	2
5806	3
5807	2
5808	1
5809	3
5810	3
5811	0
5812	0
5813	3
5814	0
5815	2
5816	0
5817	3
5818	0
5819	1
5820	0
5821	1
5822	2
5823	0
5824	0
5825	1
5826	3
5827	2
5828	2
5829	4
5830	0
5831	0
5832	3
5833	1
5834	2
5835	2
5836	3
5837	0
5838	2
5839	1
5840	3
5841	1
5842	3
5843	3
5844	1
5845	4
5846	2
5847	0
5848	1
5849	1
5850	3
5851	1
5852	0
5853	1
5854	0
5855	2
5856	2
5857	0
5858	1
5859	2
5860	1
5861	3
5862	3
5863	0
5864	1
5865	3
5866	3
5867	1
5868	2
5869	3
5870	1
5871	3
5872	4
5873	1
5874	0
5875	3
5876	2
5877	4
5878	2
5879	1
5880	2
5881	2
5882	5
5883	0
5884	2
5885	4
5886	6
5887	1
5888	2
5889	3
5890	3
5891	3
5892	2
5893	5
5894	2
5895	3
5896	3
5897	4
5898	2
5899	1
5900	1
5901	0
5902	2
5903	4
5904	0
5905	0
5906	5
5907	3
5908	3
5909	5
5910	0
5911	2
5912	3
5913	4
5914	0
5915	2
5916	1
5917	2
5918	2
5919	2
5920	0
5921	1
5922	0
5923	1
5924	0
5925	1
5926	4
5927	0
5928	3
5929	3
5930	0
5931	5
5932	2
5933	2
5934	2
5935	3
5936	0
5937	3
5938	2
5939	4
5940	0
5941	0
5942	0
5943	2
5944	4
5945	2
5946	1
5947	0
5948	2
5949	1
5950	1
5951	1
5952	2
5953	0
5954	1
5955	1
5956	2
5957	5
5958	0
5959	0
5960	0
5961	0
5962	0
5963	2
5964	0
5965	2
5966	1
5967	2
5968	0
5969	0
5970	1
5971	0
5972	0
5973	1
5974	1
5975	2
5976	2
5977	3
5978	2
5979	0
5980	1
5981	3
5982	2
5983	2
5984	1
5985	2
5986	1
5987	3
5988	1
5989	2
5990	1
5991	0
5992	1
5993	0
5994	0
5995	1
5996	1
5997	1
5998	5
5999	2
6000	1
6001	2
6002	0
6003	2
6004	0
6005	0
6006	0
6007	1
6008	1
6009	0
6010	2
6011	1
6012	2
6013	1
6014	3
6015	1
6016	1
6017	0
6018	2
6019	3
6020	0
6021	0
6022	1
6023	1
6024	2
6025	3
6026	3
6027	1
6028	2
6029	1
6030	0
6031	5
6032	1
6033	3
6034	1
6035	1
6036	2
6037	2
6038	1
6039	5
6040	0
6041	1
6042	2
6043	0
6044	0
6045	4
6046	4
6047	2
6048	3
6049	2
6050	0
6051	2
6052	1
6053	0
6054	0
6055	0
6056	0
6057	2
6058	1
6059	0
6060	2
6061	1
6062	1
6063	1
6064	0
6065	1
6066	1
6067	1
6068	0
6069	2
6070	4
6071	0
6072	0
6073	2
6074	0
6075	1
6076	0
6077	2
6078	3
6079	2
6080	3
6081	3
6082	2
6083	3
6084	3
6085	1
6086	1
6087	1
6088	0
6089	0
6090	2
6091	1
6092	2
6093	2
6094	2
6095	2
6096	3
6097	0
6098	0
6099	1
6100	0
6101	3
6102	2
6103	0
6104	0
6105	0
6106	3
6107	1
6108	0
6109	0
6110	1
6111	2
6112	2
6113	1
6114	2
6115	1
6116	0
6117	1
6118	2
6119	0
6120	5
6121	2
6122	2
6123	2
6124	1
6125	1
6126	2
6127	1
6128	5
6129	1
6130	0
6131	1
6132	0
6133	6
6134	2
6135	1
6136	1
6137	1
6138	0
6139	0
6140	3
6141	2
6142	0
6143	0
6144	0
6145	1
6146	2
6147	3
6148	0
6149	1
6150	1
6151	2
6152	1
6153	0
6154	2
6155	1
6156	0
6157	1
6158	2
6159	2
6160	0
6161	2
6162	3
6163	3
6164	1
6165	2
6166	1
6167	0
6168	3
6169	2
6170	2
6171	1
6172	2
6173	2
6174	1
6175	1
6176	1
6177	3
6178	3
6179	1
6180	0
6181	1
6182	2
6183	1
6184	0
6185	0
6186	2
6187	3
6188	0
6189	2
6190	3
6191	1
6192	0
6193	2
6194	1
6195	0
6196	0
6197	2
6198	0
6199	1
6200	0
6201	0
6202	0
6203	3
6204	2
6205	0
6206	0
6207	0
6208	2
6209	2
6210	1
6211	2
6212	1
6213	1
6214	0
6215	1
6216	2
6217	2
6218	3
6219	0
6220	0
6221	1
6222	2
6223	0
6224	1
6225	2
6226	1
6227	2
6228	2
6229	0
6230	4
6231	4
6232	0
6233	1
6234	1
6235	0
6236	2
6237	0
6238	1
6239	4
6240	3
6241	2
6242	1
6243	2
6244	2
6245	2
6246	0
6247	1
6248	2
6249	1
6250	2
6251	1
6252	0
6253	0
6254	3
6255	0
6256	0
6257	0
6258	0
6259	1
6260	1
6261	0
6262	2
6263	2
6264	0
6265	0
6266	1
6267	2
6268	0
6269	1
6270	1
6271	0
6272	0
6273	0
6274	0
6275	0
6276	0
6277	0
6278	1
6279	3
6280	0
6281	0
6282	2
6283	1
6284	1
6285	1
6286	0
6287	3
6288	1
6289	3
6290	2
6291	0
6292	0
6293	1
6294	0
6295	0
6296	1
6297	1
6298	1
6299	1
6300	1
6301	2
6302	0
6303	0
6304	0
6305	0
6306	1
6307	0
6308	0
6309	3
6310	2
6311	0
6312	1
6313	1
6314	1
6315	2
6316	1
6317	3
6318	3
6319	0
6320	3
6321	1
6322	1
6323	1
6324	0
6325	1
6326	1
6327	0
6328	0
6329	0
6330	0
6331	0
6332	1
6333	0
6334	0
6335	1
6336	2
6337	2
6338	1
6339	0
6340	1
6341	1
6342	0
6343	2
6344	0
6345	1
6346	1
6347	1
6348	0
6349	2
6350	0
6351	2
6352	1
6353	2
6354	2
6355	0
6356	0
6357	0
6358	1
6359	1
6360	1
6361	2
6362	0
6363	0
6364	2
6365	3
6366	1
6367	2
6368	1
6369	1
6370	0
6371	0
6372	0
6373	1
6374	1
6375	0
6376	2
6377	1
6378	0
6379	1
6380	2
6381	0
6382	0
6383	1
6384	3
6385	2
6386	0
6387	0
6388	1
6389	1
6390	0
6391	2
6392	1
6393	1
6394	1
6395	2
6396	1
6397	0
6398	2
6399	1
6400	0
6401	1
6402	0
6403	0
6404	3
6405	2
6406	0
6407	0
6408	1
6409	0
6410	0
6411	1
6412	0
6413	1
6414	0
6415	3
6416	0
6417	4
6418	0
6419	1
6420	0
6421	0
6422	0
6423	1
6424	0
6425	0
6426	1
6427	3
6428	0
6429	1
6430	2
6431	3
6432	0
6433	1
6434	1
6435	2
6436	0
6437	0
6438	2
6439	1
6440	0
6441	1
6442	0
6443	1
6444	0
6445	1
6446	0
6447	1
6448	2
6449	1
6450	2
6451	0
6452	0
6453	1
6454	0
6455	0
6456	0
6457	1
6458	0
6459	0
6460	2
6461	3
6462	1
6463	1
6464	1
6465	0
6466	3
6467	1
6468	2
6469	2
6470	2
6471	2
6472	1
6473	3
6474	2
6475	1
6476	3
6477	0
6478	1
6479	2
6480	0
6481	0
6482	2
6483	0
6484	1
6485	1
6486	0
6487	0
6488	1
6489	0
6490	1
6491	1
6492	2
6493	1
6494	1
6495	0
6496	2
6497	0
6498	0
6499	1
6500	3
6501	1
6502	0
6503	2
6504	4
6505	3
6506	2
6507	0
6508	1
6509	2
6510	0
6511	1
6512	1
6513	1
6514	2
6515	2
6516	3
6517	0
6518	0
6519	1
6520	2
6521	0
6522	2
6523	3
6524	1
6525	1
6526	1
6527	2
6528	0
6529	1
6530	0
6531	4
6532	2
6533	2
6534	0
6535	1
6536	2
6537	0
6538	0
6539	0
6540	2
6541	2
6542	1
6543	4
6544	4
6545	0
6546	2
6547	0
6548	4
6549	1
6550	1
6551	1
6552	1
6553	3
6554	1
6555	0
6556	4
6557	1
6558	1
6559	1
6560	1
6561	0
6562	3
6563	1
6564	3
6565	1
6566	2
6567	0
6568	1
6569	4
6570	1
6571	1
6572	0
6573	1
6574	1
6575	1
6576	3
6577	0
6578	2
6579	0
6580	0
6581	1
6582	1
6583	1
6584	3
6585	1
6586	0
6587	1
6588	2
6589	0
6590	1
6591	3
6592	2
6593	4
6594	1
6595	0
6596	1
6597	2
6598	0
6599	1
6600	4
6601	1
6602	2
6603	3
6604	1
6605	1
6606	0
6607	1
6608	1
6609	0
6610	1
6611	0
6612	0
6613	1
6614	3
6615	3
6616	1
6617	2
6618	2
6619	0
6620	1
6621	0
6622	0
6623	1
6624	1
6625	0
6626	1
6627	0
6628	3
6629	0
6630	1
6631	0
6632	0
6633	2
6634	0
6635	0
6636	0
6637	1
6638	0
6639	1
6640	3
6641	1
6642	2
6643	2
6644	1
6645	2
6646	1
6647	2
6648	1
6649	1
6650	1
6651	1
6652	0
6653	1
6654	2
6655	1
6656	3
6657	3
6658	0
6659	1
6660	2
6661	1
6662	1
6663	1
6664	0
6665	2
6666	1
6667	1
6668	1
6669	1
6670	1
6671	2
6672	3
6673	2
6674	2
6675	1
6676	2
6677	2
6678	2
6679	1
6680	1
6681	3
6682	0
6683	2
6684	1
6685	0
6686	1
6687	2
6688	3
6689	1
6690	1
6691	1
6692	0
6693	1
6694	1
6695	0
6696	2
6697	1
6698	0
6699	1
6700	0
6701	0
6702	1
6703	0
6704	2
6705	2
6706	1
6707	0
6708	0
6709	1
6710	2
6711	0
6712	3
6713	3
6714	1
6715	0
6716	3
6717	0
6718	0
6719	0
6720	1
6721	1
6722	1
6723	0
6724	3
6725	0
6726	0
6727	2
6728	0
6729	0
6730	0
6731	1
6732	1
6733	3
6734	3
6735	0
6736	1
6737	1
6738	1
6739	0
6740	1
6741	1
6742	0
6743	0
6744	4
6745	0
6746	0
6747	1
6748	2
6749	3
6750	2
6751	1
6752	0
6753	0
6754	1
6755	1
6756	1
6757	3
6758	2
6759	2
6760	1
6761	1
6762	1
6763	1
6764	1
6765	0
6766	0
6767	0
6768	2
6769	0
6770	1
6771	0
6772	0
6773	1
6774	0
6775	2
6776	2
6777	1
6778	1
6779	1
6780	1
6781	2
6782	1
6783	1
6784	1
6785	1
6786	0
6787	0
6788	3
6789	1
6790	3
6791	2
6792	1
6793	2
6794	1
6795	1
6796	0
6797	0
6798	0
6799	0
6800	1
6801	1
6802	0
6803	1
6804	0
6805	3
6806	0
6807	2
6808	0
6809	1
6810	1
6811	1
6812	4
6813	0
6814	0
6815	0
6816	0
6817	1
6818	0
6819	1
6820	1
6821	2
6822	3
6823	1
6824	1
6825	1
6826	0
6827	1
6828	2
6829	2
6830	0
6831	0
6832	2
6833	1
6834	0
6835	0
6836	2
6837	2
6838	2
6839	0
6840	4
6841	2
6842	1
6843	1
6844	0
6845	3
6846	1
6847	1
6848	0
6849	1
6850	2
6851	2
6852	0
6853	2
6854	1
6855	1
6856	1
6857	1
6858	1
6859	0
6860	0
6861	1
6862	1
6863	1
6864	1
6865	2
6866	1
6867	1
6868	0
6869	3
6870	1
6871	0
6872	2
6873	0
6874	3
6875	0
6876	2
6877	2
6878	1
6879	0
6880	1
6881	2
6882	0
6883	0
6884	0
6885	1
6886	1
6887	1
6888	1
6889	0
6890	1
6891	1
6892	1
6893	0
6894	4
6895	0
6896	0
6897	2
6898	2
6899	2
6900	2
6901	2
6902	3
6903	2
6904	1
6905	3
6906	0
6907	1
6908	2
6909	0
6910	0
6911	0
6912	1
6913	2
6914	2
6915	0
6916	0
6917	1
6918	0
6919	1
6920	1
6921	1
6922	0
6923	0
6924	1
6925	0
6926	2
6927	0
6928	2
6929	1
6930	0
6931	3
6932	2
6933	1
6934	1
6935	0
6936	0
6937	1
6938	0
6939	2
6940	1
6941	1
6942	0
6943	0
6944	1
6945	0
6946	0
6947	0
6948	1
6949	1
6950	1
6951	0
6952	1
6953	0
6954	2
6955	0
6956	1
6957	1
6958	1
6959	1
6960	0
6961	2
6962	1
6963	0
6964	1
6965	0
6966	1
6967	1
6968	0
6969	1
6970	2
6971	2
6972	2
6973	2
6974	1
6975	2
6976	0
6977	0
6978	1
6979	1
6980	2
6981	1
6982	0
6983	0
6984	4
6985	2
6986	1
6987	0
6988	1
6989	2
6990	0
6991	0
6992	1
6993	1
6994	0
6995	0
6996	1
6997	1
6998	1
6999	2
7000	3
7001	0
7002	1
7003	0
7004	1
7005	1
7006	1
7007	2
7008	0
7009	0
7010	2
7011	1
7012	2
7013	0
7014	2
7015	1
7016	0
7017	2
7018	0
7019	3
7020	0
7021	0
7022	3
7023	1
7024	1
7025	2
7026	4
7027	0
7028	3
7029	1
7030	0
7031	4
7032	4
7033	0
7034	0
7035	0
7036	1
7037	0
7038	0
7039	0
7040	2
7041	3
7042	1
7043	2
7044	1
7045	2
7046	1
7047	0
7048	1
7049	4
7050	1
7051	1
7052	0
7053	1
7054	2
7055	1
7056	0
7057	0
7058	0
7059	1
7060	1
7061	0
7062	2
7063	0
7064	3
7065	2
7066	1
7067	0
7068	2
7069	0
7070	1
7071	1
7072	2
7073	0
7074	2
7075	0
7076	0
7077	1
7078	2
7079	2
7080	0
7081	1
7082	0
7083	4
7084	3
7085	1
7086	1
7087	1
7088	0
7089	0
7090	1
7091	0
7092	1
7093	1
7094	2
7095	1
7096	0
7097	2
7098	1
7099	1
7100	2
7101	0
7102	0
7103	1
7104	1
7105	1
7106	0
7107	0
7108	0
7109	2
7110	1
7111	6
7112	0
7113	0
7114	2
7115	2
7116	0
7117	2
7118	1
7119	0
7120	4
7121	1
7122	1
7123	1
7124	2
7125	0
7126	0
7127	1
7128	1
7129	2
7130	0
7131	5
7132	0
7133	0
7134	0
7135	0
7136	1
7137	0
7138	0
7139	1
7140	1
7141	0
7142	0
7143	1
7144	0
7145	0
7146	0
7147	2
7148	0
7149	0
7150	0
7151	0
7152	2
7153	1
7154	0
7155	2
7156	2
7157	1
7158	1
7159	2
7160	5
7161	1
7162	2
7163	0
7164	1
7165	1
7166	0
7167	2
7168	0
7169	0
7170	1
7171	3
7172	2
7173	0
7174	1
7175	1
7176	0
7177	2
7178	1
7179	3
7180	0
7181	0
7182	0
7183	1
7184	0
7185	1
7186	0
7187	2
7188	3
7189	0
7190	0
7191	0
7192	0
7193	1
7194	0
7195	1
7196	0
7197	2
7198	1
7199	2
7200	0
7201	1
7202	1
7203	1
7204	0
7205	2
7206	0
7207	2
7208	1
7209	3
7210	3
7211	0
7212	1
7213	0
7214	2
7215	2
7216	0
7217	3
7218	1
7219	0
7220	1
7221	0
7222	0
7223	1
7224	0
7225	0
7226	0
7227	1
7228	0
7229	0
7230	0
7231	0
7232	2
7233	0
7234	1
7235	1
7236	0
7237	0
7238	2
7239	2
7240	0
7241	1
7242	0
7243	2
7244	0
7245	1
7246	1
7247	0
7248	0
7249	2
7250	2
7251	3
7252	0
7253	1
7254	2
7255	1
7256	0
7257	0
7258	0
7259	1
7260	1
7261	0
7262	3
7263	0
7264	1
7265	0
7266	0
7267	1
7268	0
7269	0
7270	0
7271	1
7272	1
7273	1
7274	1
7275	0
7276	0
7277	2
7278	0
7279	0
7280	0
7281	1
7282	1
7283	0
7284	0
7285	2
7286	0
7287	1
7288	0
7289	2
7290	1
7291	1
7292	0
7293	2
7294	0
7295	2
7296	0
7297	1
7298	0
7299	2
7300	0
7301	2
7302	0
7303	2
7304	0
7305	0
7306	1
7307	0
7308	2
7309	2
7310	1
7311	0
7312	0
7313	1
7314	1
7315	2
7316	1
7317	0
7318	0
7319	1
7320	1
7321	1
7322	0
7323	0
7324	0
7325	0
7326	0
7327	0
7328	0
7329	0
7330	2
7331	0
7332	0
7333	2
7334	0
7335	1
7336	1
7337	2
7338	3
7339	0
7340	1
7341	0
7342	4
7343	0
7344	1
7345	0
7346	0
7347	1
7348	1
7349	0
7350	1
7351	1
7352	1
7353	1
7354	0
7355	0
7356	0
7357	0
7358	1
7359	2
7360	1
7361	0
7362	1
7363	0
7364	0
7365	0
7366	0
7367	0
7368	0
7369	0
7370	1
7371	0
7372	2
7373	0
7374	0
7375	1
7376	0
7377	0
7378	0
7379	1
7380	0
7381	1
7382	0
7383	0
7384	1
7385	0
7386	1
7387	0
7388	1
7389	0
7390	2
7391	2
7392	2
7393	2
7394	0
7395	1
7396	0
7397	0
7398	0
7399	0
7400	2
7401	1
7402	1
7403	3
7404	1
7405	0
7406	1
7407	0
7408	1
7409	0
7410	0
7411	1
7412	0
7413	0
7414	1
7415	1
7416	1
7417	0
7418	1
7419	0
7420	0
7421	1
7422	1
7423	3
7424	1
7425	1
7426	0
7427	0
7428	0
7429	2
7430	2
7431	0
7432	0
7433	0
7434	0
7435	2
7436	0
7437	1
7438	1
7439	1
7440	0
7441	0
7442	0
7443	4
7444	0
7445	1
7446	0
7447	0
7448	0
7449	0
7450	2
7451	0
7452	2
7453	2
7454	0
7455	0
7456	0
7457	1
7458	1
7459	0
7460	1
7461	0
7462	2
7463	0
7464	0
7465	1
7466	0
7467	2
7468	1
7469	1
7470	2
7471	0
7472	1
7473	0
7474	0
7475	0
7476	1
7477	0
7478	2
7479	0
7480	2
7481	0
7482	0
7483	1
7484	0
7485	0
7486	0
7487	0
7488	0
7489	0
7490	1
7491	1
7492	0
7493	0
7494	0
7495	0
7496	0
7497	1
7498	2
7499	0
7500	0
7501	0
7502	3
7503	0
7504	1
7505	0
7506	2
7507	0
7508	2
7509	0
7510	0
7511	0
7512	1
7513	0
7514	1
7515	0
7516	0
7517	0
7518	0
7519	1
7520	1
7521	0
7522	0
7523	3
7524	0
7525	1
7526	0
7527	1
7528	0
7529	0
7530	1
7531	1
7532	0
7533	1
7534	1
7535	0
7536	0
7537	0
7538	2
7539	0
7540	1
7541	0
7542	0
7543	1
7544	0
7545	1
7546	2
7547	1
7548	0
7549	0
7550	1
7551	0
7552	1
7553	1
7554	0
7555	0
7556	0
7557	1
7558	0
7559	0
7560	0
7561	0
7562	2
7563	1
7564	1
7565	0
7566	0
7567	0
7568	0
7569	0
7570	0
7571	1
7572	0
7573	0
7574	0
7575	1
7576	1
7577	1
7578	1
7579	1
7580	2
7581	0
7582	1
7583	0
7584	1
7585	1
7586	0
7587	1
7588	3
7589	0
7590	2
7591	0
7592	0
7593	2
7594	2
7595	0
7596	2
7597	0
7598	2
7599	0
7600	1
7601	1
7602	2
7603	2
7604	0
7605	0
7606	1
7607	2
7608	0
7609	1
7610	0
7611	1
7612	0
7613	3
7614	1
7615	1
7616	1
7617	4
7618	2
7619	0
7620	1
7621	1
7622	0
7623	2
7624	0
7625	1
7626	1
7627	1
7628	2
7629	3
7630	1
7631	2
7632	1
7633	0
7634	1
7635	1
7636	1
7637	0
7638	0
7639	1
7640	1
7641	2
7642	0
7643	2
7644	0
7645	2
7646	1
7647	1
7648	0
7649	0
7650	0
7651	2
7652	1
7653	1
7654	1
7655	3
7656	0
7657	1
7658	2
7659	1
7660	1
7661	0
7662	1
7663	1
7664	0
7665	1
7666	3
7667	3
7668	0
7669	0
7670	1
7671	0
7672	2
7673	0
7674	0
7675	0
7676	0
7677	1
7678	2
7679	0
7680	1
7681	1
7682	0
7683	1
7684	0
7685	2
7686	2
7687	1
7688	3
7689	0
7690	2
7691	1
7692	1
7693	0
7694	0
7695	0
7696	0
7697	3
7698	1
7699	0
7700	0
7701	0
7702	2
7703	1
7704	0
7705	0
7706	0
7707	2
7708	0
7709	2
7710	1
7711	1
7712	2
7713	1
7714	1
7715	1
7716	0
7717	0
7718	0
7719	0
7720	2
7721	1
7722	0
7723	0
7724	0
7725	2
7726	2
7727	0
7728	0
7729	0
7730	0
7731	0
7732	1
7733	1
7734	1
7735	1
7736	1
7737	1
7738	0
7739	0
7740	1
7741	0
7742	2
7743	1
7744	0
7745	1
7746	1
7747	2
7748	1
7749	0
7750	1
7751	0
7752	0
7753	2
7754	0
7755	1
7756	2
7757	3
7758	0
7759	0
7760	2
7761	0
7762	1
7763	0
7764	1
7765	0
7766	1
7767	0
7768	0
7769	2
7770	2
7771	1
7772	0
7773	0
7774	1
7775	1
7776	3
7777	1
7778	0
7779	1
7780	1
7781	1
7782	0
7783	3
7784	1
7785	3
7786	0
7787	1
7788	2
7789	0
7790	0
7791	2
7792	1
7793	0
7794	0
7795	0
7796	0
7797	1
7798	0
7799	1
7800	1
7801	0
7802	0
7803	0
7804	0
7805	0
7806	0
7807	2
7808	1
7809	1
7810	0
7811	1
7812	1
7813	2
7814	1
7815	1
7816	2
7817	1
7818	0
7819	2
7820	3
7821	1
7822	1
7823	0
7824	1
7825	2
7826	1
7827	3
7828	0
7829	0
7830	1
7831	0
7832	1
7833	0
7834	2
7835	1
7836	2
7837	0
7838	0
7839	1
7840	1
7841	1
7842	0
7843	0
7844	2
7845	0
7846	1
7847	0
7848	1
7849	0
7850	1
7851	1
7852	1
7853	1
7854	0
7855	0
7856	3
7857	1
7858	1
7859	1
7860	1
7861	2
7862	0
7863	0
7864	0
7865	2
7866	0
7867	0
7868	0
7869	1
7870	1
7871	0
7872	2
7873	2
7874	3
7875	0
7876	3
7877	1
7878	0
7879	0
7880	0
7881	2
7882	2
7883	1
7884	1
7885	0
7886	0
7887	1
7888	1
7889	2
7890	2
7891	0
7892	1
7893	0
7894	0
7895	0
7896	1
7897	2
7898	1
7899	2
7900	1
7901	1
7902	0
7903	0
7904	3
7905	0
7906	0
7907	2
7908	1
7909	0
7910	3
7911	1
7912	2
7913	0
7914	0
7915	1
7916	0
7917	3
7918	0
7919	1
7920	0
7921	1
7922	1
7923	1
7924	1
7925	0
7926	4
7927	0
7928	2
7929	1
7930	0
7931	0
7932	1
7933	1
7934	0
7935	0
7936	2
7937	0
7938	0
7939	1
7940	4
7941	0
7942	0
7943	0
7944	1
7945	0
7946	2
7947	1
7948	0
7949	0
7950	0
7951	1
7952	1
7953	0
7954	1
7955	0
7956	1
7957	1
7958	1
7959	1
7960	0
7961	2
7962	0
7963	1
7964	0
7965	0
7966	0
7967	1
7968	0
7969	1
7970	0
7971	1
7972	1
7973	2
7974	1
7975	2
7976	0
7977	0
7978	1
7979	0
7980	1
7981	1
7982	1
7983	1
7984	0
7985	0
7986	0
7987	2
7988	1
7989	0
7990	2
7991	0
7992	0
7993	4
7994	5
7995	1
7996	0
7997	0
7998	2
7999	0
8000	1
8001	1
8002	1
8003	1
8004	2
8005	1
8006	0
8007	3
8008	1
8009	2
8010	0
8011	0
8012	1
8013	0
8014	1
8015	0
8016	0
8017	2
8018	1
8019	1
8020	2
8021	1
8022	1
8023	1
8024	1
8025	1
8026	0
8027	0
8028	0
8029	2
8030	0
8031	1
8032	1
8033	1
8034	1
8035	1
8036	1
8037	1
8038	2
8039	0
8040	1
8041	0
8042	1
8043	1
8044	0
8045	3
8046	1
8047	0
8048	0
8049	2
8050	0
8051	1
8052	0
8053	1
8054	1
8055	0
8056	0
8057	1
8058	1
8059	2
8060	3
8061	1
8062	0
8063	3
8064	0
8065	0
8066	1
8067	0
8068	0
8069	0
8070	0
8071	0
8072	0
8073	1
8074	0
8075	1
8076	0
8077	1
8078	1
8079	0
8080	1
8081	1
8082	0
8083	0
8084	1
8085	0
8086	0
8087	0
8088	0
8089	1
8090	1
8091	1
8092	0
8093	0
8094	0
8095	3
8096	1
8097	0
8098	3
8099	1
8100	0
8101	0
8102	1
8103	2
8104	2
8105	0
8106	2
8107	0
8108	1
8109	2
8110	0
8111	1
8112	1
8113	0
8114	0
8115	1
8116	0
8117	0
8118	2
8119	0
8120	0
8121	1
8122	0
8123	0
8124	2
8125	0
8126	1
8127	0
8128	1
8129	3
8130	0
8131	0
8132	0
8133	0
8134	0
8135	1
8136	0
8137	0
8138	0
8139	0
8140	0
8141	0
8142	0
8143	0
8144	1
8145	3
8146	0
8147	2
8148	0
8149	0
8150	1
8151	0
8152	1
8153	1
8154	3
8155	1
8156	2
8157	1
8158	0
8159	1
8160	0
8161	0
8162	2
8163	3
8164	1
8165	1
8166	0
8167	3
8168	0
8169	2
8170	1
8171	0
8172	0
8173	1
8174	1
8175	0
8176	0
8177	0
8178	0
8179	1
8180	0
8181	0
8182	0
8183	0
8184	0
8185	1
8186	1
8187	0
8188	1
8189	0
8190	0
8191	0
8192	1
8193	0
8194	0
8195	0
8196	1
8197	0
8198	0
8199	0
8200	0
8201	0
8202	0
8203	0
8204	0
8205	1
8206	0
8207	0
8208	0
8209	2
8210	0
8211	0
8212	2
8213	2
8214	1
8215	1
8216	0
8217	2
8218	1
8219	1
8220	1
8221	0
8222	1
8223	0
8224	0
8225	1
8226	0
8227	1
8228	0
8229	2
8230	0
8231	2
8232	1
8233	1
8234	0
8235	1
8236	1
8237	0
8238	1
8239	0
8240	3
8241	0
8242	1
8243	1
8244	1
8245	1
8246	0
8247	1
8248	0
8249	1
8250	0
8251	3
8252	1
8253	0
8254	0
8255	0
8256	0
8257	1
8258	1
8259	2
8260	1
8261	1
8262	1
8263	0
8264	0
8265	1
8266	2
8267	0
8268	0
8269	1
8270	1
8271	0
8272	1
8273	1
8274	2
8275	1
8276	1
8277	0
8278	0
8279	0
8280	1
8281	1
8282	0
8283	0
8284	0
8285	0
8286	2
8287	0
8288	1
8289	1
8290	1
8291	0
8292	3
8293	0
8294	1
8295	0
8296	0
8297	2
8298	1
8299	0
8300	0
8301	0
8302	1
8303	0
8304	0
8305	2
8306	0
8307	2
8308	1
8309	0
8310	0
8311	0
8312	2
8313	0
8314	1
8315	0
8316	1
8317	1
8318	1
8319	0
8320	0
8321	0
8322	2
8323	1
8324	0
8325	1
8326	0
8327	1
8328	1
8329	2
8330	2
8331	3
8332	1
8333	0
8334	0
8335	0
8336	0
8337	0
8338	1
8339	2
8340	0
8341	0
8342	0
8343	1
8344	0
8345	2
8346	1
8347	0
8348	2
8349	0
8350	0
8351	1
8352	1
8353	0
8354	0
8355	1
8356	0
8357	2
8358	0
8359	0
8360	0
8361	2
8362	1
8363	0
8364	1
8365	0
8366	1
8367	0
8368	0
8369	0
8370	0
8371	0
8372	2
8373	0
8374	0
8375	1
8376	1
8377	1
8378	0
8379	0
8380	0
8381	0
8382	0
8383	2
8384	0
8385	0
8386	3
8387	4
8388	2
8389	2
8390	0
8391	2
8392	0
8393	0
8394	0
8395	1
8396	1
8397	0
8398	0
8399	2
8400	2
8401	2
8402	1
8403	2
8404	0
8405	0
8406	1
8407	1
8408	0
8409	0
8410	1
8411	1
8412	0
8413	0
8414	0
8415	0
8416	0
8417	0
8418	1
8419	1
8420	0
8421	0
8422	1
8423	0
8424	1
8425	0
8426	2
8427	1
8428	0
8429	0
8430	0
8431	0
8432	0
8433	2
8434	1
8435	0
8436	0
8437	0
8438	0
8439	0
8440	1
8441	0
8442	0
8443	1
8444	1
8445	0
8446	0
8447	1
8448	0
8449	0
8450	1
8451	0
8452	0
8453	0
8454	1
8455	0
8456	0
8457	0
8458	0
8459	0
8460	2
8461	1
8462	0
8463	0
8464	0
8465	0
8466	1
8467	0
8468	0
8469	1
8470	0
8471	0
8472	0
8473	0
8474	2
8475	1
8476	0
8477	0
8478	1
8479	0
8480	0
8481	0
8482	0
8483	2
8484	0
8485	1
8486	0
8487	2
8488	1
8489	1
8490	2
8491	1
8492	0
8493	1
8494	1
8495	0
8496	0
8497	0
8498	0
8499	0
8500	0
8501	1
8502	0
8503	1
8504	1
8505	0
8506	1
8507	1
8508	1
8509	0
8510	1
8511	1
8512	1
8513	0
8514	0
8515	0
8516	0
8517	0
8518	1
8519	1
8520	0
8521	0
8522	0
8523	2
8524	2
8525	1
8526	1
8527	1
8528	1
8529	0
8530	0
8531	0
8532	1
8533	0
8534	0
8535	1
8536	0
8537	1
8538	1
8539	0
8540	0
8541	0
8542	0
8543	0
8544	0
8545	2
8546	1
8547	0
8548	0
8549	0
8550	1
8551	1
8552	2
8553	0
8554	0
8555	2
8556	0
8557	0
8558	1
8559	1
8560	1
8561	0
8562	1
8563	0
8564	1
8565	0
8566	0
8567	1
8568	0
8569	1
8570	1
8571	1
8572	1
8573	0
8574	0
8575	2
8576	0
8577	0
8578	0
8579	0
8580	0
8581	1
8582	1
8583	0
8584	0
8585	0
8586	0
8587	1
8588	1
8589	1
8590	0
8591	0
8592	1
8593	0
8594	1
8595	1
8596	0
8597	1
8598	1
8599	1
8600	0
8601	0
8602	1
8603	1
8604	0
8605	0
8606	0
8607	1
8608	0
8609	0
8610	0
8611	1
8612	0
8613	0
8614	0
8615	2
8616	1
8617	0
8618	0
8619	1
8620	2
8621	1
8622	1
8623	1
8624	3
8625	1
8626	0
8627	0
8628	0
8629	0
8630	0
8631	0
8632	0
8633	0
8634	0
8635	0
8636	0
8637	0
8638	1
8639	1
8640	1
8641	2
8642	0
8643	0
8644	2
8645	0
8646	1
8647	2
8648	0
8649	1
8650	2
8651	0
8652	1
8653	0
8654	0
8655	2
8656	1
8657	0
8658	0
8659	0
8660	1
8661	0
8662	1
8663	1
8664	1
8665	1
8666	1
8667	0
8668	0
8669	1
8670	1
8671	1
8672	1
8673	0
8674	1
8675	2
8676	0
8677	1
8678	1
8679	0
8680	1
8681	0
8682	1
8683	0
8684	0
8685	1
8686	0
8687	0
8688	0
8689	1
8690	0
8691	0
8692	1
8693	1
8694	0
8695	1
8696	1
8697	1
8698	0
8699	0
8700	0
8701	1
8702	1
8703	0
8704	3
8705	0
8706	0
8707	2
8708	0
8709	0
8710	3
8711	0
8712	0
8713	0
8714	1
8715	0
8716	2
8717	1
8718	1
8719	2
8720	1
8721	2
8722	0
8723	0
8724	1
8725	0
8726	1
8727	0
8728	2
8729	1
8730	1
8731	0
8732	0
8733	2
8734	1
8735	1
8736	2
8737	0
8738	0
8739	2
8740	0
8741	0
8742	0
8743	3
8744	0
8745	2
8746	1
8747	1
8748	0
8749	0
8750	0
8751	0
8752	0
8753	2
8754	1
8755	0
8756	2
8757	0
8758	1
8759	0
8760	0
8761	1
8762	0
8763	1
8764	2
8765	1
8766	2
8767	1
8768	1
8769	0
8770	0
8771	3
8772	0
8773	0
8774	0
8775	1
8776	1
8777	0
8778	1
8779	1
8780	1
8781	0
8782	0
8783	0
8784	1
8785	0
8786	1
8787	1
8788	0
8789	1
8790	0
8791	0
8792	0
8793	1
8794	1
8795	0
8796	0
8797	1
8798	0
8799	0
8800	3
8801	1
8802	1
8803	3
8804	0
8805	2
8806	2
8807	0
8808	1
8809	0
8810	0
8811	0
8812	2
8813	1
8814	1
8815	0
8816	0
8817	1
8818	4
8819	3
8820	3
8821	2
8822	0
8823	1
8824	0
8825	1
8826	1
8827	3
8828	1
8829	3
8830	0
8831	1
8832	0
8833	0
8834	1
8835	0
8836	1
8837	0
8838	2
8839	3
8840	0
8841	2
8842	2
8843	0
8844	1
8845	1
8846	0
8847	0
8848	0
8849	1
8850	3
8851	0
8852	1
8853	0
8854	1
8855	1
8856	1
8857	1
8858	1
8859	1
8860	1
8861	3
8862	0
8863	3
8864	2
8865	0
8866	0
8867	2
8868	2
8869	0
8870	0
8871	1
8872	3
8873	0
8874	0
8875	0
8876	0
8877	2
8878	1
8879	0
8880	0
8881	0
8882	2
8883	1
8884	1
8885	1
8886	1
8887	1
8888	0
8889	0
8890	1
8891	0
8892	1
8893	1
8894	2
8895	2
8896	0
8897	2
8898	1
8899	0
8900	2
8901	1
8902	1
8903	0
8904	2
8905	0
8906	3
8907	1
8908	0
8909	1
8910	2
8911	0
8912	1
8913	1
8914	0
8915	1
8916	0
8917	1
8918	0
8919	0
8920	2
8921	0
8922	0
8923	2
8924	2
8925	1
8926	1
8927	0
8928	1
8929	0
8930	0
8931	0
8932	0
8933	0
8934	0
8935	0
8936	0
8937	1
8938	1
8939	1
8940	0
8941	0
8942	0
8943	2
8944	0
8945	1
8946	1
8947	0
8948	2
8949	1
8950	0
8951	1
8952	1
8953	2
8954	2
8955	0
8956	0
8957	1
8958	1
8959	0
8960	2
8961	1
8962	0
8963	0
8964	3
8965	1
8966	0
8967	1
8968	0
8969	1
8970	2
8971	0
8972	0
8973	1
8974	1
8975	0
8976	0
8977	1
8978	0
8979	1
8980	0
8981	0
8982	1
8983	0
8984	0
8985	0
8986	0
8987	0
8988	2
8989	0
8990	0
8991	1
8992	1
8993	1
8994	0
8995	0
8996	0
8997	0
8998	1
8999	0
9000	3
9001	0
9002	0
9003	0
9004	1
9005	1
9006	0
9007	0
9008	0
9009	0
9010	0
9011	0
9012	0
9013	0
9014	1
9015	0
9016	0
9017	2
9018	0
9019	0
9020	2
9021	1
9022	1
9023	0
9024	0
9025	0
9026	0
9027	0
9028	0
9029	1
9030	1
9031	0
9032	1
9033	0
9034	1
9035	0
9036	0
9037	1
9038	0
9039	0
9040	1
9041	1
9042	1
9043	0
9044	0
9045	1
9046	0
9047	0
9048	0
9049	1
9050	1
9051	0
9052	0
9053	0
9054	0
9055	0
9056	0
9057	1
9058	0
9059	0
9060	0
9061	1
9062	0
9063	0
9064	0
9065	0
9066	0
9067	0
9068	0
9069	0
9070	0
9071	0
9072	0
9073	0
9074	0
9075	1
9076	1
9077	0
9078	0
9079	0
9080	1
9081	1
9082	0
9083	1
9084	2
9085	0
9086	0
9087	1
9088	0
9089	1
9090	0
9091	0
9092	0
9093	1
9094	1
9095	1
9096	0
9097	0
9098	2
9099	0
9100	0
9101	1
9102	0
9103	1
9104	0
9105	1
9106	0
9107	0
9108	0
9109	1
9110	0
9111	0
9112	0
9113	0
9114	0
9115	1
9116	0
9117	0
9118	0
9119	3
9120	1
9121	0
9122	0
9123	0
9124	1
9125	0
9126	0
9127	1
9128	1
9129	1
9130	0
9131	0
9132	2
9133	1
9134	0
9135	2
9136	0
9137	1
9138	1
9139	0
9140	0
9141	0
9142	2
9143	1
9144	0
9145	0
9146	0
9147	0
9148	2
9149	0
9150	1
9151	1
9152	0
9153	0
9154	0
9155	1
9156	0
9157	2
9158	0
9159	5
9160	0
9161	0
9162	1
9163	1
9164	0
9165	0
9166	1
9167	0
9168	0
9169	1
9170	0
9171	0
9172	0
9173	1
9174	0
9175	1
9176	1
9177	0
9178	1
9179	0
9180	1
9181	0
9182	0
9183	1
9184	0
9185	0
9186	1
9187	0
9188	1
9189	0
9190	0
9191	0
9192	0
9193	1
9194	0
9195	1
9196	0
9197	0
9198	0
9199	0
9200	1
9201	0
9202	0
9203	0
9204	0
9205	1
9206	0
9207	1
9208	1
9209	0
9210	1
9211	2
9212	0
9213	0
9214	0
9215	2
9216	0
9217	0
9218	0
9219	1
9220	1
9221	0
9222	0
9223	0
9224	0
9225	3
9226	0
9227	1
9228	0
9229	0
9230	0
9231	0
9232	1
9233	2
9234	1
9235	0
9236	1
9237	0
9238	0
9239	0
9240	0
9241	0
9242	0
9243	1
9244	0
9245	1
9246	0
9247	0
9248	1
9249	0
9250	1
9251	1
9252	1
9253	1
9254	0
9255	1
9256	2
9257	2
9258	0
9259	0
9260	0
9261	1
9262	0
9263	0
9264	1
9265	1
9266	0
9267	0
9268	0
9269	1
9270	0
9271	0
9272	1
9273	0
9274	0
9275	1
9276	1
9277	0
9278	0
9279	1
9280	0
9281	0
9282	1
9283	3
9284	3
9285	0
9286	0
9287	1
9288	0
9289	0
9290	0
9291	0
9292	2
9293	2
9294	0
9295	0
9296	0
9297	2
9298	2
9299	0
9300	0
9301	0
9302	2
9303	0
9304	0
9305	0
9306	0
9307	0
9308	0
9309	0
9310	0
9311	0
9312	0
9313	0
9314	0
9315	0
9316	1
9317	0
9318	1
9319	0
9320	0
9321	1
9322	0
9323	0
9324	1
9325	2
9326	0
9327	0
9328	1
9329	0
9330	1
9331	1
9332	0
9333	0
9334	0
9335	1
9336	1
9337	0
9338	2
9339	0
9340	1
9341	1
9342	0
9343	0
9344	1
9345	1
9346	1
9347	0
9348	1
9349	0
9350	0
9351	0
9352	0
9353	0
9354	1
9355	0
9356	0
9357	1
9358	1
9359	0
9360	2
9361	0
9362	0
9363	1
9364	0
9365	0
9366	0
9367	0
9368	0
9369	0
9370	0
9371	0
9372	0
9373	0
9374	0
9375	1
9376	0
9377	1
9378	0
9379	0
9380	0
9381	0
9382	1
9383	0
9384	1
9385	0
9386	0
9387	0
9388	1
9389	0
9390	0
9391	0
9392	0
9393	0
9394	0
9395	0
9396	0
9397	0
9398	0
9399	0
9400	1
9401	1
9402	1
9403	0
9404	0
9405	0
9406	0
9407	0
9408	3
9409	0
9410	1
9411	0
9412	2
9413	0
9414	0
9415	0
9416	0
9417	0
9418	0
9419	0
9420	1
9421	0
9422	2
9423	0
9424	0
9425	0
9426	0
9427	1
9428	0
9429	0
9430	0
9431	1
9432	0
9433	0
9434	0
9435	0
9436	0
9437	0
9438	0
9439	0
9440	0
9441	0
9442	1
9443	1
9444	0
9445	0
9446	0
9447	0
9448	0
9449	1
9450	1
9451	1
9452	0
9453	1
9454	0
9455	0
9456	1
9457	0
9458	1
9459	0
9460	1
9461	1
9462	0
9463	1
9464	1
9465	0
9466	0
9467	0
9468	0
9469	2
9470	0
9471	1
9472	2
9473	1
9474	1
9475	1
9476	0
9477	0
9478	0
9479	0
9480	1
9481	1
9482	1
9483	0
9484	0
9485	0
9486	0
9487	1
9488	0
9489	1
9490	2
9491	0
9492	0
9493	1
9494	0
9495	0
9496	0
9497	0
9498	0
9499	1
9500	1
9501	2
9502	0
9503	0
9504	0
9505	0
9506	0
9507	1
9508	0
9509	3
9510	0
9511	1
9512	0
9513	1
9514	0
9515	0
9516	0
9517	0
9518	1
9519	0
9520	1
9521	0
9522	1
9523	2
9524	0
9525	1
9526	0
9527	1
9528	1
9529	1
9530	0
9531	1
9532	0
9533	1
9534	2
9535	0
9536	2
9537	0
9538	1
9539	0
9540	0
9541	1
9542	0
9543	0
9544	1
9545	3
9546	3
9547	0
9548	0
9549	1
9550	2
9551	0
9552	0
9553	0
9554	0
9555	0
9556	0
9557	2
9558	0
9559	1
9560	2
9561	1
9562	1
9563	1
9564	1
9565	0
9566	1
9567	0
9568	0
9569	0
9570	0
9571	0
9572	0
9573	0
9574	1
9575	1
9576	0
9577	1
9578	0
9579	1
9580	0
9581	0
9582	0
9583	1
9584	1
9585	0
9586	0
9587	0
9588	0
9589	0
9590	0
9591	1
9592	0
9593	1
9594	0
9595	0
9596	0
9597	0
9598	0
9599	0
9600	0
9601	1
9602	0
9603	1
9604	0
9605	0
9606	0
9607	0
9608	1
9609	1
9610	0
9611	0
9612	1
9613	0
9614	0
9615	0
9616	2
9617	1
9618	0
9619	0
9620	0
9621	0
9622	1
9623	0
9624	4
9625	0
9626	1
9627	1
9628	0
9629	1
9630	0
9631	0
9632	0
9633	0
9634	0
9635	0
9636	0
9637	2
9638	0
9639	1
9640	0
9641	0
9642	0
9643	0
9644	0
9645	1
9646	0
9647	1
9648	3
9649	0
9650	0
9651	0
9652	2
9653	0
9654	0
9655	0
9656	0
9657	2
9658	0
9659	0
9660	1
9661	1
9662	0
9663	0
9664	0
9665	0
9666	0
9667	0
9668	0
9669	0
9670	0
9671	0
9672	1
9673	1
9674	0
9675	0
9676	0
9677	0
9678	0
9679	0
9680	0
9681	0
9682	0
9683	0
9684	1
9685	0
9686	0
9687	0
9688	0
9689	0
9690	0
9691	1
9692	0
9693	0
9694	1
9695	0
9696	2
9697	0
9698	0
9699	0
9700	1
9701	0
9702	0
9703	0
9704	0
9705	1
9706	0
9707	0
9708	0
9709	0
9710	0
9711	0
9712	1
9713	0
9714	0
9715	0
9716	1
9717	0
9718	0
9719	0
9720	0
9721	0
9722	0
9723	2
9724	0
9725	0
9726	3
9727	0
9728	0
9729	1
9730	0
9731	1
9732	0
9733	1
9734	2
9735	0
9736	0
9737	1
9738	0
9739	0
9740	0
9741	0
9742	2
9743	0
9744	0
9745	2
9746	0
9747	0
9748	1
9749	1
9750	1
9751	3
9752	1
9753	2
9754	0
9755	2
9756	0
9757	0
9758	1
9759	1
9760	0
9761	0
9762	0
9763	1
9764	2
9765	1
9766	0
9767	1
9768	2
9769	0
9770	0
9771	0
9772	1
9773	1
9774	0
9775	0
9776	0
9777	1
9778	0
9779	0
9780	0
9781	0
9782	0
9783	2
9784	0
9785	1
9786	1
9787	0
9788	0
9789	0
9790	0
9791	1
9792	1
9793	1
9794	1
9795	0
9796	0
9797	0
9798	0
9799	0
9800	0
9801	2
9802	1
9803	0
9804	1
9805	0
9806	0
9807	0
9808	1
9809	1
9810	0
9811	0
9812	1
9813	2
9814	0
9815	0
9816	0
9817	0
9818	0
9819	1
9820	1
9821	1
9822	0
9823	2
9824	0
9825	0
9826	0
9827	2
9828	0
9829	0
9830	1
9831	0
9832	0
9833	0
9834	1
9835	1
9836	0
9837	0
9838	0
9839	0
9840	0
9841	1
9842	1
9843	2
9844	0
9845	1
9846	0
9847	0
9848	2
9849	0
9850	0
9851	1
9852	1
9853	0
9854	0
9855	2
9856	0
9857	1
9858	0
9859	0
9860	1
9861	0
9862	2
9863	1
9864	0
9865	0
9866	0
9867	0
9868	1
9869	0
9870	1
9871	1
9872	0
9873	1
9874	1
9875	1
9876	0
9877	1
9878	1
9879	0
9880	0
9881	1
9882	0
9883	1
9884	0
9885	1
9886	0
9887	0
9888	0
9889	2
9890	0
9891	0
9892	0
9893	1
9894	1
9895	0
9896	1
9897	1
9898	0
9899	0
9900	1
9901	0
9902	1
9903	0
9904	0
9905	0
9906	0
9907	0
9908	0
9909	0
9910	0
9911	0
9912	0
9913	1
9914	1
9915	1
9916	0
9917	1
9918	1
9919	0
9920	0
9921	1
9922	1
9923	1
9924	1
9925	0
9926	1
9927	0
9928	0
9929	0
9930	1
9931	0
9932	1
9933	0
9934	1
9935	0
9936	0
9937	1
9938	0
9939	0
9940	0
9941	0
9942	0
9943	0
9944	0
9945	0
9946	0
9947	1
9948	1
9949	1
9950	1
9951	0
9952	0
9953	1
9954	0
9955	0
9956	0
9957	1
9958	0
9959	1
9960	0
9961	0
9962	1
9963	0
9964	1
9965	0
9966	2
9967	1
9968	0
9969	0
9970	1
9971	2
9972	1
9973	1
9974	1
9975	0
9976	2
9977	0
9978	1
9979	0
9980	1
9981	0
9982	0
9983	0
9984	0
9985	0
9986	0
9987	0
9988	0
9989	0
9990	0
9991	0
9992	0
9993	0
9994	2
9995	0
9996	1
9997	1
9998	0
9999	0
10000	1
