1	378866313
2	11470655
3	4929496
4	3735931
5	3067375
6	2862457
7	3014193
8	3520591
9	4200638
10	4892462
11	5478051
12	5876063
13	6095526
14	6161944
15	6169515
16	6198003
17	6326461
18	6559157
19	6864366
20	7244540
21	7616419
22	7932450
23	8136906
24	8171987
25	8042392
26	7728153
27	7262231
28	6656583
29	5965920
30	5235219
31	4490735
32	3768047
33	3102167
34	2506708
35	1982957
36	1544553
37	1185877
38	895656
39	672876
40	504294
41	378090
42	284889
43	218723
44	170779
45	136931
46	114317
47	98772
48	87583
49	79944
50	75191
51	70522
52	67605
53	63898
54	61304
55	58882
56	56479
57	53945
58	51306
59	49641
60	46773
61	44026
62	41684
63	39431
64	37784
65	36026
66	34173
67	32593
68	31340
69	29626
70	28237
71	26649
72	25800
73	24561
74	23894
75	22550
76	22104
77	21330
78	20447
79	19999
80	19121
81	18745
82	18107
83	17771
84	17269
85	16890
86	16247
87	15683
88	15420
89	15061
90	14704
91	14224
92	14077
93	13566
94	13166
95	12823
96	12455
97	12358
98	11903
99	11701
100	11215
101	10944
102	10635
103	10479
104	10105
105	9899
106	9851
107	9327
108	9432
109	9314
110	8989
111	9040
112	8662
113	8413
114	8143
115	7935
116	7834
117	7843
118	7536
119	7375
120	7489
121	7166
122	7154
123	7100
124	6981
125	6655
126	6639
127	6573
128	6302
129	6424
130	6043
131	6113
132	5861
133	5999
134	5762
135	5643
136	5599
137	5436
138	5308
139	5133
140	4996
141	4953
142	5017
143	4927
144	4957
145	4781
146	4819
147	4740
148	4703
149	4689
150	4612
151	4535
152	4348
153	4303
154	4299
155	4278
156	4277
157	4187
158	4147
159	3913
160	4153
161	3985
162	3951
163	3970
164	3760
165	3859
166	3717
167	3689
168	3624
169	3531
170	3448
171	3542
172	3473
173	3461
174	3322
175	3215
176	3202
177	3362
178	3145
179	3096
180	3098
181	3151
182	2967
183	3019
184	3042
185	3019
186	2913
187	2943
188	2922
189	2831
190	2733
191	2826
192	2623
193	2710
194	2667
195	2579
196	2615
197	2560
198	2476
199	2477
200	2448
201	2460
202	2395
203	2411
204	2449
205	2335
206	2495
207	2329
208	2269
209	2124
210	2333
211	2149
212	2086
213	2106
214	2103
215	2097
216	2028
217	1986
218	1993
219	1944
220	1955
221	1905
222	1825
223	1821
224	1816
225	1801
226	1774
227	1764
228	1725
229	1744
230	1638
231	1755
232	1642
233	1610
234	1627
235	1713
236	1638
237	1595
238	1522
239	1538
240	1585
241	1531
242	1562
243	1528
244	1479
245	1488
246	1562
247	1457
248	1508
249	1410
250	1393
251	1405
252	1368
253	1421
254	1390
255	1309
256	1311
257	1320
258	1335
259	1291
260	1339
261	1292
262	1360
263	1283
264	1228
265	1268
266	1196
267	1176
268	1275
269	1256
270	1199
271	1172
272	1179
273	1196
274	1126
275	1109
276	1148
277	1138
278	1177
279	1099
280	1124
281	1071
282	1062
283	1068
284	1113
285	1010
286	1058
287	1003
288	1021
289	979
290	969
291	971
292	990
293	1011
294	954
295	958
296	1012
297	979
298	869
299	880
300	969
301	880
302	899
303	873
304	879
305	894
306	806
307	864
308	875
309	802
310	829
311	816
312	855
313	888
314	826
315	863
316	819
317	825
318	795
319	798
320	811
321	739
322	762
323	782
324	770
325	756
326	740
327	777
328	773
329	695
330	722
331	697
332	684
333	729
334	731
335	700
336	708
337	683
338	738
339	685
340	719
341	696
342	693
343	661
344	705
345	654
346	686
347	682
348	609
349	675
350	648
351	628
352	645
353	606
354	646
355	635
356	605
357	583
358	593
359	618
360	565
361	597
362	573
363	561
364	614
365	586
366	574
367	567
368	564
369	611
370	627
371	598
372	560
373	567
374	590
375	560
376	552
377	550
378	560
379	533
380	507
381	585
382	523
383	548
384	519
385	541
386	545
387	548
388	540
389	548
390	532
391	491
392	584
393	531
394	559
395	497
396	509
397	493
398	494
399	508
400	463
401	503
402	528
403	480
404	529
405	470
406	459
407	462
408	522
409	481
410	469
411	452
412	462
413	491
414	458
415	471
416	438
417	485
418	442
419	451
420	430
421	481
422	455
423	434
424	470
425	450
426	465
427	435
428	460
429	398
430	416
431	407
432	430
433	462
434	430
435	382
436	405
437	376
438	390
439	472
440	413
441	423
442	433
443	418
444	387
445	414
446	428
447	374
448	423
449	411
450	435
451	413
452	407
453	456
454	368
455	411
456	399
457	413
458	388
459	396
460	359
461	399
462	358
463	356
464	339
465	338
466	380
467	331
468	379
469	385
470	313
471	361
472	352
473	342
474	377
475	364
476	343
477	311
478	361
479	321
480	327
481	341
482	316
483	302
484	344
485	327
486	344
487	308
488	310
489	326
490	305
491	304
492	310
493	290
494	310
495	305
496	355
497	307
498	296
499	320
500	331
501	297
502	303
503	329
504	300
505	265
506	283
507	296
508	282
509	290
510	325
511	268
512	292
513	297
514	284
515	294
516	299
517	266
518	301
519	303
520	297
521	248
522	236
523	239
524	278
525	268
526	246
527	248
528	261
529	268
530	269
531	281
532	264
533	270
534	269
535	257
536	257
537	257
538	259
539	244
540	263
541	253
542	255
543	217
544	264
545	257
546	235
547	223
548	266
549	258
550	243
551	221
552	227
553	241
554	255
555	227
556	237
557	238
558	229
559	224
560	252
561	229
562	248
563	229
564	232
565	234
566	247
567	224
568	218
569	213
570	212
571	224
572	229
573	221
574	211
575	207
576	236
577	193
578	219
579	192
580	202
581	199
582	190
583	192
584	235
585	226
586	208
587	219
588	218
589	212
590	206
591	182
592	228
593	222
594	203
595	203
596	171
597	198
598	180
599	205
600	209
601	198
602	188
603	224
604	183
605	194
606	185
607	183
608	202
609	199
610	197
611	206
612	188
613	176
614	187
615	201
616	192
617	201
618	192
619	195
620	194
621	184
622	186
623	208
624	169
625	207
626	216
627	180
628	192
629	173
630	172
631	174
632	177
633	177
634	178
635	153
636	182
637	185
638	173
639	189
640	175
641	191
642	191
643	186
644	195
645	194
646	186
647	178
648	182
649	158
650	175
651	169
652	171
653	163
654	171
655	169
656	172
657	188
658	147
659	178
660	157
661	156
662	174
663	165
664	169
665	179
666	182
667	161
668	176
669	165
670	178
671	149
672	179
673	158
674	154
675	168
676	149
677	152
678	139
679	149
680	144
681	153
682	162
683	171
684	171
685	177
686	137
687	164
688	155
689	174
690	156
691	148
692	168
693	139
694	143
695	161
696	156
697	135
698	145
699	166
700	148
701	136
702	164
703	135
704	157
705	152
706	160
707	174
708	137
709	136
710	155
711	130
712	133
713	148
714	144
715	144
716	124
717	129
718	144
719	135
720	154
721	136
722	138
723	128
724	134
725	130
726	140
727	167
728	147
729	128
730	125
731	128
732	172
733	127
734	133
735	145
736	139
737	143
738	146
739	137
740	124
741	137
742	135
743	126
744	131
745	146
746	110
747	126
748	132
749	136
750	142
751	129
752	107
753	100
754	101
755	102
756	119
757	121
758	99
759	123
760	118
761	120
762	117
763	113
764	123
765	131
766	119
767	128
768	108
769	115
770	110
771	99
772	115
773	126
774	119
775	125
776	155
777	148
778	96
779	94
780	100
781	113
782	103
783	119
784	116
785	112
786	106
787	116
788	107
789	139
790	123
791	126
792	106
793	108
794	110
795	100
796	105
797	90
798	121
799	119
800	108
801	95
802	95
803	122
804	106
805	99
806	108
807	101
808	120
809	103
810	116
811	95
812	101
813	109
814	98
815	120
816	122
817	97
818	114
819	101
820	124
821	110
822	123
823	112
824	120
825	134
826	91
827	100
828	106
829	113
830	102
831	92
832	114
833	108
834	121
835	112
836	116
837	126
838	129
839	120
840	114
841	108
842	88
843	110
844	94
845	91
846	128
847	105
848	92
849	101
850	117
851	86
852	83
853	84
854	102
855	95
856	84
857	93
858	82
859	98
860	83
861	94
862	89
863	97
864	91
865	107
866	89
867	93
868	87
869	109
870	107
871	100
872	83
873	89
874	100
875	90
876	96
877	79
878	87
879	88
880	86
881	88
882	93
883	80
884	106
885	86
886	91
887	92
888	92
889	95
890	87
891	92
892	82
893	84
894	104
895	85
896	67
897	91
898	86
899	84
900	90
901	80
902	94
903	80
904	79
905	107
906	86
907	94
908	100
909	113
910	90
911	100
912	95
913	96
914	91
915	75
916	87
917	100
918	90
919	85
920	93
921	92
922	78
923	90
924	78
925	81
926	101
927	89
928	89
929	115
930	104
931	80
932	98
933	91
934	77
935	107
936	95
937	102
938	88
939	107
940	103
941	89
942	82
943	80
944	107
945	97
946	88
947	95
948	94
949	88
950	79
951	108
952	74
953	98
954	84
955	111
956	90
957	89
958	83
959	102
960	75
961	79
962	94
963	92
964	87
965	74
966	82
967	84
968	79
969	87
970	84
971	98
972	88
973	103
974	83
975	106
976	93
977	87
978	99
979	88
980	87
981	94
982	97
983	86
984	94
985	73
986	85
987	91
988	95
989	94
990	89
991	100
992	87
993	85
994	97
995	100
996	103
997	82
998	96
999	103
1000	106
1001	93
1002	109
1003	109
1004	92
1005	85
1006	105
1007	85
1008	94
1009	93
1010	97
1011	99
1012	83
1013	76
1014	100
1015	68
1016	97
1017	95
1018	84
1019	105
1020	99
1021	88
1022	96
1023	78
1024	88
1025	100
1026	72
1027	79
1028	88
1029	94
1030	85
1031	91
1032	94
1033	91
1034	113
1035	100
1036	87
1037	79
1038	84
1039	87
1040	87
1041	102
1042	92
1043	87
1044	102
1045	99
1046	84
1047	94
1048	96
1049	101
1050	109
1051	90
1052	94
1053	103
1054	99
1055	93
1056	92
1057	75
1058	108
1059	108
1060	103
1061	98
1062	98
1063	113
1064	98
1065	79
1066	122
1067	108
1068	92
1069	94
1070	86
1071	97
1072	90
1073	105
1074	108
1075	108
1076	91
1077	116
1078	118
1079	105
1080	96
1081	110
1082	92
1083	90
1084	95
1085	104
1086	85
1087	106
1088	93
1089	102
1090	114
1091	98
1092	104
1093	105
1094	117
1095	89
1096	96
1097	75
1098	113
1099	116
1100	94
1101	87
1102	104
1103	99
1104	91
1105	93
1106	124
1107	82
1108	97
1109	98
1110	106
1111	89
1112	101
1113	86
1114	76
1115	89
1116	89
1117	92
1118	97
1119	95
1120	106
1121	73
1122	99
1123	106
1124	98
1125	92
1126	101
1127	73
1128	74
1129	97
1130	78
1131	93
1132	73
1133	86
1134	73
1135	86
1136	90
1137	93
1138	77
1139	100
1140	101
1141	105
1142	91
1143	83
1144	95
1145	78
1146	96
1147	76
1148	97
1149	111
1150	86
1151	78
1152	86
1153	82
1154	84
1155	78
1156	95
1157	95
1158	96
1159	91
1160	95
1161	86
1162	87
1163	80
1164	85
1165	80
1166	68
1167	100
1168	74
1169	79
1170	86
1171	73
1172	85
1173	88
1174	69
1175	80
1176	70
1177	76
1178	67
1179	88
1180	67
1181	90
1182	71
1183	100
1184	108
1185	83
1186	86
1187	72
1188	73
1189	71
1190	83
1191	83
1192	81
1193	90
1194	101
1195	76
1196	72
1197	88
1198	97
1199	86
1200	75
1201	57
1202	89
1203	70
1204	80
1205	76
1206	67
1207	77
1208	73
1209	67
1210	71
1211	79
1212	78
1213	60
1214	80
1215	73
1216	58
1217	68
1218	69
1219	69
1220	69
1221	65
1222	59
1223	54
1224	56
1225	64
1226	60
1227	80
1228	65
1229	75
1230	80
1231	87
1232	61
1233	76
1234	51
1235	61
1236	52
1237	68
1238	59
1239	50
1240	63
1241	53
1242	69
1243	67
1244	70
1245	46
1246	68
1247	65
1248	60
1249	56
1250	59
1251	64
1252	43
1253	60
1254	63
1255	57
1256	56
1257	45
1258	59
1259	57
1260	59
1261	54
1262	63
1263	62
1264	50
1265	51
1266	43
1267	31
1268	41
1269	43
1270	57
1271	47
1272	50
1273	49
1274	50
1275	33
1276	67
1277	53
1278	42
1279	46
1280	50
1281	43
1282	55
1283	51
1284	39
1285	33
1286	48
1287	47
1288	43
1289	52
1290	52
1291	49
1292	52
1293	60
1294	39
1295	37
1296	58
1297	42
1298	43
1299	57
1300	45
1301	54
1302	58
1303	45
1304	59
1305	36
1306	43
1307	58
1308	51
1309	51
1310	48
1311	49
1312	39
1313	44
1314	51
1315	64
1316	44
1317	51
1318	49
1319	52
1320	52
1321	48
1322	45
1323	37
1324	45
1325	60
1326	53
1327	38
1328	68
1329	59
1330	52
1331	61
1332	50
1333	56
1334	44
1335	50
1336	57
1337	53
1338	43
1339	55
1340	42
1341	47
1342	56
1343	66
1344	53
1345	54
1346	68
1347	59
1348	32
1349	54
1350	44
1351	39
1352	48
1353	57
1354	52
1355	44
1356	54
1357	45
1358	38
1359	52
1360	40
1361	40
1362	58
1363	37
1364	41
1365	42
1366	48
1367	38
1368	60
1369	53
1370	50
1371	39
1372	45
1373	49
1374	58
1375	59
1376	49
1377	48
1378	59
1379	57
1380	51
1381	54
1382	44
1383	54
1384	56
1385	47
1386	38
1387	49
1388	50
1389	48
1390	41
1391	39
1392	49
1393	50
1394	52
1395	36
1396	33
1397	47
1398	48
1399	35
1400	37
1401	36
1402	33
1403	33
1404	42
1405	50
1406	47
1407	43
1408	46
1409	42
1410	33
1411	36
1412	34
1413	45
1414	46
1415	47
1416	48
1417	48
1418	46
1419	33
1420	56
1421	54
1422	42
1423	48
1424	43
1425	52
1426	52
1427	48
1428	39
1429	27
1430	33
1431	36
1432	45
1433	48
1434	33
1435	50
1436	47
1437	36
1438	52
1439	54
1440	46
1441	50
1442	45
1443	58
1444	51
1445	49
1446	52
1447	45
1448	57
1449	56
1450	53
1451	52
1452	43
1453	57
1454	47
1455	56
1456	63
1457	56
1458	65
1459	44
1460	44
1461	40
1462	40
1463	47
1464	46
1465	58
1466	48
1467	38
1468	49
1469	49
1470	45
1471	53
1472	49
1473	46
1474	34
1475	38
1476	47
1477	42
1478	43
1479	43
1480	47
1481	42
1482	30
1483	43
1484	47
1485	57
1486	42
1487	51
1488	50
1489	53
1490	55
1491	46
1492	45
1493	31
1494	36
1495	42
1496	48
1497	38
1498	47
1499	38
1500	47
1501	41
1502	62
1503	49
1504	40
1505	54
1506	42
1507	49
1508	37
1509	45
1510	45
1511	49
1512	35
1513	42
1514	52
1515	45
1516	44
1517	63
1518	49
1519	54
1520	47
1521	42
1522	50
1523	42
1524	48
1525	43
1526	52
1527	40
1528	52
1529	41
1530	34
1531	45
1532	50
1533	35
1534	45
1535	50
1536	44
1537	68
1538	41
1539	39
1540	33
1541	50
1542	45
1543	49
1544	31
1545	50
1546	35
1547	47
1548	49
1549	54
1550	39
1551	45
1552	55
1553	53
1554	63
1555	59
1556	45
1557	38
1558	41
1559	47
1560	46
1561	47
1562	42
1563	35
1564	41
1565	42
1566	43
1567	49
1568	35
1569	43
1570	41
1571	33
1572	46
1573	56
1574	47
1575	32
1576	40
1577	41
1578	42
1579	44
1580	43
1581	34
1582	54
1583	49
1584	42
1585	42
1586	46
1587	40
1588	42
1589	36
1590	40
1591	41
1592	34
1593	43
1594	38
1595	39
1596	42
1597	54
1598	42
1599	26
1600	45
1601	47
1602	38
1603	41
1604	41
1605	53
1606	47
1607	36
1608	43
1609	36
1610	49
1611	42
1612	40
1613	45
1614	46
1615	37
1616	53
1617	50
1618	50
1619	30
1620	44
1621	46
1622	32
1623	42
1624	34
1625	59
1626	34
1627	47
1628	41
1629	48
1630	45
1631	33
1632	45
1633	32
1634	38
1635	43
1636	48
1637	37
1638	42
1639	30
1640	44
1641	43
1642	37
1643	33
1644	42
1645	36
1646	34
1647	42
1648	32
1649	24
1650	42
1651	44
1652	39
1653	34
1654	33
1655	39
1656	31
1657	39
1658	32
1659	42
1660	30
1661	31
1662	34
1663	46
1664	38
1665	32
1666	44
1667	36
1668	26
1669	41
1670	35
1671	40
1672	37
1673	47
1674	30
1675	42
1676	34
1677	37
1678	40
1679	42
1680	25
1681	26
1682	31
1683	44
1684	31
1685	48
1686	45
1687	35
1688	40
1689	31
1690	30
1691	21
1692	36
1693	36
1694	27
1695	32
1696	28
1697	34
1698	46
1699	29
1700	47
1701	38
1702	28
1703	40
1704	41
1705	51
1706	29
1707	33
1708	36
1709	34
1710	50
1711	34
1712	40
1713	43
1714	34
1715	38
1716	35
1717	25
1718	32
1719	40
1720	44
1721	38
1722	41
1723	41
1724	54
1725	40
1726	38
1727	47
1728	42
1729	44
1730	32
1731	35
1732	37
1733	49
1734	51
1735	44
1736	32
1737	41
1738	33
1739	32
1740	39
1741	52
1742	48
1743	38
1744	40
1745	37
1746	42
1747	34
1748	46
1749	46
1750	42
1751	49
1752	54
1753	39
1754	38
1755	54
1756	53
1757	49
1758	35
1759	32
1760	40
1761	38
1762	34
1763	43
1764	34
1765	36
1766	34
1767	54
1768	42
1769	44
1770	40
1771	40
1772	40
1773	46
1774	39
1775	41
1776	30
1777	40
1778	39
1779	45
1780	35
1781	32
1782	29
1783	35
1784	33
1785	34
1786	32
1787	38
1788	41
1789	37
1790	24
1791	34
1792	30
1793	41
1794	40
1795	37
1796	42
1797	38
1798	42
1799	38
1800	42
1801	40
1802	38
1803	32
1804	31
1805	36
1806	38
1807	34
1808	39
1809	29
1810	44
1811	29
1812	30
1813	35
1814	33
1815	23
1816	32
1817	38
1818	30
1819	32
1820	24
1821	39
1822	37
1823	34
1824	34
1825	28
1826	35
1827	28
1828	50
1829	36
1830	33
1831	27
1832	40
1833	27
1834	23
1835	29
1836	30
1837	37
1838	36
1839	35
1840	35
1841	36
1842	31
1843	31
1844	32
1845	38
1846	43
1847	30
1848	30
1849	25
1850	37
1851	29
1852	31
1853	26
1854	42
1855	39
1856	29
1857	25
1858	32
1859	24
1860	20
1861	32
1862	32
1863	27
1864	42
1865	37
1866	36
1867	37
1868	24
1869	32
1870	39
1871	31
1872	37
1873	39
1874	35
1875	32
1876	39
1877	32
1878	25
1879	32
1880	32
1881	21
1882	41
1883	35
1884	37
1885	24
1886	45
1887	25
1888	18
1889	28
1890	44
1891	27
1892	38
1893	31
1894	30
1895	30
1896	32
1897	27
1898	36
1899	30
1900	27
1901	34
1902	30
1903	28
1904	20
1905	26
1906	28
1907	28
1908	29
1909	22
1910	31
1911	28
1912	27
1913	30
1914	31
1915	30
1916	46
1917	30
1918	37
1919	26
1920	30
1921	29
1922	22
1923	36
1924	27
1925	21
1926	20
1927	24
1928	39
1929	30
1930	37
1931	41
1932	31
1933	29
1934	25
1935	34
1936	34
1937	40
1938	26
1939	44
1940	39
1941	37
1942	41
1943	28
1944	38
1945	32
1946	34
1947	32
1948	37
1949	33
1950	24
1951	34
1952	39
1953	24
1954	32
1955	36
1956	36
1957	24
1958	34
1959	36
1960	29
1961	31
1962	31
1963	25
1964	29
1965	34
1966	29
1967	31
1968	23
1969	29
1970	45
1971	36
1972	38
1973	27
1974	37
1975	27
1976	32
1977	26
1978	23
1979	41
1980	33
1981	35
1982	32
1983	37
1984	27
1985	37
1986	33
1987	33
1988	30
1989	31
1990	28
1991	25
1992	29
1993	35
1994	32
1995	37
1996	33
1997	23
1998	36
1999	42
2000	33
2001	35
2002	37
2003	34
2004	40
2005	30
2006	24
2007	39
2008	31
2009	34
2010	44
2011	33
2012	38
2013	40
2014	44
2015	26
2016	23
2017	48
2018	44
2019	31
2020	40
2021	32
2022	40
2023	35
2024	33
2025	35
2026	37
2027	39
2028	34
2029	27
2030	30
2031	37
2032	28
2033	38
2034	28
2035	35
2036	42
2037	26
2038	40
2039	33
2040	33
2041	30
2042	32
2043	31
2044	34
2045	44
2046	23
2047	27
2048	24
2049	35
2050	28
2051	38
2052	24
2053	38
2054	26
2055	27
2056	29
2057	32
2058	38
2059	37
2060	33
2061	45
2062	35
2063	26
2064	47
2065	29
2066	23
2067	27
2068	29
2069	26
2070	32
2071	28
2072	22
2073	36
2074	41
2075	33
2076	33
2077	26
2078	32
2079	27
2080	31
2081	40
2082	41
2083	35
2084	28
2085	42
2086	38
2087	29
2088	33
2089	25
2090	36
2091	40
2092	37
2093	22
2094	28
2095	28
2096	37
2097	34
2098	40
2099	39
2100	34
2101	31
2102	33
2103	40
2104	41
2105	32
2106	47
2107	32
2108	25
2109	30
2110	36
2111	31
2112	41
2113	31
2114	34
2115	28
2116	31
2117	24
2118	35
2119	32
2120	41
2121	26
2122	30
2123	35
2124	40
2125	36
2126	32
2127	21
2128	33
2129	35
2130	27
2131	36
2132	30
2133	30
2134	29
2135	25
2136	28
2137	28
2138	23
2139	33
2140	33
2141	23
2142	37
2143	18
2144	32
2145	24
2146	36
2147	33
2148	38
2149	33
2150	29
2151	23
2152	27
2153	33
2154	22
2155	30
2156	33
2157	24
2158	31
2159	29
2160	38
2161	32
2162	31
2163	27
2164	28
2165	32
2166	25
2167	27
2168	33
2169	24
2170	31
2171	33
2172	32
2173	31
2174	29
2175	24
2176	31
2177	36
2178	38
2179	32
2180	26
2181	40
2182	44
2183	39
2184	24
2185	27
2186	32
2187	25
2188	31
2189	28
2190	33
2191	30
2192	36
2193	38
2194	27
2195	26
2196	30
2197	20
2198	20
2199	26
2200	29
2201	24
2202	26
2203	22
2204	32
2205	28
2206	32
2207	18
2208	33
2209	25
2210	36
2211	36
2212	32
2213	40
2214	29
2215	28
2216	27
2217	35
2218	22
2219	27
2220	35
2221	19
2222	29
2223	20
2224	33
2225	21
2226	19
2227	28
2228	20
2229	19
2230	25
2231	27
2232	34
2233	25
2234	24
2235	27
2236	26
2237	26
2238	18
2239	24
2240	23
2241	22
2242	28
2243	20
2244	19
2245	26
2246	23
2247	25
2248	19
2249	20
2250	20
2251	23
2252	25
2253	27
2254	24
2255	27
2256	38
2257	29
2258	28
2259	16
2260	33
2261	20
2262	19
2263	27
2264	34
2265	22
2266	18
2267	27
2268	31
2269	28
2270	18
2271	19
2272	26
2273	26
2274	28
2275	18
2276	18
2277	21
2278	21
2279	24
2280	25
2281	28
2282	21
2283	22
2284	26
2285	17
2286	16
2287	17
2288	30
2289	19
2290	16
2291	15
2292	22
2293	21
2294	15
2295	20
2296	17
2297	19
2298	22
2299	23
2300	30
2301	29
2302	21
2303	20
2304	13
2305	22
2306	19
2307	30
2308	41
2309	26
2310	22
2311	18
2312	19
2313	25
2314	20
2315	26
2316	26
2317	29
2318	21
2319	20
2320	23
2321	22
2322	23
2323	22
2324	24
2325	26
2326	27
2327	18
2328	22
2329	23
2330	24
2331	25
2332	21
2333	24
2334	16
2335	23
2336	20
2337	14
2338	23
2339	22
2340	23
2341	18
2342	28
2343	23
2344	23
2345	28
2346	25
2347	23
2348	25
2349	27
2350	22
2351	25
2352	25
2353	28
2354	30
2355	26
2356	31
2357	15
2358	27
2359	23
2360	21
2361	29
2362	24
2363	25
2364	27
2365	22
2366	24
2367	30
2368	21
2369	21
2370	21
2371	15
2372	26
2373	21
2374	19
2375	23
2376	29
2377	32
2378	31
2379	31
2380	22
2381	27
2382	23
2383	31
2384	17
2385	25
2386	24
2387	33
2388	25
2389	24
2390	18
2391	31
2392	22
2393	31
2394	31
2395	23
2396	38
2397	19
2398	33
2399	39
2400	23
2401	31
2402	20
2403	24
2404	28
2405	22
2406	28
2407	26
2408	34
2409	30
2410	34
2411	23
2412	31
2413	31
2414	25
2415	26
2416	33
2417	27
2418	29
2419	28
2420	34
2421	22
2422	26
2423	33
2424	29
2425	27
2426	36
2427	30
2428	24
2429	17
2430	22
2431	26
2432	40
2433	20
2434	28
2435	22
2436	30
2437	23
2438	25
2439	26
2440	27
2441	35
2442	23
2443	29
2444	31
2445	32
2446	17
2447	21
2448	23
2449	21
2450	18
2451	27
2452	20
2453	28
2454	30
2455	26
2456	35
2457	16
2458	26
2459	27
2460	37
2461	31
2462	23
2463	25
2464	31
2465	28
2466	34
2467	23
2468	22
2469	37
2470	29
2471	29
2472	24
2473	27
2474	24
2475	26
2476	25
2477	22
2478	22
2479	25
2480	25
2481	20
2482	24
2483	26
2484	25
2485	31
2486	23
2487	22
2488	19
2489	23
2490	28
2491	29
2492	21
2493	20
2494	14
2495	20
2496	20
2497	21
2498	27
2499	20
2500	17
2501	22
2502	25
2503	23
2504	24
2505	31
2506	22
2507	19
2508	29
2509	24
2510	16
2511	27
2512	28
2513	32
2514	17
2515	24
2516	16
2517	21
2518	23
2519	32
2520	18
2521	21
2522	28
2523	17
2524	23
2525	18
2526	33
2527	19
2528	23
2529	14
2530	20
2531	24
2532	23
2533	27
2534	26
2535	18
2536	23
2537	22
2538	18
2539	20
2540	25
2541	18
2542	27
2543	25
2544	19
2545	19
2546	15
2547	25
2548	19
2549	15
2550	25
2551	15
2552	23
2553	21
2554	14
2555	21
2556	12
2557	19
2558	19
2559	19
2560	14
2561	19
2562	29
2563	23
2564	12
2565	25
2566	21
2567	19
2568	20
2569	18
2570	24
2571	16
2572	25
2573	22
2574	26
2575	18
2576	27
2577	26
2578	24
2579	25
2580	19
2581	18
2582	14
2583	11
2584	22
2585	19
2586	20
2587	18
2588	18
2589	20
2590	23
2591	16
2592	18
2593	20
2594	15
2595	24
2596	14
2597	22
2598	17
2599	23
2600	22
2601	27
2602	22
2603	16
2604	16
2605	18
2606	27
2607	22
2608	17
2609	14
2610	18
2611	20
2612	23
2613	16
2614	26
2615	22
2616	22
2617	23
2618	20
2619	13
2620	17
2621	23
2622	21
2623	16
2624	20
2625	21
2626	18
2627	20
2628	15
2629	21
2630	14
2631	30
2632	25
2633	21
2634	17
2635	16
2636	24
2637	20
2638	18
2639	28
2640	24
2641	10
2642	14
2643	19
2644	14
2645	22
2646	21
2647	19
2648	17
2649	18
2650	19
2651	12
2652	9
2653	13
2654	9
2655	14
2656	14
2657	14
2658	18
2659	14
2660	16
2661	23
2662	11
2663	17
2664	12
2665	14
2666	16
2667	21
2668	17
2669	19
2670	20
2671	13
2672	16
2673	17
2674	16
2675	14
2676	13
2677	23
2678	11
2679	16
2680	21
2681	15
2682	19
2683	18
2684	15
2685	17
2686	9
2687	14
2688	12
2689	21
2690	25
2691	20
2692	28
2693	10
2694	11
2695	10
2696	23
2697	19
2698	22
2699	23
2700	16
2701	19
2702	19
2703	12
2704	20
2705	12
2706	21
2707	16
2708	17
2709	16
2710	14
2711	16
2712	19
2713	18
2714	16
2715	16
2716	21
2717	20
2718	21
2719	9
2720	18
2721	20
2722	20
2723	26
2724	24
2725	21
2726	14
2727	14
2728	23
2729	20
2730	30
2731	28
2732	14
2733	12
2734	16
2735	24
2736	24
2737	20
2738	24
2739	15
2740	16
2741	15
2742	20
2743	21
2744	24
2745	21
2746	18
2747	17
2748	33
2749	18
2750	23
2751	25
2752	27
2753	25
2754	19
2755	26
2756	26
2757	22
2758	21
2759	23
2760	27
2761	16
2762	21
2763	16
2764	17
2765	22
2766	27
2767	25
2768	20
2769	20
2770	20
2771	19
2772	29
2773	19
2774	25
2775	18
2776	18
2777	19
2778	27
2779	21
2780	20
2781	31
2782	18
2783	14
2784	22
2785	16
2786	20
2787	22
2788	17
2789	17
2790	18
2791	20
2792	22
2793	30
2794	22
2795	22
2796	24
2797	19
2798	20
2799	29
2800	24
2801	26
2802	25
2803	20
2804	22
2805	18
2806	28
2807	32
2808	21
2809	29
2810	26
2811	21
2812	15
2813	24
2814	23
2815	18
2816	27
2817	16
2818	28
2819	24
2820	25
2821	15
2822	18
2823	24
2824	25
2825	25
2826	23
2827	26
2828	21
2829	27
2830	20
2831	20
2832	16
2833	19
2834	18
2835	23
2836	21
2837	13
2838	16
2839	24
2840	25
2841	26
2842	16
2843	17
2844	16
2845	17
2846	23
2847	18
2848	28
2849	22
2850	22
2851	18
2852	18
2853	22
2854	13
2855	20
2856	24
2857	23
2858	23
2859	23
2860	22
2861	23
2862	17
2863	19
2864	19
2865	23
2866	15
2867	30
2868	21
2869	24
2870	14
2871	16
2872	21
2873	12
2874	24
2875	18
2876	19
2877	15
2878	18
2879	22
2880	21
2881	16
2882	30
2883	13
2884	19
2885	15
2886	15
2887	15
2888	14
2889	24
2890	19
2891	23
2892	12
2893	15
2894	18
2895	23
2896	26
2897	19
2898	17
2899	13
2900	27
2901	21
2902	23
2903	11
2904	16
2905	23
2906	24
2907	18
2908	19
2909	14
2910	13
2911	11
2912	8
2913	10
2914	15
2915	23
2916	8
2917	16
2918	16
2919	13
2920	11
2921	11
2922	24
2923	15
2924	16
2925	15
2926	15
2927	8
2928	14
2929	14
2930	15
2931	6
2932	11
2933	19
2934	11
2935	8
2936	11
2937	7
2938	13
2939	13
2940	7
2941	11
2942	11
2943	22
2944	12
2945	12
2946	12
2947	16
2948	12
2949	14
2950	13
2951	14
2952	8
2953	21
2954	8
2955	13
2956	7
2957	17
2958	9
2959	13
2960	14
2961	8
2962	10
2963	8
2964	19
2965	11
2966	14
2967	17
2968	5
2969	13
2970	15
2971	11
2972	15
2973	20
2974	11
2975	16
2976	15
2977	17
2978	22
2979	13
2980	17
2981	13
2982	12
2983	14
2984	4
2985	14
2986	15
2987	11
2988	9
2989	12
2990	10
2991	13
2992	20
2993	11
2994	17
2995	5
2996	19
2997	10
2998	16
2999	15
3000	6
3001	6
3002	22
3003	13
3004	14
3005	10
3006	14
3007	11
3008	18
3009	13
3010	8
3011	13
3012	16
3013	17
3014	13
3015	11
3016	10
3017	15
3018	9
3019	13
3020	10
3021	12
3022	16
3023	13
3024	16
3025	13
3026	13
3027	11
3028	12
3029	19
3030	13
3031	20
3032	12
3033	11
3034	11
3035	11
3036	11
3037	19
3038	13
3039	18
3040	10
3041	6
3042	7
3043	13
3044	13
3045	17
3046	17
3047	8
3048	13
3049	16
3050	14
3051	9
3052	17
3053	12
3054	14
3055	15
3056	6
3057	11
3058	14
3059	11
3060	10
3061	10
3062	16
3063	18
3064	14
3065	16
3066	14
3067	12
3068	13
3069	15
3070	11
3071	13
3072	17
3073	8
3074	13
3075	13
3076	17
3077	19
3078	14
3079	16
3080	19
3081	20
3082	17
3083	14
3084	21
3085	13
3086	13
3087	21
3088	9
3089	11
3090	21
3091	16
3092	18
3093	17
3094	21
3095	12
3096	14
3097	13
3098	19
3099	14
3100	9
3101	18
3102	13
3103	17
3104	20
3105	12
3106	11
3107	14
3108	20
3109	14
3110	11
3111	10
3112	17
3113	19
3114	19
3115	18
3116	15
3117	18
3118	15
3119	7
3120	12
3121	7
3122	10
3123	10
3124	10
3125	14
3126	14
3127	13
3128	12
3129	17
3130	18
3131	14
3132	8
3133	16
3134	12
3135	8
3136	11
3137	16
3138	13
3139	16
3140	18
3141	9
3142	17
3143	14
3144	8
3145	15
3146	11
3147	11
3148	10
3149	15
3150	13
3151	19
3152	14
3153	16
3154	13
3155	18
3156	16
3157	13
3158	15
3159	16
3160	17
3161	18
3162	9
3163	14
3164	12
3165	11
3166	13
3167	17
3168	12
3169	16
3170	12
3171	10
3172	13
3173	15
3174	18
3175	20
3176	12
3177	11
3178	10
3179	11
3180	16
3181	16
3182	20
3183	11
3184	14
3185	12
3186	6
3187	9
3188	11
3189	20
3190	15
3191	16
3192	14
3193	20
3194	13
3195	10
3196	16
3197	15
3198	6
3199	10
3200	13
3201	13
3202	14
3203	13
3204	10
3205	9
3206	16
3207	13
3208	13
3209	9
3210	11
3211	8
3212	13
3213	10
3214	9
3215	13
3216	16
3217	10
3218	9
3219	9
3220	9
3221	21
3222	17
3223	10
3224	14
3225	17
3226	14
3227	12
3228	14
3229	13
3230	12
3231	13
3232	17
3233	18
3234	18
3235	16
3236	11
3237	18
3238	15
3239	11
3240	17
3241	24
3242	19
3243	17
3244	13
3245	18
3246	16
3247	9
3248	16
3249	16
3250	16
3251	18
3252	10
3253	12
3254	12
3255	14
3256	16
3257	10
3258	9
3259	18
3260	11
3261	21
3262	14
3263	15
3264	13
3265	19
3266	16
3267	11
3268	15
3269	12
3270	12
3271	14
3272	15
3273	17
3274	19
3275	17
3276	14
3277	13
3278	13
3279	15
3280	16
3281	19
3282	15
3283	18
3284	17
3285	20
3286	14
3287	20
3288	16
3289	18
3290	8
3291	9
3292	14
3293	19
3294	18
3295	15
3296	16
3297	10
3298	11
3299	15
3300	14
3301	16
3302	16
3303	13
3304	18
3305	19
3306	12
3307	14
3308	15
3309	17
3310	9
3311	9
3312	15
3313	12
3314	14
3315	7
3316	9
3317	8
3318	19
3319	19
3320	15
3321	14
3322	18
3323	16
3324	16
3325	13
3326	14
3327	17
3328	4
3329	9
3330	20
3331	11
3332	17
3333	14
3334	10
3335	18
3336	18
3337	15
3338	16
3339	14
3340	14
3341	18
3342	17
3343	18
3344	10
3345	16
3346	13
3347	16
3348	19
3349	14
3350	14
3351	21
3352	7
3353	16
3354	12
3355	6
3356	15
3357	16
3358	25
3359	19
3360	10
3361	9
3362	12
3363	13
3364	23
3365	17
3366	13
3367	18
3368	16
3369	13
3370	14
3371	18
3372	17
3373	24
3374	16
3375	11
3376	16
3377	19
3378	24
3379	21
3380	10
3381	18
3382	19
3383	15
3384	18
3385	18
3386	14
3387	17
3388	15
3389	16
3390	14
3391	15
3392	20
3393	18
3394	17
3395	12
3396	20
3397	22
3398	15
3399	13
3400	13
3401	12
3402	16
3403	10
3404	18
3405	15
3406	25
3407	10
3408	16
3409	17
3410	16
3411	15
3412	17
3413	13
3414	11
3415	22
3416	12
3417	12
3418	16
3419	14
3420	13
3421	12
3422	12
3423	15
3424	18
3425	9
3426	13
3427	13
3428	15
3429	19
3430	13
3431	13
3432	11
3433	15
3434	18
3435	16
3436	16
3437	10
3438	5
3439	17
3440	15
3441	14
3442	19
3443	16
3444	15
3445	14
3446	16
3447	10
3448	12
3449	15
3450	20
3451	15
3452	11
3453	10
3454	14
3455	10
3456	12
3457	8
3458	18
3459	20
3460	12
3461	23
3462	15
3463	13
3464	14
3465	10
3466	21
3467	15
3468	18
3469	18
3470	16
3471	16
3472	16
3473	14
3474	15
3475	20
3476	20
3477	20
3478	14
3479	16
3480	18
3481	14
3482	12
3483	8
3484	12
3485	13
3486	15
3487	7
3488	14
3489	19
3490	18
3491	15
3492	14
3493	10
3494	14
3495	5
3496	16
3497	14
3498	12
3499	12
3500	13
3501	16
3502	10
3503	11
3504	14
3505	11
3506	15
3507	19
3508	13
3509	18
3510	16
3511	17
3512	13
3513	13
3514	18
3515	7
3516	15
3517	19
3518	9
3519	13
3520	14
3521	17
3522	17
3523	16
3524	9
3525	12
3526	15
3527	10
3528	10
3529	14
3530	11
3531	15
3532	12
3533	15
3534	16
3535	21
3536	15
3537	12
3538	17
3539	9
3540	12
3541	11
3542	15
3543	16
3544	14
3545	8
3546	10
3547	15
3548	12
3549	17
3550	13
3551	22
3552	16
3553	18
3554	14
3555	15
3556	11
3557	14
3558	13
3559	16
3560	12
3561	12
3562	11
3563	17
3564	10
3565	13
3566	17
3567	18
3568	13
3569	19
3570	13
3571	15
3572	12
3573	10
3574	13
3575	12
3576	13
3577	14
3578	8
3579	21
3580	7
3581	16
3582	21
3583	13
3584	15
3585	19
3586	15
3587	8
3588	15
3589	20
3590	14
3591	25
3592	11
3593	16
3594	13
3595	12
3596	11
3597	21
3598	15
3599	13
3600	13
3601	21
3602	14
3603	10
3604	15
3605	10
3606	10
3607	11
3608	20
3609	9
3610	14
3611	13
3612	15
3613	11
3614	10
3615	11
3616	9
3617	7
3618	14
3619	11
3620	14
3621	10
3622	17
3623	12
3624	5
3625	12
3626	12
3627	19
3628	16
3629	11
3630	21
3631	17
3632	15
3633	16
3634	11
3635	14
3636	15
3637	11
3638	17
3639	9
3640	14
3641	11
3642	14
3643	19
3644	10
3645	14
3646	14
3647	15
3648	7
3649	12
3650	17
3651	11
3652	15
3653	10
3654	15
3655	18
3656	14
3657	11
3658	16
3659	15
3660	16
3661	15
3662	14
3663	12
3664	17
3665	13
3666	13
3667	14
3668	12
3669	18
3670	11
3671	18
3672	14
3673	17
3674	15
3675	18
3676	12
3677	14
3678	13
3679	11
3680	11
3681	18
3682	14
3683	20
3684	11
3685	13
3686	11
3687	14
3688	15
3689	13
3690	17
3691	12
3692	15
3693	14
3694	10
3695	8
3696	19
3697	11
3698	5
3699	15
3700	7
3701	17
3702	17
3703	13
3704	16
3705	11
3706	17
3707	20
3708	11
3709	21
3710	18
3711	16
3712	12
3713	12
3714	14
3715	15
3716	17
3717	20
3718	18
3719	12
3720	17
3721	16
3722	14
3723	7
3724	13
3725	14
3726	12
3727	18
3728	18
3729	15
3730	12
3731	9
3732	13
3733	14
3734	10
3735	12
3736	20
3737	15
3738	10
3739	14
3740	11
3741	11
3742	13
3743	7
3744	13
3745	9
3746	18
3747	8
3748	9
3749	10
3750	13
3751	6
3752	11
3753	15
3754	14
3755	11
3756	13
3757	14
3758	12
3759	9
3760	10
3761	10
3762	8
3763	13
3764	15
3765	10
3766	13
3767	8
3768	18
3769	13
3770	7
3771	15
3772	8
3773	12
3774	13
3775	13
3776	16
3777	7
3778	10
3779	9
3780	11
3781	14
3782	8
3783	9
3784	12
3785	11
3786	8
3787	10
3788	13
3789	13
3790	8
3791	11
3792	11
3793	15
3794	13
3795	9
3796	14
3797	14
3798	15
3799	18
3800	6
3801	12
3802	12
3803	10
3804	15
3805	15
3806	14
3807	8
3808	14
3809	8
3810	11
3811	15
3812	12
3813	14
3814	15
3815	11
3816	8
3817	14
3818	9
3819	9
3820	11
3821	13
3822	14
3823	18
3824	13
3825	11
3826	13
3827	11
3828	11
3829	18
3830	10
3831	22
3832	19
3833	14
3834	10
3835	8
3836	11
3837	16
3838	10
3839	5
3840	13
3841	17
3842	15
3843	16
3844	17
3845	15
3846	15
3847	9
3848	17
3849	17
3850	11
3851	12
3852	16
3853	12
3854	11
3855	13
3856	17
3857	12
3858	13
3859	9
3860	13
3861	9
3862	11
3863	5
3864	14
3865	14
3866	10
3867	13
3868	10
3869	15
3870	14
3871	9
3872	11
3873	15
3874	8
3875	12
3876	13
3877	12
3878	16
3879	9
3880	14
3881	12
3882	17
3883	13
3884	12
3885	12
3886	16
3887	15
3888	10
3889	18
3890	8
3891	15
3892	7
3893	13
3894	17
3895	10
3896	17
3897	14
3898	16
3899	10
3900	16
3901	7
3902	7
3903	11
3904	8
3905	17
3906	11
3907	14
3908	15
3909	13
3910	11
3911	13
3912	9
3913	20
3914	16
3915	10
3916	13
3917	11
3918	9
3919	10
3920	15
3921	13
3922	17
3923	15
3924	15
3925	19
3926	12
3927	19
3928	14
3929	12
3930	14
3931	5
3932	8
3933	8
3934	9
3935	8
3936	12
3937	9
3938	11
3939	18
3940	9
3941	15
3942	14
3943	15
3944	5
3945	11
3946	11
3947	10
3948	9
3949	8
3950	5
3951	15
3952	12
3953	9
3954	10
3955	14
3956	10
3957	15
3958	16
3959	18
3960	16
3961	10
3962	9
3963	10
3964	16
3965	18
3966	12
3967	10
3968	17
3969	13
3970	13
3971	14
3972	13
3973	12
3974	11
3975	9
3976	11
3977	24
3978	18
3979	12
3980	10
3981	13
3982	11
3983	18
3984	23
3985	13
3986	20
3987	7
3988	8
3989	19
3990	11
3991	21
3992	16
3993	13
3994	12
3995	13
3996	12
3997	18
3998	16
3999	17
4000	18
4001	13
4002	17
4003	19
4004	19
4005	7
4006	13
4007	14
4008	14
4009	16
4010	15
4011	14
4012	20
4013	16
4014	11
4015	16
4016	6
4017	14
4018	11
4019	11
4020	15
4021	7
4022	9
4023	15
4024	14
4025	9
4026	7
4027	10
4028	19
4029	16
4030	13
4031	14
4032	9
4033	9
4034	12
4035	10
4036	14
4037	9
4038	14
4039	11
4040	14
4041	16
4042	15
4043	17
4044	11
4045	11
4046	11
4047	14
4048	23
4049	12
4050	15
4051	13
4052	9
4053	13
4054	17
4055	17
4056	11
4057	11
4058	12
4059	11
4060	13
4061	18
4062	12
4063	17
4064	18
4065	20
4066	17
4067	12
4068	15
4069	9
4070	14
4071	11
4072	15
4073	12
4074	20
4075	18
4076	11
4077	17
4078	10
4079	15
4080	16
4081	15
4082	13
4083	12
4084	9
4085	10
4086	14
4087	10
4088	21
4089	15
4090	17
4091	16
4092	18
4093	8
4094	13
4095	7
4096	12
4097	14
4098	8
4099	12
4100	9
4101	20
4102	16
4103	14
4104	14
4105	18
4106	22
4107	10
4108	19
4109	19
4110	18
4111	10
4112	14
4113	11
4114	14
4115	20
4116	10
4117	14
4118	15
4119	19
4120	16
4121	17
4122	10
4123	20
4124	17
4125	16
4126	17
4127	11
4128	10
4129	18
4130	14
4131	19
4132	14
4133	10
4134	12
4135	12
4136	19
4137	11
4138	22
4139	11
4140	8
4141	19
4142	16
4143	11
4144	19
4145	9
4146	18
4147	26
4148	10
4149	18
4150	18
4151	12
4152	10
4153	12
4154	11
4155	15
4156	19
4157	14
4158	10
4159	7
4160	7
4161	12
4162	11
4163	12
4164	18
4165	13
4166	15
4167	11
4168	10
4169	13
4170	12
4171	15
4172	15
4173	10
4174	9
4175	15
4176	12
4177	6
4178	16
4179	10
4180	11
4181	11
4182	11
4183	15
4184	10
4185	19
4186	15
4187	16
4188	12
4189	13
4190	8
4191	9
4192	11
4193	17
4194	13
4195	10
4196	12
4197	18
4198	17
4199	9
4200	17
4201	9
4202	12
4203	13
4204	7
4205	10
4206	7
4207	14
4208	13
4209	9
4210	13
4211	8
4212	14
4213	9
4214	7
4215	8
4216	7
4217	11
4218	16
4219	6
4220	13
4221	20
4222	6
4223	7
4224	13
4225	2
4226	9
4227	5
4228	14
4229	8
4230	10
4231	7
4232	16
4233	10
4234	13
4235	16
4236	14
4237	11
4238	12
4239	19
4240	14
4241	14
4242	10
4243	15
4244	11
4245	8
4246	10
4247	13
4248	14
4249	7
4250	10
4251	14
4252	11
4253	12
4254	16
4255	12
4256	8
4257	17
4258	9
4259	9
4260	11
4261	7
4262	11
4263	8
4264	6
4265	15
4266	12
4267	9
4268	13
4269	9
4270	14
4271	15
4272	13
4273	11
4274	18
4275	9
4276	10
4277	9
4278	9
4279	13
4280	14
4281	11
4282	9
4283	15
4284	14
4285	9
4286	10
4287	15
4288	12
4289	10
4290	14
4291	15
4292	11
4293	15
4294	10
4295	12
4296	11
4297	17
4298	9
4299	11
4300	9
4301	8
4302	5
4303	11
4304	10
4305	11
4306	4
4307	14
4308	15
4309	12
4310	15
4311	10
4312	11
4313	11
4314	15
4315	17
4316	13
4317	10
4318	9
4319	10
4320	8
4321	7
4322	9
4323	14
4324	10
4325	10
4326	11
4327	13
4328	7
4329	9
4330	10
4331	11
4332	12
4333	14
4334	16
4335	10
4336	11
4337	9
4338	8
4339	11
4340	12
4341	11
4342	11
4343	8
4344	7
4345	7
4346	15
4347	13
4348	11
4349	10
4350	7
4351	10
4352	10
4353	7
4354	10
4355	9
4356	10
4357	13
4358	8
4359	11
4360	15
4361	6
4362	13
4363	10
4364	7
4365	11
4366	9
4367	5
4368	13
4369	18
4370	5
4371	2
4372	10
4373	7
4374	10
4375	5
4376	13
4377	11
4378	9
4379	5
4380	17
4381	11
4382	12
4383	13
4384	14
4385	9
4386	10
4387	16
4388	15
4389	11
4390	10
4391	2
4392	8
4393	9
4394	5
4395	11
4396	8
4397	5
4398	12
4399	13
4400	6
4401	14
4402	5
4403	15
4404	5
4405	6
4406	10
4407	8
4408	10
4409	12
4410	6
4411	11
4412	9
4413	10
4414	12
4415	8
4416	8
4417	9
4418	9
4419	8
4420	9
4421	13
4422	13
4423	14
4424	9
4425	11
4426	5
4427	10
4428	7
4429	5
4430	7
4431	5
4432	7
4433	11
4434	5
4435	5
4436	7
4437	10
4438	9
4439	7
4440	5
4441	5
4442	14
4443	11
4444	7
4445	9
4446	11
4447	15
4448	14
4449	9
4450	11
4451	8
4452	8
4453	6
4454	6
4455	14
4456	7
4457	13
4458	11
4459	11
4460	14
4461	8
4462	8
4463	12
4464	7
4465	6
4466	8
4467	14
4468	10
4469	8
4470	10
4471	23
4472	9
4473	3
4474	11
4475	10
4476	8
4477	13
4478	10
4479	8
4480	11
4481	12
4482	8
4483	10
4484	7
4485	10
4486	16
4487	8
4488	15
4489	10
4490	10
4491	12
4492	8
4493	12
4494	16
4495	13
4496	16
4497	8
4498	7
4499	16
4500	14
4501	11
4502	10
4503	14
4504	10
4505	13
4506	18
4507	13
4508	14
4509	16
4510	12
4511	12
4512	17
4513	17
4514	19
4515	11
4516	7
4517	11
4518	10
4519	20
4520	18
4521	15
4522	10
4523	15
4524	17
4525	11
4526	11
4527	19
4528	19
4529	8
4530	12
4531	11
4532	18
4533	9
4534	9
4535	14
4536	14
4537	13
4538	9
4539	8
4540	15
4541	18
4542	10
4543	10
4544	15
4545	12
4546	7
4547	11
4548	19
4549	17
4550	16
4551	13
4552	15
4553	15
4554	18
4555	8
4556	8
4557	18
4558	12
4559	11
4560	14
4561	17
4562	9
4563	14
4564	10
4565	6
4566	6
4567	13
4568	9
4569	12
4570	7
4571	6
4572	16
4573	9
4574	10
4575	6
4576	13
4577	12
4578	11
4579	13
4580	15
4581	15
4582	7
4583	8
4584	9
4585	5
4586	7
4587	10
4588	15
4589	8
4590	9
4591	11
4592	9
4593	11
4594	11
4595	9
4596	9
4597	10
4598	13
4599	17
4600	11
4601	9
4602	10
4603	6
4604	16
4605	20
4606	8
4607	14
4608	14
4609	12
4610	12
4611	9
4612	18
4613	10
4614	19
4615	9
4616	12
4617	12
4618	13
4619	9
4620	11
4621	11
4622	11
4623	13
4624	14
4625	16
4626	14
4627	16
4628	13
4629	10
4630	9
4631	15
4632	13
4633	12
4634	12
4635	14
4636	8
4637	10
4638	10
4639	15
4640	18
4641	14
4642	10
4643	11
4644	9
4645	11
4646	11
4647	16
4648	13
4649	17
4650	14
4651	10
4652	12
4653	10
4654	11
4655	13
4656	9
4657	15
4658	9
4659	11
4660	11
4661	8
4662	6
4663	9
4664	6
4665	13
4666	10
4667	12
4668	11
4669	7
4670	17
4671	12
4672	6
4673	16
4674	18
4675	7
4676	18
4677	15
4678	9
4679	8
4680	4
4681	12
4682	16
4683	9
4684	8
4685	8
4686	8
4687	9
4688	9
4689	9
4690	13
4691	18
4692	7
4693	14
4694	8
4695	10
4696	12
4697	12
4698	13
4699	12
4700	9
4701	11
4702	19
4703	10
4704	16
4705	11
4706	17
4707	21
4708	15
4709	9
4710	20
4711	13
4712	15
4713	14
4714	10
4715	10
4716	12
4717	15
4718	9
4719	20
4720	13
4721	19
4722	18
4723	13
4724	12
4725	10
4726	11
4727	22
4728	13
4729	12
4730	19
4731	11
4732	14
4733	14
4734	15
4735	26
4736	15
4737	19
4738	21
4739	17
4740	12
4741	20
4742	9
4743	11
4744	16
4745	9
4746	13
4747	15
4748	15
4749	18
4750	19
4751	17
4752	16
4753	16
4754	10
4755	16
4756	16
4757	14
4758	20
4759	14
4760	11
4761	12
4762	16
4763	15
4764	12
4765	11
4766	17
4767	5
4768	18
4769	12
4770	9
4771	14
4772	13
4773	12
4774	15
4775	14
4776	12
4777	14
4778	14
4779	12
4780	12
4781	16
4782	13
4783	14
4784	18
4785	17
4786	8
4787	11
4788	11
4789	12
4790	11
4791	18
4792	16
4793	12
4794	13
4795	6
4796	8
4797	21
4798	14
4799	13
4800	9
4801	14
4802	17
4803	10
4804	10
4805	13
4806	14
4807	16
4808	15
4809	20
4810	10
4811	11
4812	17
4813	16
4814	13
4815	11
4816	19
4817	18
4818	6
4819	14
4820	15
4821	14
4822	15
4823	18
4824	20
4825	8
4826	14
4827	16
4828	11
4829	13
4830	10
4831	12
4832	13
4833	12
4834	14
4835	17
4836	11
4837	14
4838	11
4839	17
4840	16
4841	16
4842	17
4843	12
4844	12
4845	14
4846	15
4847	25
4848	14
4849	15
4850	15
4851	16
4852	22
4853	18
4854	14
4855	14
4856	14
4857	12
4858	14
4859	13
4860	23
4861	14
4862	15
4863	22
4864	10
4865	12
4866	15
4867	13
4868	9
4869	19
4870	12
4871	15
4872	17
4873	14
4874	12
4875	16
4876	12
4877	13
4878	20
4879	26
4880	13
4881	20
4882	17
4883	13
4884	15
4885	14
4886	10
4887	12
4888	15
4889	12
4890	10
4891	15
4892	14
4893	12
4894	21
4895	15
4896	21
4897	20
4898	14
4899	13
4900	21
4901	9
4902	27
4903	14
4904	16
4905	10
4906	21
4907	17
4908	13
4909	12
4910	13
4911	18
4912	10
4913	18
4914	23
4915	12
4916	23
4917	22
4918	16
4919	18
4920	17
4921	19
4922	9
4923	15
4924	20
4925	9
4926	14
4927	16
4928	23
4929	16
4930	13
4931	18
4932	10
4933	16
4934	22
4935	10
4936	15
4937	19
4938	18
4939	16
4940	18
4941	14
4942	14
4943	15
4944	14
4945	18
4946	14
4947	13
4948	12
4949	13
4950	11
4951	10
4952	11
4953	4
4954	19
4955	16
4956	8
4957	14
4958	16
4959	14
4960	13
4961	20
4962	12
4963	15
4964	20
4965	6
4966	9
4967	8
4968	14
4969	13
4970	11
4971	11
4972	15
4973	14
4974	10
4975	8
4976	17
4977	20
4978	12
4979	19
4980	19
4981	22
4982	13
4983	16
4984	22
4985	22
4986	18
4987	17
4988	18
4989	21
4990	18
4991	16
4992	25
4993	10
4994	15
4995	13
4996	16
4997	11
4998	17
4999	14
5000	13
5001	9
5002	14
5003	19
5004	17
5005	13
5006	15
5007	12
5008	14
5009	17
5010	9
5011	11
5012	18
5013	12
5014	17
5015	18
5016	14
5017	20
5018	15
5019	10
5020	12
5021	9
5022	9
5023	14
5024	12
5025	8
5026	17
5027	12
5028	13
5029	11
5030	11
5031	9
5032	17
5033	22
5034	18
5035	13
5036	11
5037	9
5038	15
5039	15
5040	17
5041	8
5042	12
5043	12
5044	9
5045	14
5046	9
5047	8
5048	6
5049	10
5050	13
5051	15
5052	20
5053	8
5054	13
5055	9
5056	11
5057	9
5058	19
5059	12
5060	18
5061	12
5062	9
5063	7
5064	9
5065	13
5066	12
5067	11
5068	12
5069	9
5070	12
5071	8
5072	11
5073	13
5074	15
5075	5
5076	9
5077	21
5078	11
5079	13
5080	11
5081	9
5082	8
5083	9
5084	17
5085	16
5086	20
5087	12
5088	11
5089	16
5090	13
5091	11
5092	12
5093	10
5094	8
5095	8
5096	15
5097	13
5098	12
5099	13
5100	15
5101	14
5102	11
5103	10
5104	8
5105	12
5106	11
5107	8
5108	14
5109	11
5110	9
5111	8
5112	5
5113	15
5114	12
5115	17
5116	10
5117	10
5118	10
5119	23
5120	11
5121	7
5122	11
5123	13
5124	15
5125	7
5126	8
5127	10
5128	18
5129	14
5130	10
5131	22
5132	13
5133	10
5134	10
5135	7
5136	13
5137	11
5138	15
5139	6
5140	6
5141	9
5142	6
5143	16
5144	10
5145	9
5146	14
5147	7
5148	8
5149	12
5150	12
5151	13
5152	10
5153	10
5154	6
5155	1
5156	14
5157	15
5158	12
5159	11
5160	10
5161	11
5162	11
5163	13
5164	7
5165	8
5166	14
5167	10
5168	6
5169	11
5170	14
5171	7
5172	15
5173	9
5174	13
5175	15
5176	7
5177	11
5178	5
5179	14
5180	6
5181	9
5182	15
5183	12
5184	9
5185	12
5186	12
5187	19
5188	11
5189	9
5190	12
5191	11
5192	13
5193	15
5194	13
5195	13
5196	11
5197	8
5198	16
5199	9
5200	12
5201	12
5202	12
5203	16
5204	8
5205	19
5206	14
5207	12
5208	14
5209	11
5210	12
5211	14
5212	11
5213	11
5214	12
5215	15
5216	21
5217	19
5218	10
5219	10
5220	7
5221	11
5222	13
5223	10
5224	12
5225	17
5226	9
5227	14
5228	8
5229	9
5230	8
5231	11
5232	11
5233	8
5234	11
5235	10
5236	11
5237	10
5238	7
5239	8
5240	15
5241	8
5242	16
5243	13
5244	7
5245	10
5246	13
5247	8
5248	9
5249	7
5250	7
5251	11
5252	15
5253	14
5254	10
5255	5
5256	9
5257	8
5258	4
5259	3
5260	7
5261	7
5262	10
5263	10
5264	6
5265	7
5266	9
5267	12
5268	11
5269	7
5270	9
5271	10
5272	18
5273	6
5274	12
5275	16
5276	11
5277	7
5278	11
5279	10
5280	18
5281	8
5282	9
5283	14
5284	13
5285	13
5286	11
5287	8
5288	6
5289	7
5290	13
5291	8
5292	16
5293	11
5294	17
5295	15
5296	10
5297	11
5298	6
5299	11
5300	11
5301	12
5302	8
5303	10
5304	8
5305	13
5306	10
5307	12
5308	13
5309	5
5310	4
5311	10
5312	9
5313	5
5314	8
5315	10
5316	16
5317	13
5318	11
5319	15
5320	10
5321	10
5322	7
5323	8
5324	10
5325	5
5326	4
5327	9
5328	8
5329	11
5330	8
5331	7
5332	14
5333	8
5334	7
5335	9
5336	8
5337	8
5338	8
5339	9
5340	13
5341	6
5342	6
5343	4
5344	9
5345	12
5346	10
5347	14
5348	7
5349	5
5350	8
5351	6
5352	12
5353	7
5354	4
5355	11
5356	11
5357	12
5358	6
5359	5
5360	9
5361	10
5362	7
5363	7
5364	4
5365	7
5366	12
5367	7
5368	7
5369	12
5370	4
5371	9
5372	7
5373	8
5374	9
5375	7
5376	3
5377	7
5378	5
5379	6
5380	11
5381	7
5382	9
5383	2
5384	7
5385	10
5386	8
5387	6
5388	6
5389	11
5390	11
5391	7
5392	9
5393	11
5394	5
5395	11
5396	7
5397	6
5398	4
5399	12
5400	9
5401	10
5402	5
5403	8
5404	9
5405	10
5406	6
5407	11
5408	7
5409	7
5410	10
5411	7
5412	8
5413	14
5414	6
5415	8
5416	12
5417	10
5418	6
5419	16
5420	5
5421	6
5422	6
5423	10
5424	5
5425	9
5426	8
5427	4
5428	7
5429	8
5430	7
5431	12
5432	10
5433	9
5434	13
5435	8
5436	11
5437	10
5438	4
5439	8
5440	7
5441	7
5442	10
5443	5
5444	7
5445	8
5446	7
5447	11
5448	9
5449	4
5450	8
5451	4
5452	12
5453	9
5454	7
5455	13
5456	7
5457	6
5458	5
5459	14
5460	3
5461	7
5462	4
5463	7
5464	7
5465	3
5466	4
5467	6
5468	9
5469	6
5470	7
5471	11
5472	9
5473	8
5474	7
5475	7
5476	5
5477	3
5478	6
5479	7
5480	7
5481	5
5482	7
5483	9
5484	6
5485	2
5486	5
5487	5
5488	13
5489	10
5490	8
5491	8
5492	6
5493	7
5494	5
5495	1
5496	9
5497	7
5498	7
5499	4
5500	5
5501	5
5502	6
5503	6
5504	9
5505	5
5506	7
5507	3
5508	9
5509	2
5510	2
5511	4
5512	6
5513	9
5514	7
5515	12
5516	5
5517	5
5518	4
5519	5
5520	7
5521	2
5522	10
5523	5
5524	4
5525	4
5526	6
5527	4
5528	6
5529	2
5530	10
5531	5
5532	11
5533	9
5534	19
5535	8
5536	4
5537	8
5538	10
5539	9
5540	7
5541	6
5542	2
5543	5
5544	10
5545	10
5546	4
5547	10
5548	4
5549	10
5550	5
5551	8
5552	5
5553	4
5554	5
5555	6
5556	6
5557	4
5558	8
5559	6
5560	9
5561	4
5562	10
5563	7
5564	9
5565	4
5566	5
5567	9
5568	11
5569	5
5570	6
5571	5
5572	8
5573	6
5574	6
5575	8
5576	4
5577	9
5578	7
5579	4
5580	5
5581	14
5582	4
5583	8
5584	3
5585	4
5586	5
5587	3
5588	9
5589	3
5590	4
5591	4
5592	7
5593	6
5594	6
5595	7
5596	6
5597	9
5598	5
5599	5
5600	6
5601	6
5602	4
5603	6
5604	9
5605	7
5606	6
5607	7
5608	10
5609	11
5610	10
5611	4
5612	6
5613	11
5614	6
5615	8
5616	6
5617	4
5618	8
5619	5
5620	4
5621	8
5622	5
5623	5
5624	1
5625	6
5626	5
5627	10
5628	6
5629	11
5630	2
5631	3
5632	6
5633	1
5634	6
5635	12
5636	6
5637	0
5638	6
5639	6
5640	7
5641	5
5642	2
5643	6
5644	6
5645	3
5646	4
5647	5
5648	4
5649	4
5650	10
5651	8
5652	10
5653	9
5654	4
5655	8
5656	4
5657	4
5658	7
5659	5
5660	5
5661	10
5662	4
5663	2
5664	5
5665	7
5666	6
5667	5
5668	3
5669	4
5670	7
5671	4
5672	10
5673	2
5674	2
5675	3
5676	2
5677	6
5678	6
5679	5
5680	4
5681	7
5682	3
5683	3
5684	4
5685	8
5686	7
5687	4
5688	7
5689	5
5690	0
5691	4
5692	3
5693	8
5694	6
5695	5
5696	5
5697	5
5698	2
5699	4
5700	3
5701	5
5702	4
5703	4
5704	4
5705	6
5706	2
5707	4
5708	5
5709	2
5710	4
5711	7
5712	2
5713	3
5714	3
5715	6
5716	7
5717	4
5718	5
5719	4
5720	5
5721	4
5722	8
5723	6
5724	8
5725	5
5726	3
5727	7
5728	7
5729	3
5730	6
5731	2
5732	4
5733	4
5734	4
5735	3
5736	2
5737	2
5738	2
5739	3
5740	3
5741	5
5742	4
5743	1
5744	2
5745	2
5746	4
5747	3
5748	2
5749	4
5750	9
5751	3
5752	3
5753	3
5754	3
5755	4
5756	5
5757	1
5758	1
5759	3
5760	3
5761	3
5762	1
5763	2
5764	2
5765	1
5766	1
5767	7
5768	5
5769	2
5770	3
5771	4
5772	6
5773	3
5774	1
5775	2
5776	6
5777	1
5778	4
5779	3
5780	7
5781	1
5782	3
5783	5
5784	2
5785	2
5786	1
5787	1
5788	1
5789	2
5790	2
5791	1
5792	3
5793	2
5794	0
5795	2
5796	2
5797	3
5798	4
5799	4
5800	1
5801	4
5802	2
5803	5
5804	0
5805	1
5806	6
5807	9
5808	7
5809	1
5810	0
5811	1
5812	2
5813	5
5814	5
5815	2
5816	4
5817	3
5818	3
5819	3
5820	5
5821	4
5822	4
5823	1
5824	3
5825	2
5826	2
5827	4
5828	6
5829	2
5830	2
5831	2
5832	7
5833	2
5834	4
5835	5
5836	4
5837	5
5838	8
5839	2
5840	5
5841	6
5842	4
5843	1
5844	0
5845	2
5846	7
5847	2
5848	5
5849	4
5850	3
5851	4
5852	5
5853	1
5854	2
5855	2
5856	1
5857	1
5858	7
5859	5
5860	2
5861	7
5862	5
5863	2
5864	4
5865	3
5866	4
5867	4
5868	3
5869	2
5870	5
5871	2
5872	5
5873	2
5874	3
5875	1
5876	4
5877	2
5878	3
5879	0
5880	5
5881	3
5882	3
5883	6
5884	2
5885	0
5886	4
5887	3
5888	1
5889	4
5890	4
5891	3
5892	7
5893	2
5894	3
5895	5
5896	6
5897	5
5898	5
5899	1
5900	3
5901	2
5902	3
5903	2
5904	1
5905	6
5906	3
5907	5
5908	3
5909	4
5910	8
5911	5
5912	7
5913	9
5914	7
5915	1
5916	1
5917	0
5918	2
5919	3
5920	0
5921	0
5922	0
5923	2
5924	5
5925	2
5926	2
5927	3
5928	3
5929	3
5930	4
5931	4
5932	3
5933	3
5934	0
5935	1
5936	2
5937	0
5938	6
5939	4
5940	1
5941	5
5942	1
5943	4
5944	3
5945	4
5946	2
5947	1
5948	4
5949	6
5950	7
5951	3
5952	3
5953	4
5954	3
5955	6
5956	5
5957	2
5958	1
5959	2
5960	5
5961	6
5962	2
5963	6
5964	6
5965	2
5966	7
5967	2
5968	4
5969	2
5970	4
5971	4
5972	9
5973	1
5974	1
5975	3
5976	2
5977	5
5978	2
5979	4
5980	1
5981	4
5982	4
5983	5
5984	3
5985	1
5986	4
5987	3
5988	3
5989	5
5990	1
5991	4
5992	3
5993	2
5994	9
5995	6
5996	1
5997	2
5998	3
5999	1
6000	6
6001	1
6002	0
6003	3
6004	6
6005	1
6006	2
6007	3
6008	1
6009	3
6010	3
6011	1
6012	4
6013	4
6014	3
6015	4
6016	1
6017	4
6018	2
6019	7
6020	3
6021	0
6022	3
6023	5
6024	1
6025	1
6026	3
6027	2
6028	5
6029	2
6030	1
6031	1
6032	4
6033	3
6034	1
6035	3
6036	5
6037	7
6038	3
6039	2
6040	4
6041	3
6042	6
6043	8
6044	6
6045	2
6046	7
6047	1
6048	2
6049	5
6050	1
6051	2
6052	7
6053	1
6054	0
6055	2
6056	4
6057	8
6058	4
6059	5
6060	3
6061	1
6062	4
6063	3
6064	2
6065	4
6066	6
6067	1
6068	3
6069	1
6070	2
6071	3
6072	4
6073	2
6074	3
6075	2
6076	3
6077	2
6078	1
6079	2
6080	2
6081	5
6082	1
6083	2
6084	3
6085	0
6086	4
6087	3
6088	3
6089	2
6090	4
6091	1
6092	2
6093	1
6094	1
6095	0
6096	3
6097	6
6098	5
6099	3
6100	3
6101	4
6102	2
6103	5
6104	1
6105	1
6106	1
6107	6
6108	3
6109	1
6110	3
6111	2
6112	4
6113	7
6114	2
6115	2
6116	7
6117	6
6118	1
6119	5
6120	5
6121	1
6122	3
6123	3
6124	0
6125	2
6126	5
6127	3
6128	1
6129	1
6130	2
6131	2
6132	6
6133	3
6134	2
6135	2
6136	2
6137	4
6138	2
6139	4
6140	4
6141	2
6142	3
6143	3
6144	8
6145	5
6146	2
6147	1
6148	1
6149	2
6150	3
6151	1
6152	6
6153	3
6154	2
6155	3
6156	2
6157	2
6158	4
6159	2
6160	2
6161	0
6162	4
6163	5
6164	3
6165	2
6166	2
6167	5
6168	0
6169	4
6170	4
6171	2
6172	3
6173	4
6174	0
6175	0
6176	5
6177	3
6178	1
6179	2
6180	8
6181	1
6182	4
6183	1
6184	2
6185	6
6186	3
6187	3
6188	1
6189	3
6190	4
6191	7
6192	0
6193	1
6194	0
6195	3
6196	3
6197	1
6198	3
6199	5
6200	4
6201	2
6202	3
6203	2
6204	1
6205	1
6206	3
6207	5
6208	1
6209	3
6210	2
6211	4
6212	6
6213	7
6214	1
6215	2
6216	2
6217	2
6218	2
6219	7
6220	6
6221	2
6222	2
6223	2
6224	4
6225	4
6226	3
6227	6
6228	2
6229	5
6230	1
6231	2
6232	7
6233	1
6234	5
6235	1
6236	4
6237	2
6238	3
6239	5
6240	4
6241	8
6242	6
6243	1
6244	1
6245	1
6246	1
6247	3
6248	2
6249	0
6250	2
6251	3
6252	1
6253	1
6254	0
6255	3
6256	7
6257	3
6258	4
6259	3
6260	2
6261	1
6262	3
6263	2
6264	2
6265	2
6266	2
6267	1
6268	4
6269	4
6270	1
6271	4
6272	2
6273	2
6274	4
6275	2
6276	0
6277	2
6278	1
6279	3
6280	0
6281	3
6282	2
6283	1
6284	5
6285	4
6286	2
6287	1
6288	1
6289	6
6290	3
6291	2
6292	4
6293	1
6294	5
6295	4
6296	2
6297	8
6298	2
6299	2
6300	1
6301	4
6302	3
6303	2
6304	4
6305	3
6306	5
6307	2
6308	4
6309	1
6310	1
6311	2
6312	1
6313	3
6314	2
6315	4
6316	4
6317	0
6318	2
6319	3
6320	2
6321	0
6322	4
6323	4
6324	1
6325	1
6326	2
6327	2
6328	3
6329	6
6330	1
6331	2
6332	2
6333	0
6334	3
6335	3
6336	2
6337	5
6338	4
6339	2
6340	1
6341	1
6342	3
6343	1
6344	0
6345	0
6346	3
6347	6
6348	3
6349	4
6350	2
6351	1
6352	1
6353	2
6354	2
6355	1
6356	3
6357	2
6358	0
6359	0
6360	3
6361	3
6362	2
6363	4
6364	0
6365	1
6366	2
6367	4
6368	2
6369	1
6370	6
6371	2
6372	8
6373	3
6374	1
6375	5
6376	1
6377	2
6378	2
6379	3
6380	7
6381	0
6382	3
6383	4
6384	2
6385	1
6386	1
6387	4
6388	4
6389	1
6390	1
6391	3
6392	1
6393	1
6394	3
6395	2
6396	2
6397	0
6398	6
6399	1
6400	6
6401	5
6402	2
6403	5
6404	3
6405	0
6406	2
6407	3
6408	0
6409	2
6410	1
6411	2
6412	2
6413	4
6414	3
6415	2
6416	3
6417	2
6418	3
6419	0
6420	4
6421	2
6422	4
6423	3
6424	4
6425	2
6426	2
6427	2
6428	4
6429	3
6430	1
6431	3
6432	6
6433	4
6434	3
6435	5
6436	2
6437	2
6438	1
6439	7
6440	1
6441	2
6442	1
6443	5
6444	3
6445	1
6446	1
6447	3
6448	2
6449	4
6450	2
6451	1
6452	3
6453	4
6454	3
6455	0
6456	3
6457	2
6458	2
6459	2
6460	2
6461	4
6462	3
6463	2
6464	1
6465	4
6466	2
6467	0
6468	1
6469	2
6470	2
6471	1
6472	3
6473	3
6474	4
6475	3
6476	1
6477	0
6478	2
6479	2
6480	0
6481	1
6482	1
6483	3
6484	3
6485	4
6486	2
6487	1
6488	2
6489	3
6490	2
6491	2
6492	1
6493	5
6494	1
6495	1
6496	2
6497	3
6498	1
6499	2
6500	1
6501	5
6502	1
6503	4
6504	3
6505	1
6506	1
6507	4
6508	2
6509	5
6510	3
6511	3
6512	1
6513	3
6514	3
6515	3
6516	3
6517	3
6518	2
6519	3
6520	1
6521	3
6522	2
6523	1
6524	2
6525	0
6526	2
6527	4
6528	0
6529	6
6530	3
6531	2
6532	0
6533	5
6534	1
6535	0
6536	2
6537	2
6538	1
6539	1
6540	4
6541	2
6542	1
6543	1
6544	4
6545	4
6546	3
6547	2
6548	3
6549	3
6550	1
6551	3
6552	2
6553	4
6554	1
6555	2
6556	3
6557	1
6558	5
6559	0
6560	6
6561	3
6562	2
6563	1
6564	1
6565	2
6566	1
6567	1
6568	2
6569	1
6570	1
6571	2
6572	5
6573	2
6574	0
6575	4
6576	2
6577	2
6578	2
6579	0
6580	0
6581	1
6582	2
6583	2
6584	1
6585	1
6586	1
6587	1
6588	2
6589	1
6590	2
6591	1
6592	2
6593	3
6594	3
6595	4
6596	3
6597	0
6598	0
6599	1
6600	5
6601	0
6602	2
6603	4
6604	3
6605	2
6606	7
6607	4
6608	2
6609	2
6610	4
6611	1
6612	4
6613	2
6614	3
6615	3
6616	1
6617	3
6618	1
6619	0
6620	2
6621	1
6622	3
6623	1
6624	4
6625	3
6626	1
6627	0
6628	2
6629	2
6630	1
6631	1
6632	0
6633	1
6634	3
6635	2
6636	0
6637	2
6638	1
6639	2
6640	5
6641	2
6642	0
6643	1
6644	0
6645	2
6646	1
6647	2
6648	1
6649	2
6650	3
6651	1
6652	5
6653	4
6654	1
6655	1
6656	4
6657	3
6658	1
6659	0
6660	5
6661	1
6662	5
6663	6
6664	0
6665	1
6666	1
6667	4
6668	4
6669	5
6670	1
6671	1
6672	0
6673	3
6674	2
6675	2
6676	1
6677	0
6678	2
6679	5
6680	2
6681	2
6682	3
6683	2
6684	3
6685	4
6686	2
6687	1
6688	1
6689	3
6690	3
6691	5
6692	2
6693	1
6694	0
6695	0
6696	2
6697	4
6698	3
6699	0
6700	2
6701	4
6702	1
6703	1
6704	3
6705	2
6706	2
6707	2
6708	2
6709	2
6710	2
6711	3
6712	1
6713	1
6714	3
6715	2
6716	2
6717	0
6718	4
6719	1
6720	0
6721	5
6722	2
6723	2
6724	8
6725	2
6726	1
6727	2
6728	4
6729	4
6730	6
6731	2
6732	3
6733	2
6734	1
6735	0
6736	3
6737	1
6738	1
6739	3
6740	4
6741	2
6742	4
6743	2
6744	2
6745	3
6746	0
6747	3
6748	0
6749	1
6750	3
6751	1
6752	1
6753	1
6754	1
6755	3
6756	2
6757	5
6758	0
6759	1
6760	3
6761	1
6762	2
6763	2
6764	3
6765	0
6766	3
6767	3
6768	1
6769	4
6770	2
6771	3
6772	1
6773	0
6774	2
6775	1
6776	1
6777	0
6778	2
6779	1
6780	2
6781	3
6782	4
6783	1
6784	1
6785	2
6786	2
6787	1
6788	2
6789	3
6790	2
6791	2
6792	1
6793	1
6794	4
6795	4
6796	2
6797	2
6798	1
6799	2
6800	1
6801	3
6802	1
6803	3
6804	1
6805	1
6806	2
6807	4
6808	1
6809	3
6810	2
6811	3
6812	1
6813	2
6814	1
6815	0
6816	2
6817	2
6818	1
6819	3
6820	0
6821	2
6822	4
6823	1
6824	2
6825	0
6826	0
6827	3
6828	2
6829	0
6830	1
6831	3
6832	3
6833	0
6834	0
6835	3
6836	2
6837	2
6838	1
6839	0
6840	3
6841	1
6842	3
6843	0
6844	1
6845	3
6846	3
6847	2
6848	2
6849	2
6850	3
6851	2
6852	1
6853	0
6854	2
6855	0
6856	3
6857	4
6858	1
6859	3
6860	1
6861	2
6862	0
6863	4
6864	4
6865	2
6866	1
6867	0
6868	3
6869	3
6870	3
6871	1
6872	1
6873	3
6874	2
6875	4
6876	2
6877	3
6878	1
6879	1
6880	0
6881	2
6882	2
6883	2
6884	2
6885	2
6886	4
6887	2
6888	2
6889	0
6890	2
6891	2
6892	2
6893	1
6894	2
6895	1
6896	2
6897	7
6898	2
6899	0
6900	2
6901	2
6902	3
6903	3
6904	2
6905	2
6906	0
6907	3
6908	5
6909	2
6910	4
6911	3
6912	3
6913	2
6914	2
6915	2
6916	1
6917	0
6918	2
6919	0
6920	0
6921	2
6922	0
6923	3
6924	4
6925	2
6926	1
6927	6
6928	0
6929	3
6930	1
6931	5
6932	0
6933	1
6934	2
6935	2
6936	0
6937	5
6938	0
6939	2
6940	4
6941	1
6942	3
6943	1
6944	2
6945	2
6946	3
6947	0
6948	1
6949	3
6950	5
6951	1
6952	1
6953	3
6954	5
6955	2
6956	4
6957	2
6958	1
6959	2
6960	0
6961	3
6962	3
6963	3
6964	3
6965	6
6966	1
6967	2
6968	1
6969	3
6970	1
6971	2
6972	3
6973	1
6974	4
6975	2
6976	1
6977	3
6978	0
6979	1
6980	2
6981	2
6982	1
6983	5
6984	3
6985	3
6986	3
6987	2
6988	3
6989	1
6990	4
6991	0
6992	3
6993	2
6994	3
6995	1
6996	3
6997	4
6998	0
6999	2
7000	0
7001	5
7002	1
7003	3
7004	4
7005	5
7006	2
7007	4
7008	3
7009	1
7010	5
7011	1
7012	0
7013	1
7014	3
7015	4
7016	0
7017	3
7018	1
7019	3
7020	0
7021	2
7022	1
7023	2
7024	1
7025	2
7026	2
7027	2
7028	3
7029	3
7030	2
7031	2
7032	1
7033	0
7034	7
7035	2
7036	1
7037	3
7038	2
7039	3
7040	2
7041	3
7042	2
7043	1
7044	0
7045	1
7046	0
7047	5
7048	3
7049	0
7050	5
7051	3
7052	4
7053	2
7054	6
7055	0
7056	2
7057	0
7058	1
7059	3
7060	0
7061	3
7062	4
7063	3
7064	2
7065	1
7066	1
7067	4
7068	1
7069	1
7070	2
7071	1
7072	2
7073	1
7074	4
7075	0
7076	2
7077	2
7078	2
7079	1
7080	2
7081	3
7082	3
7083	5
7084	5
7085	6
7086	3
7087	1
7088	1
7089	3
7090	1
7091	2
7092	0
7093	1
7094	2
7095	2
7096	3
7097	1
7098	3
7099	2
7100	0
7101	1
7102	3
7103	0
7104	6
7105	2
7106	1
7107	3
7108	1
7109	1
7110	1
7111	4
7112	2
7113	2
7114	4
7115	3
7116	2
7117	1
7118	5
7119	2
7120	1
7121	2
7122	4
7123	3
7124	1
7125	1
7126	2
7127	4
7128	1
7129	2
7130	1
7131	2
7132	3
7133	1
7134	2
7135	1
7136	4
7137	2
7138	1
7139	3
7140	1
7141	3
7142	2
7143	1
7144	4
7145	4
7146	3
7147	3
7148	7
7149	0
7150	3
7151	3
7152	3
7153	2
7154	1
7155	2
7156	2
7157	2
7158	1
7159	1
7160	1
7161	2
7162	0
7163	3
7164	0
7165	3
7166	3
7167	2
7168	2
7169	5
7170	3
7171	2
7172	4
7173	4
7174	1
7175	0
7176	3
7177	3
7178	3
7179	2
7180	3
7181	2
7182	2
7183	2
7184	2
7185	0
7186	2
7187	3
7188	1
7189	3
7190	3
7191	1
7192	2
7193	1
7194	3
7195	2
7196	1
7197	1
7198	2
7199	1
7200	0
7201	0
7202	2
7203	1
7204	2
7205	0
7206	4
7207	3
7208	1
7209	3
7210	1
7211	0
7212	2
7213	0
7214	2
7215	1
7216	1
7217	1
7218	1
7219	5
7220	1
7221	3
7222	1
7223	1
7224	1
7225	0
7226	2
7227	2
7228	0
7229	1
7230	1
7231	5
7232	1
7233	1
7234	4
7235	1
7236	2
7237	3
7238	1
7239	1
7240	1
7241	1
7242	0
7243	3
7244	2
7245	4
7246	4
7247	3
7248	2
7249	2
7250	4
7251	2
7252	0
7253	3
7254	4
7255	2
7256	1
7257	1
7258	2
7259	2
7260	2
7261	0
7262	1
7263	2
7264	1
7265	1
7266	4
7267	2
7268	2
7269	1
7270	3
7271	2
7272	1
7273	2
7274	4
7275	1
7276	3
7277	5
7278	3
7279	1
7280	1
7281	3
7282	0
7283	0
7284	1
7285	2
7286	2
7287	1
7288	0
7289	2
7290	2
7291	2
7292	0
7293	2
7294	2
7295	0
7296	2
7297	0
7298	2
7299	1
7300	2
7301	2
7302	1
7303	1
7304	2
7305	1
7306	2
7307	2
7308	4
7309	0
7310	2
7311	3
7312	1
7313	1
7314	1
7315	0
7316	8
7317	4
7318	0
7319	2
7320	0
7321	5
7322	1
7323	0
7324	0
7325	2
7326	2
7327	1
7328	2
7329	3
7330	3
7331	2
7332	2
7333	0
7334	1
7335	0
7336	2
7337	1
7338	0
7339	2
7340	2
7341	3
7342	1
7343	2
7344	2
7345	2
7346	0
7347	1
7348	1
7349	1
7350	2
7351	1
7352	1
7353	0
7354	3
7355	0
7356	2
7357	1
7358	2
7359	0
7360	3
7361	1
7362	1
7363	3
7364	5
7365	2
7366	2
7367	2
7368	1
7369	2
7370	0
7371	4
7372	3
7373	1
7374	1
7375	2
7376	2
7377	2
7378	1
7379	3
7380	6
7381	2
7382	4
7383	3
7384	1
7385	3
7386	2
7387	1
7388	3
7389	1
7390	2
7391	4
7392	0
7393	1
7394	0
7395	2
7396	0
7397	0
7398	3
7399	5
7400	2
7401	0
7402	0
7403	2
7404	0
7405	2
7406	0
7407	1
7408	4
7409	1
7410	1
7411	0
7412	1
7413	4
7414	4
7415	3
7416	1
7417	1
7418	2
7419	1
7420	2
7421	0
7422	2
7423	2
7424	1
7425	1
7426	0
7427	1
7428	0
7429	0
7430	1
7431	3
7432	1
7433	1
7434	3
7435	1
7436	3
7437	0
7438	3
7439	2
7440	0
7441	0
7442	1
7443	2
7444	1
7445	3
7446	4
7447	2
7448	2
7449	2
7450	0
7451	2
7452	3
7453	1
7454	0
7455	4
7456	2
7457	3
7458	3
7459	2
7460	3
7461	3
7462	0
7463	4
7464	0
7465	0
7466	1
7467	3
7468	0
7469	3
7470	4
7471	1
7472	2
7473	1
7474	3
7475	1
7476	0
7477	2
7478	4
7479	3
7480	3
7481	1
7482	3
7483	1
7484	1
7485	3
7486	1
7487	2
7488	1
7489	1
7490	1
7491	5
7492	3
7493	0
7494	1
7495	1
7496	0
7497	4
7498	0
7499	1
7500	1
7501	3
7502	1
7503	1
7504	2
7505	1
7506	2
7507	3
7508	4
7509	2
7510	3
7511	2
7512	1
7513	3
7514	1
7515	1
7516	2
7517	2
7518	4
7519	3
7520	0
7521	0
7522	2
7523	2
7524	3
7525	0
7526	1
7527	0
7528	2
7529	3
7530	3
7531	5
7532	2
7533	3
7534	3
7535	1
7536	3
7537	2
7538	1
7539	3
7540	1
7541	3
7542	1
7543	1
7544	2
7545	0
7546	2
7547	1
7548	2
7549	1
7550	1
7551	0
7552	3
7553	1
7554	3
7555	2
7556	2
7557	1
7558	3
7559	2
7560	4
7561	0
7562	0
7563	0
7564	6
7565	1
7566	5
7567	2
7568	3
7569	3
7570	1
7571	3
7572	1
7573	0
7574	1
7575	3
7576	2
7577	1
7578	5
7579	2
7580	1
7581	1
7582	4
7583	2
7584	4
7585	0
7586	2
7587	1
7588	2
7589	5
7590	1
7591	1
7592	4
7593	3
7594	2
7595	4
7596	2
7597	2
7598	4
7599	3
7600	3
7601	2
7602	0
7603	2
7604	4
7605	6
7606	1
7607	1
7608	0
7609	2
7610	0
7611	3
7612	3
7613	0
7614	4
7615	2
7616	7
7617	2
7618	2
7619	2
7620	2
7621	0
7622	4
7623	3
7624	3
7625	2
7626	1
7627	2
7628	0
7629	2
7630	2
7631	2
7632	1
7633	0
7634	3
7635	1
7636	0
7637	3
7638	3
7639	3
7640	2
7641	1
7642	4
7643	2
7644	4
7645	0
7646	1
7647	3
7648	2
7649	0
7650	3
7651	1
7652	3
7653	2
7654	2
7655	1
7656	0
7657	2
7658	1
7659	1
7660	1
7661	2
7662	1
7663	4
7664	5
7665	1
7666	1
7667	4
7668	2
7669	3
7670	4
7671	1
7672	4
7673	2
7674	0
7675	1
7676	5
7677	2
7678	3
7679	4
7680	2
7681	2
7682	0
7683	0
7684	1
7685	3
7686	0
7687	3
7688	2
7689	0
7690	1
7691	4
7692	2
7693	0
7694	1
7695	0
7696	0
7697	1
7698	4
7699	1
7700	0
7701	2
7702	5
7703	2
7704	2
7705	0
7706	4
7707	1
7708	2
7709	1
7710	1
7711	2
7712	1
7713	0
7714	4
7715	3
7716	2
7717	1
7718	0
7719	2
7720	4
7721	3
7722	1
7723	0
7724	7
7725	2
7726	1
7727	3
7728	1
7729	2
7730	0
7731	1
7732	0
7733	0
7734	0
7735	0
7736	1
7737	2
7738	2
7739	0
7740	2
7741	1
7742	2
7743	1
7744	3
7745	1
7746	0
7747	2
7748	3
7749	1
7750	5
7751	1
7752	1
7753	1
7754	2
7755	1
7756	0
7757	1
7758	2
7759	2
7760	1
7761	0
7762	2
7763	1
7764	2
7765	0
7766	0
7767	3
7768	3
7769	2
7770	1
7771	3
7772	4
7773	3
7774	1
7775	2
7776	2
7777	2
7778	1
7779	1
7780	0
7781	2
7782	0
7783	0
7784	2
7785	1
7786	1
7787	2
7788	3
7789	3
7790	2
7791	2
7792	0
7793	3
7794	2
7795	4
7796	0
7797	5
7798	3
7799	2
7800	2
7801	1
7802	2
7803	0
7804	0
7805	4
7806	1
7807	2
7808	4
7809	2
7810	2
7811	5
7812	1
7813	2
7814	2
7815	2
7816	3
7817	2
7818	1
7819	0
7820	1
7821	0
7822	2
7823	2
7824	2
7825	0
7826	4
7827	1
7828	4
7829	2
7830	5
7831	1
7832	2
7833	1
7834	0
7835	2
7836	3
7837	0
7838	1
7839	3
7840	4
7841	4
7842	2
7843	1
7844	2
7845	8
7846	3
7847	3
7848	1
7849	1
7850	0
7851	2
7852	1
7853	2
7854	1
7855	1
7856	0
7857	4
7858	1
7859	3
7860	2
7861	2
7862	2
7863	3
7864	3
7865	3
7866	5
7867	2
7868	1
7869	2
7870	8
7871	1
7872	1
7873	2
7874	1
7875	2
7876	1
7877	3
7878	3
7879	0
7880	0
7881	0
7882	1
7883	2
7884	3
7885	2
7886	3
7887	3
7888	3
7889	3
7890	4
7891	5
7892	4
7893	3
7894	3
7895	3
7896	4
7897	2
7898	2
7899	2
7900	3
7901	2
7902	3
7903	0
7904	3
7905	2
7906	2
7907	5
7908	4
7909	0
7910	0
7911	3
7912	3
7913	2
7914	2
7915	1
7916	2
7917	1
7918	1
7919	1
7920	3
7921	0
7922	4
7923	1
7924	3
7925	3
7926	3
7927	2
7928	3
7929	0
7930	1
7931	2
7932	1
7933	1
7934	0
7935	3
7936	1
7937	3
7938	0
7939	0
7940	0
7941	0
7942	2
7943	2
7944	1
7945	2
7946	1
7947	1
7948	1
7949	3
7950	0
7951	2
7952	3
7953	2
7954	1
7955	3
7956	2
7957	0
7958	0
7959	0
7960	1
7961	3
7962	1
7963	4
7964	3
7965	1
7966	0
7967	2
7968	3
7969	3
7970	0
7971	0
7972	4
7973	1
7974	2
7975	1
7976	1
7977	2
7978	1
7979	2
7980	1
7981	0
7982	0
7983	0
7984	2
7985	3
7986	1
7987	0
7988	2
7989	1
7990	2
7991	3
7992	1
7993	1
7994	2
7995	0
7996	0
7997	4
7998	1
7999	2
8000	1
8001	1
8002	1
8003	1
8004	6
8005	2
8006	0
8007	4
8008	2
8009	3
8010	3
8011	3
8012	1
8013	3
8014	2
8015	3
8016	2
8017	1
8018	2
8019	1
8020	1
8021	3
8022	1
8023	4
8024	2
8025	1
8026	2
8027	2
8028	4
8029	2
8030	1
8031	1
8032	4
8033	0
8034	1
8035	5
8036	1
8037	1
8038	1
8039	2
8040	3
8041	0
8042	2
8043	0
8044	1
8045	2
8046	0
8047	1
8048	1
8049	3
8050	2
8051	1
8052	0
8053	2
8054	0
8055	1
8056	1
8057	2
8058	0
8059	1
8060	2
8061	2
8062	1
8063	0
8064	0
8065	1
8066	4
8067	0
8068	0
8069	0
8070	1
8071	1
8072	1
8073	0
8074	3
8075	0
8076	1
8077	0
8078	2
8079	0
8080	2
8081	1
8082	0
8083	4
8084	2
8085	3
8086	3
8087	0
8088	1
8089	1
8090	1
8091	0
8092	3
8093	1
8094	1
8095	0
8096	1
8097	2
8098	3
8099	1
8100	1
8101	0
8102	2
8103	2
8104	1
8105	2
8106	2
8107	2
8108	3
8109	3
8110	1
8111	0
8112	1
8113	2
8114	1
8115	0
8116	2
8117	2
8118	0
8119	1
8120	3
8121	0
8122	2
8123	1
8124	4
8125	0
8126	3
8127	1
8128	1
8129	1
8130	3
8131	3
8132	2
8133	3
8134	1
8135	0
8136	4
8137	1
8138	3
8139	0
8140	4
8141	0
8142	1
8143	1
8144	1
8145	1
8146	1
8147	2
8148	2
8149	1
8150	2
8151	1
8152	1
8153	1
8154	1
8155	1
8156	2
8157	0
8158	2
8159	0
8160	2
8161	1
8162	2
8163	3
8164	2
8165	0
8166	1
8167	2
8168	0
8169	2
8170	3
8171	3
8172	2
8173	0
8174	2
8175	1
8176	0
8177	3
8178	1
8179	0
8180	3
8181	0
8182	1
8183	1
8184	0
8185	0
8186	0
8187	2
8188	1
8189	1
8190	1
8191	1
8192	3
8193	3
8194	1
8195	0
8196	2
8197	1
8198	0
8199	1
8200	0
8201	2
8202	0
8203	0
8204	0
8205	2
8206	1
8207	0
8208	1
8209	0
8210	0
8211	1
8212	2
8213	2
8214	0
8215	1
8216	0
8217	3
8218	0
8219	3
8220	1
8221	0
8222	3
8223	1
8224	0
8225	0
8226	2
8227	0
8228	1
8229	1
8230	2
8231	0
8232	1
8233	1
8234	2
8235	1
8236	2
8237	3
8238	1
8239	1
8240	1
8241	2
8242	1
8243	0
8244	1
8245	0
8246	0
8247	3
8248	1
8249	4
8250	2
8251	1
8252	0
8253	1
8254	1
8255	1
8256	3
8257	0
8258	0
8259	0
8260	2
8261	0
8262	0
8263	1
8264	3
8265	1
8266	0
8267	1
8268	2
8269	3
8270	3
8271	5
8272	2
8273	0
8274	3
8275	0
8276	1
8277	1
8278	1
8279	2
8280	3
8281	1
8282	3
8283	2
8284	2
8285	1
8286	3
8287	0
8288	1
8289	1
8290	1
8291	1
8292	0
8293	2
8294	1
8295	5
8296	1
8297	3
8298	4
8299	0
8300	1
8301	0
8302	3
8303	2
8304	2
8305	2
8306	2
8307	1
8308	2
8309	2
8310	0
8311	1
8312	3
8313	1
8314	1
8315	0
8316	0
8317	4
8318	2
8319	2
8320	2
8321	2
8322	2
8323	1
8324	2
8325	2
8326	1
8327	4
8328	1
8329	1
8330	1
8331	1
8332	3
8333	0
8334	0
8335	3
8336	1
8337	1
8338	1
8339	0
8340	0
8341	0
8342	0
8343	1
8344	0
8345	2
8346	0
8347	0
8348	2
8349	2
8350	1
8351	2
8352	1
8353	2
8354	0
8355	0
8356	0
8357	2
8358	2
8359	1
8360	1
8361	1
8362	1
8363	0
8364	1
8365	1
8366	6
8367	0
8368	2
8369	1
8370	1
8371	2
8372	3
8373	0
8374	1
8375	2
8376	0
8377	1
8378	1
8379	0
8380	2
8381	1
8382	0
8383	1
8384	0
8385	2
8386	0
8387	0
8388	2
8389	0
8390	0
8391	0
8392	2
8393	0
8394	1
8395	1
8396	0
8397	1
8398	0
8399	1
8400	1
8401	0
8402	3
8403	2
8404	2
8405	0
8406	3
8407	1
8408	3
8409	2
8410	1
8411	2
8412	0
8413	1
8414	0
8415	2
8416	3
8417	3
8418	2
8419	5
8420	0
8421	2
8422	1
8423	2
8424	1
8425	2
8426	0
8427	1
8428	0
8429	2
8430	6
8431	1
8432	2
8433	4
8434	0
8435	0
8436	2
8437	2
8438	1
8439	3
8440	1
8441	2
8442	3
8443	4
8444	7
8445	3
8446	2
8447	1
8448	2
8449	2
8450	2
8451	3
8452	2
8453	3
8454	2
8455	3
8456	1
8457	2
8458	1
8459	2
8460	1
8461	3
8462	1
8463	2
8464	2
8465	0
8466	2
8467	1
8468	3
8469	4
8470	4
8471	0
8472	1
8473	2
8474	1
8475	3
8476	1
8477	0
8478	2
8479	3
8480	2
8481	2
8482	1
8483	0
8484	4
8485	1
8486	2
8487	0
8488	1
8489	1
8490	2
8491	1
8492	2
8493	1
8494	1
8495	3
8496	0
8497	0
8498	1
8499	4
8500	0
8501	0
8502	1
8503	3
8504	1
8505	0
8506	4
8507	0
8508	4
8509	2
8510	0
8511	1
8512	0
8513	2
8514	0
8515	0
8516	1
8517	2
8518	1
8519	3
8520	3
8521	3
8522	2
8523	1
8524	3
8525	2
8526	1
8527	0
8528	0
8529	3
8530	0
8531	1
8532	1
8533	1
8534	1
8535	2
8536	1
8537	4
8538	2
8539	1
8540	3
8541	3
8542	0
8543	1
8544	1
8545	1
8546	0
8547	2
8548	4
8549	1
8550	1
8551	0
8552	1
8553	0
8554	1
8555	0
8556	1
8557	1
8558	0
8559	1
8560	2
8561	2
8562	2
8563	1
8564	1
8565	2
8566	1
8567	1
8568	0
8569	1
8570	1
8571	4
8572	1
8573	1
8574	1
8575	1
8576	1
8577	1
8578	2
8579	0
8580	2
8581	2
8582	0
8583	2
8584	1
8585	2
8586	4
8587	0
8588	2
8589	0
8590	0
8591	3
8592	0
8593	1
8594	5
8595	1
8596	2
8597	2
8598	1
8599	1
8600	0
8601	1
8602	2
8603	2
8604	2
8605	4
8606	2
8607	0
8608	2
8609	1
8610	0
8611	1
8612	0
8613	1
8614	0
8615	1
8616	1
8617	0
8618	1
8619	2
8620	3
8621	1
8622	2
8623	2
8624	0
8625	1
8626	0
8627	1
8628	2
8629	0
8630	0
8631	4
8632	0
8633	1
8634	2
8635	3
8636	1
8637	1
8638	1
8639	2
8640	0
8641	1
8642	2
8643	1
8644	2
8645	0
8646	0
8647	1
8648	1
8649	1
8650	2
8651	0
8652	2
8653	2
8654	1
8655	1
8656	1
8657	1
8658	2
8659	0
8660	1
8661	1
8662	3
8663	2
8664	1
8665	0
8666	1
8667	3
8668	1
8669	2
8670	1
8671	1
8672	0
8673	0
8674	2
8675	0
8676	2
8677	1
8678	1
8679	1
8680	0
8681	3
8682	2
8683	4
8684	1
8685	1
8686	3
8687	2
8688	0
8689	2
8690	2
8691	0
8692	2
8693	1
8694	1
8695	2
8696	2
8697	1
8698	2
8699	0
8700	3
8701	2
8702	0
8703	2
8704	1
8705	1
8706	3
8707	0
8708	1
8709	1
8710	2
8711	0
8712	1
8713	0
8714	0
8715	2
8716	2
8717	1
8718	0
8719	0
8720	1
8721	3
8722	0
8723	1
8724	0
8725	1
8726	1
8727	1
8728	0
8729	0
8730	0
8731	0
8732	3
8733	2
8734	2
8735	2
8736	0
8737	0
8738	1
8739	2
8740	1
8741	0
8742	0
8743	0
8744	1
8745	2
8746	1
8747	1
8748	1
8749	0
8750	4
8751	2
8752	0
8753	0
8754	1
8755	1
8756	1
8757	0
8758	0
8759	0
8760	0
8761	1
8762	1
8763	0
8764	2
8765	1
8766	3
8767	1
8768	2
8769	0
8770	2
8771	1
8772	2
8773	1
8774	0
8775	1
8776	0
8777	2
8778	2
8779	2
8780	1
8781	1
8782	0
8783	0
8784	0
8785	2
8786	1
8787	2
8788	1
8789	1
8790	1
8791	1
8792	1
8793	1
8794	0
8795	1
8796	1
8797	0
8798	2
8799	5
8800	1
8801	2
8802	0
8803	2
8804	3
8805	2
8806	2
8807	2
8808	1
8809	2
8810	1
8811	1
8812	0
8813	1
8814	1
8815	1
8816	0
8817	1
8818	3
8819	1
8820	0
8821	0
8822	0
8823	2
8824	3
8825	2
8826	3
8827	2
8828	2
8829	1
8830	1
8831	1
8832	1
8833	0
8834	1
8835	4
8836	1
8837	1
8838	4
8839	0
8840	2
8841	0
8842	0
8843	1
8844	1
8845	1
8846	2
8847	2
8848	0
8849	1
8850	0
8851	2
8852	1
8853	1
8854	2
8855	0
8856	4
8857	0
8858	0
8859	1
8860	2
8861	1
8862	2
8863	1
8864	1
8865	0
8866	1
8867	0
8868	1
8869	2
8870	3
8871	1
8872	3
8873	2
8874	0
8875	1
8876	1
8877	0
8878	1
8879	1
8880	0
8881	2
8882	0
8883	0
8884	0
8885	0
8886	4
8887	1
8888	0
8889	2
8890	0
8891	1
8892	0
8893	0
8894	0
8895	2
8896	0
8897	2
8898	0
8899	2
8900	2
8901	1
8902	1
8903	1
8904	1
8905	2
8906	0
8907	1
8908	2
8909	1
8910	0
8911	1
8912	2
8913	2
8914	0
8915	2
8916	1
8917	0
8918	4
8919	2
8920	4
8921	0
8922	0
8923	2
8924	1
8925	1
8926	1
8927	0
8928	0
8929	4
8930	2
8931	0
8932	1
8933	3
8934	2
8935	4
8936	2
8937	4
8938	1
8939	0
8940	2
8941	1
8942	2
8943	3
8944	0
8945	0
8946	1
8947	0
8948	0
8949	0
8950	1
8951	2
8952	1
8953	0
8954	2
8955	3
8956	1
8957	1
8958	0
8959	0
8960	0
8961	1
8962	1
8963	0
8964	0
8965	1
8966	2
8967	1
8968	2
8969	1
8970	1
8971	1
8972	0
8973	2
8974	0
8975	1
8976	1
8977	2
8978	2
8979	1
8980	3
8981	1
8982	0
8983	1
8984	2
8985	0
8986	1
8987	2
8988	1
8989	2
8990	2
8991	0
8992	0
8993	0
8994	2
8995	4
8996	2
8997	0
8998	4
8999	2
9000	2
9001	2
9002	0
9003	4
9004	0
9005	0
9006	1
9007	1
9008	0
9009	2
9010	0
9011	1
9012	1
9013	2
9014	1
9015	0
9016	2
9017	0
9018	0
9019	5
9020	0
9021	1
9022	5
9023	0
9024	1
9025	1
9026	0
9027	1
9028	2
9029	2
9030	0
9031	1
9032	2
9033	2
9034	0
9035	0
9036	3
9037	2
9038	1
9039	2
9040	4
9041	1
9042	0
9043	1
9044	2
9045	2
9046	1
9047	1
9048	3
9049	0
9050	0
9051	0
9052	0
9053	3
9054	1
9055	2
9056	1
9057	0
9058	3
9059	0
9060	0
9061	1
9062	0
9063	1
9064	3
9065	1
9066	1
9067	1
9068	1
9069	0
9070	2
9071	2
9072	1
9073	1
9074	4
9075	0
9076	1
9077	0
9078	2
9079	0
9080	0
9081	0
9082	0
9083	2
9084	2
9085	3
9086	0
9087	1
9088	1
9089	1
9090	1
9091	2
9092	1
9093	2
9094	2
9095	1
9096	0
9097	1
9098	0
9099	2
9100	2
9101	2
9102	0
9103	1
9104	0
9105	1
9106	2
9107	1
9108	0
9109	1
9110	3
9111	1
9112	1
9113	1
9114	1
9115	0
9116	1
9117	2
9118	0
9119	2
9120	1
9121	1
9122	0
9123	3
9124	0
9125	0
9126	0
9127	2
9128	2
9129	1
9130	2
9131	2
9132	2
9133	0
9134	1
9135	1
9136	0
9137	0
9138	1
9139	2
9140	2
9141	1
9142	3
9143	0
9144	2
9145	0
9146	0
9147	0
9148	0
9149	1
9150	0
9151	1
9152	0
9153	2
9154	0
9155	1
9156	0
9157	0
9158	0
9159	0
9160	1
9161	0
9162	0
9163	3
9164	3
9165	2
9166	0
9167	0
9168	0
9169	2
9170	0
9171	2
9172	2
9173	1
9174	1
9175	1
9176	1
9177	3
9178	1
9179	0
9180	2
9181	2
9182	2
9183	2
9184	1
9185	0
9186	0
9187	3
9188	0
9189	0
9190	1
9191	2
9192	0
9193	1
9194	1
9195	2
9196	0
9197	2
9198	0
9199	1
9200	2
9201	1
9202	2
9203	1
9204	1
9205	2
9206	2
9207	2
9208	1
9209	2
9210	1
9211	2
9212	4
9213	0
9214	1
9215	2
9216	1
9217	1
9218	2
9219	0
9220	1
9221	0
9222	1
9223	1
9224	0
9225	2
9226	1
9227	0
9228	3
9229	0
9230	1
9231	1
9232	1
9233	0
9234	1
9235	0
9236	1
9237	0
9238	1
9239	3
9240	1
9241	3
9242	0
9243	0
9244	0
9245	0
9246	1
9247	0
9248	1
9249	0
9250	0
9251	2
9252	0
9253	3
9254	1
9255	1
9256	1
9257	1
9258	1
9259	2
9260	1
9261	3
9262	0
9263	1
9264	2
9265	2
9266	2
9267	0
9268	1
9269	4
9270	2
9271	0
9272	2
9273	3
9274	0
9275	0
9276	2
9277	0
9278	2
9279	5
9280	0
9281	3
9282	0
9283	1
9284	0
9285	1
9286	0
9287	0
9288	0
9289	1
9290	0
9291	2
9292	1
9293	0
9294	1
9295	1
9296	2
9297	2
9298	1
9299	2
9300	1
9301	1
9302	0
9303	1
9304	2
9305	2
9306	1
9307	0
9308	1
9309	1
9310	0
9311	0
9312	3
9313	2
9314	0
9315	1
9316	1
9317	2
9318	0
9319	1
9320	2
9321	0
9322	0
9323	2
9324	1
9325	1
9326	1
9327	0
9328	1
9329	1
9330	1
9331	1
9332	2
9333	1
9334	0
9335	0
9336	4
9337	3
9338	0
9339	0
9340	2
9341	0
9342	2
9343	0
9344	2
9345	1
9346	1
9347	1
9348	1
9349	2
9350	0
9351	1
9352	0
9353	2
9354	3
9355	0
9356	1
9357	1
9358	4
9359	0
9360	1
9361	3
9362	0
9363	0
9364	2
9365	0
9366	0
9367	0
9368	2
9369	0
9370	1
9371	0
9372	0
9373	0
9374	0
9375	2
9376	0
9377	1
9378	1
9379	1
9380	1
9381	2
9382	1
9383	0
9384	1
9385	2
9386	0
9387	1
9388	1
9389	1
9390	0
9391	1
9392	0
9393	2
9394	1
9395	1
9396	3
9397	0
9398	2
9399	0
9400	1
9401	1
9402	1
9403	2
9404	0
9405	1
9406	0
9407	0
9408	0
9409	0
9410	3
9411	0
9412	0
9413	0
9414	2
9415	1
9416	2
9417	0
9418	1
9419	0
9420	0
9421	1
9422	0
9423	2
9424	1
9425	0
9426	1
9427	1
9428	2
9429	1
9430	1
9431	0
9432	0
9433	1
9434	1
9435	1
9436	4
9437	0
9438	1
9439	2
9440	1
9441	0
9442	1
9443	0
9444	2
9445	0
9446	3
9447	0
9448	2
9449	0
9450	0
9451	1
9452	0
9453	0
9454	1
9455	1
9456	0
9457	2
9458	0
9459	1
9460	1
9461	0
9462	2
9463	0
9464	0
9465	1
9466	2
9467	0
9468	3
9469	0
9470	1
9471	1
9472	0
9473	2
9474	2
9475	0
9476	1
9477	0
9478	1
9479	0
9480	0
9481	1
9482	2
9483	2
9484	3
9485	2
9486	0
9487	1
9488	0
9489	3
9490	1
9491	0
9492	2
9493	1
9494	0
9495	3
9496	2
9497	0
9498	1
9499	0
9500	0
9501	0
9502	0
9503	0
9504	1
9505	0
9506	0
9507	2
9508	1
9509	1
9510	1
9511	0
9512	0
9513	1
9514	1
9515	0
9516	0
9517	0
9518	0
9519	1
9520	2
9521	1
9522	2
9523	1
9524	4
9525	2
9526	0
9527	0
9528	0
9529	1
9530	2
9531	3
9532	0
9533	2
9534	0
9535	2
9536	1
9537	0
9538	2
9539	0
9540	0
9541	2
9542	1
9543	3
9544	0
9545	1
9546	1
9547	0
9548	1
9549	2
9550	0
9551	2
9552	1
9553	3
9554	0
9555	1
9556	1
9557	0
9558	1
9559	0
9560	1
9561	1
9562	0
9563	2
9564	0
9565	2
9566	0
9567	0
9568	2
9569	1
9570	1
9571	1
9572	2
9573	1
9574	0
9575	0
9576	0
9577	0
9578	1
9579	0
9580	0
9581	1
9582	3
9583	0
9584	0
9585	1
9586	0
9587	0
9588	1
9589	1
9590	0
9591	2
9592	0
9593	2
9594	2
9595	1
9596	1
9597	0
9598	2
9599	0
9600	1
9601	0
9602	0
9603	2
9604	1
9605	1
9606	1
9607	0
9608	2
9609	0
9610	1
9611	0
9612	1
9613	0
9614	0
9615	1
9616	0
9617	2
9618	2
9619	0
9620	2
9621	0
9622	0
9623	2
9624	0
9625	1
9626	1
9627	1
9628	0
9629	1
9630	3
9631	2
9632	0
9633	1
9634	2
9635	1
9636	0
9637	1
9638	0
9639	1
9640	0
9641	2
9642	1
9643	2
9644	2
9645	0
9646	0
9647	2
9648	1
9649	1
9650	2
9651	1
9652	1
9653	3
9654	1
9655	5
9656	1
9657	1
9658	0
9659	1
9660	1
9661	0
9662	1
9663	1
9664	0
9665	1
9666	1
9667	3
9668	2
9669	3
9670	1
9671	1
9672	0
9673	0
9674	1
9675	2
9676	1
9677	1
9678	0
9679	2
9680	2
9681	1
9682	5
9683	0
9684	2
9685	2
9686	2
9687	0
9688	3
9689	2
9690	1
9691	3
9692	1
9693	1
9694	0
9695	3
9696	0
9697	3
9698	2
9699	1
9700	1
9701	0
9702	0
9703	2
9704	0
9705	4
9706	1
9707	1
9708	4
9709	2
9710	1
9711	0
9712	1
9713	2
9714	1
9715	0
9716	0
9717	0
9718	1
9719	2
9720	3
9721	0
9722	3
9723	1
9724	1
9725	5
9726	0
9727	0
9728	0
9729	0
9730	1
9731	0
9732	1
9733	2
9734	0
9735	1
9736	1
9737	3
9738	0
9739	0
9740	0
9741	1
9742	1
9743	0
9744	0
9745	1
9746	1
9747	0
9748	0
9749	0
9750	1
9751	3
9752	2
9753	0
9754	1
9755	0
9756	2
9757	0
9758	1
9759	1
9760	0
9761	2
9762	2
9763	0
9764	2
9765	0
9766	1
9767	0
9768	0
9769	1
9770	0
9771	1
9772	1
9773	3
9774	2
9775	2
9776	1
9777	3
9778	1
9779	2
9780	1
9781	1
9782	3
9783	0
9784	1
9785	0
9786	0
9787	2
9788	0
9789	1
9790	0
9791	1
9792	3
9793	3
9794	3
9795	1
9796	1
9797	0
9798	1
9799	3
9800	1
9801	0
9802	2
9803	0
9804	2
9805	0
9806	2
9807	0
9808	0
9809	1
9810	0
9811	1
9812	6
9813	1
9814	1
9815	3
9816	1
9817	2
9818	0
9819	1
9820	0
9821	0
9822	0
9823	3
9824	1
9825	1
9826	1
9827	1
9828	1
9829	1
9830	2
9831	0
9832	0
9833	1
9834	0
9835	2
9836	0
9837	0
9838	0
9839	1
9840	0
9841	0
9842	1
9843	0
9844	3
9845	0
9846	1
9847	1
9848	1
9849	0
9850	1
9851	3
9852	2
9853	2
9854	0
9855	1
9856	0
9857	0
9858	2
9859	3
9860	0
9861	0
9862	2
9863	1
9864	1
9865	6
9866	0
9867	0
9868	3
9869	3
9870	0
9871	0
9872	2
9873	0
9874	1
9875	0
9876	0
9877	0
9878	0
9879	0
9880	0
9881	0
9882	0
9883	2
9884	0
9885	3
9886	2
9887	1
9888	1
9889	0
9890	0
9891	2
9892	2
9893	0
9894	1
9895	2
9896	0
9897	0
9898	0
9899	1
9900	0
9901	1
9902	1
9903	0
9904	2
9905	1
9906	0
9907	1
9908	0
9909	3
9910	1
9911	1
9912	1
9913	0
9914	0
9915	0
9916	1
9917	0
9918	0
9919	1
9920	1
9921	1
9922	2
9923	0
9924	0
9925	2
9926	0
9927	1
9928	1
9929	0
9930	1
9931	2
9932	1
9933	0
9934	2
9935	1
9936	3
9937	0
9938	1
9939	2
9940	0
9941	0
9942	0
9943	0
9944	0
9945	0
9946	0
9947	1
9948	0
9949	0
9950	0
9951	0
9952	0
9953	0
9954	0
9955	0
9956	1
9957	0
9958	1
9959	3
9960	2
9961	0
9962	0
9963	0
9964	2
9965	0
9966	0
9967	1
9968	1
9969	2
9970	0
9971	0
9972	0
9973	0
9974	2
9975	1
9976	0
9977	0
9978	1
9979	0
9980	1
9981	1
9982	2
9983	1
9984	1
9985	0
9986	0
9987	0
9988	0
9989	1
9990	0
9991	2
9992	0
9993	0
9994	0
9995	1
9996	2
9997	1
9998	1
9999	3
10000	0
