1	306484004
2	11038329
3	3439614
4	2100125
5	1596484
6	1554151
7	1716426
8	2095356
9	2696024
10	3521126
11	4570900
12	5747221
13	6986616
14	8168192
15	9168601
16	9896313
17	10302305
18	10271077
19	9850703
20	9081267
21	8102067
22	6969554
23	5809755
24	4689764
25	3680590
26	2806026
27	2083812
28	1508484
29	1071969
30	750311
31	516790
32	356503
33	248239
34	176955
35	130182
36	100041
37	80493
38	68584
39	60936
40	54568
41	50766
42	47609
43	44227
44	40974
45	37981
46	34915
47	32540
48	29679
49	27707
50	25484
51	23371
52	21556
53	20240
54	18695
55	17504
56	16612
57	15930
58	15416
59	14393
60	14176
61	13412
62	12965
63	12384
64	11948
65	11575
66	10892
67	10691
68	10306
69	9997
70	9691
71	9491
72	8911
73	8569
74	8304
75	8333
76	7912
77	7579
78	7442
79	7301
80	6968
81	6904
82	6541
83	6459
84	6600
85	6380
86	6113
87	6025
88	5908
89	5904
90	5734
91	5778
92	5539
93	5354
94	5325
95	4946
96	4935
97	4836
98	4725
99	4462
100	4595
101	4457
102	4382
103	4472
104	4259
105	4075
106	3931
107	3860
108	3907
109	3769
110	3760
111	3917
112	3670
113	3747
114	3777
115	3654
116	3495
117	3500
118	3201
119	3298
120	3124
121	3049
122	3047
123	3069
124	2967
125	2981
126	2957
127	2819
128	2848
129	2658
130	2658
131	2522
132	2460
133	2379
134	2382
135	2312
136	2361
137	2166
138	2132
139	2164
140	2103
141	2062
142	1988
143	1982
144	1998
145	1884
146	1867
147	1886
148	1920
149	1782
150	1835
151	1731
152	1699
153	1636
154	1639
155	1613
156	1587
157	1548
158	1478
159	1432
160	1497
161	1481
162	1426
163	1388
164	1404
165	1321
166	1305
167	1289
168	1198
169	1209
170	1233
171	1210
172	1218
173	1147
174	1162
175	1112
176	1083
177	1049
178	1055
179	1055
180	1025
181	1029
182	1060
183	993
184	967
185	946
186	970
187	950
188	911
189	857
190	910
191	873
192	887
193	871
194	827
195	876
196	808
197	842
198	869
199	866
200	887
201	831
202	768
203	782
204	764
205	749
206	779
207	764
208	794
209	738
210	728
211	713
212	720
213	718
214	691
215	718
216	690
217	707
218	664
219	668
220	617
221	653
222	613
223	666
224	657
225	604
226	567
227	569
228	579
229	623
230	580
231	572
232	568
233	588
234	595
235	563
236	582
237	529
238	547
239	548
240	535
241	527
242	485
243	494
244	466
245	538
246	559
247	530
248	509
249	498
250	454
251	511
252	447
253	461
254	470
255	449
256	425
257	500
258	450
259	464
260	475
261	512
262	498
263	435
264	469
265	452
266	467
267	468
268	419
269	434
270	407
271	398
272	415
273	428
274	385
275	400
276	392
277	353
278	398
279	376
280	375
281	377
282	387
283	385
284	384
285	403
286	389
287	340
288	350
289	338
290	311
291	357
292	333
293	338
294	328
295	335
296	302
297	308
298	306
299	320
300	343
301	354
302	287
303	306
304	338
305	360
306	327
307	307
308	314
309	344
310	307
311	282
312	309
313	280
314	291
315	254
316	285
317	276
318	312
319	294
320	260
321	275
322	276
323	302
324	282
325	302
326	264
327	272
328	268
329	252
330	245
331	282
332	266
333	270
334	241
335	273
336	270
337	279
338	265
339	256
340	268
341	263
342	255
343	255
344	243
345	234
346	244
347	251
348	242
349	239
350	260
351	236
352	246
353	225
354	278
355	265
356	260
357	230
358	235
359	227
360	250
361	234
362	243
363	229
364	247
365	213
366	230
367	216
368	246
369	225
370	221
371	200
372	195
373	208
374	216
375	217
376	212
377	217
378	204
379	198
380	180
381	200
382	226
383	199
384	245
385	213
386	214
387	198
388	210
389	181
390	180
391	204
392	204
393	179
394	176
395	210
396	198
397	212
398	216
399	192
400	200
401	187
402	177
403	183
404	204
405	200
406	210
407	205
408	193
409	195
410	207
411	196
412	181
413	197
414	151
415	183
416	178
417	160
418	196
419	187
420	184
421	165
422	172
423	185
424	164
425	169
426	163
427	160
428	164
429	183
430	185
431	177
432	182
433	165
434	167
435	153
436	151
437	142
438	145
439	148
440	138
441	167
442	165
443	151
444	164
445	152
446	143
447	156
448	145
449	154
450	144
451	139
452	159
453	153
454	137
455	151
456	167
457	145
458	130
459	128
460	145
461	135
462	142
463	135
464	156
465	144
466	141
467	137
468	126
469	135
470	148
471	136
472	130
473	149
474	117
475	138
476	141
477	148
478	137
479	115
480	137
481	122
482	131
483	124
484	133
485	137
486	132
487	136
488	148
489	123
490	129
491	117
492	122
493	120
494	149
495	139
496	154
497	114
498	111
499	126
500	132
501	124
502	111
503	110
504	121
505	105
506	141
507	136
508	142
509	118
510	112
511	139
512	134
513	122
514	125
515	130
516	140
517	124
518	112
519	116
520	122
521	120
522	127
523	114
524	128
525	122
526	104
527	121
528	101
529	96
530	124
531	122
532	113
533	98
534	162
535	118
536	121
537	116
538	107
539	132
540	114
541	135
542	115
543	105
544	105
545	106
546	104
547	113
548	116
549	105
550	107
551	91
552	105
553	95
554	122
555	96
556	111
557	119
558	110
559	114
560	109
561	117
562	116
563	138
564	112
565	109
566	113
567	101
568	94
569	116
570	97
571	111
572	108
573	109
574	108
575	112
576	112
577	99
578	102
579	100
580	98
581	106
582	110
583	110
584	118
585	92
586	91
587	102
588	102
589	91
590	76
591	87
592	93
593	80
594	86
595	78
596	86
597	88
598	89
599	83
600	95
601	83
602	92
603	71
604	82
605	94
606	96
607	75
608	78
609	99
610	80
611	76
612	102
613	106
614	86
615	95
616	87
617	97
618	95
619	72
620	97
621	90
622	85
623	94
624	91
625	85
626	101
627	88
628	74
629	88
630	86
631	80
632	70
633	97
634	98
635	83
636	81
637	88
638	91
639	76
640	65
641	75
642	87
643	71
644	66
645	78
646	79
647	80
648	73
649	67
650	74
651	83
652	78
653	77
654	79
655	78
656	63
657	83
658	85
659	78
660	80
661	76
662	79
663	66
664	60
665	60
666	53
667	67
668	69
669	64
670	51
671	74
672	64
673	64
674	70
675	73
676	73
677	58
678	54
679	52
680	60
681	59
682	57
683	62
684	70
685	73
686	56
687	63
688	66
689	61
690	76
691	59
692	52
693	54
694	57
695	60
696	42
697	37
698	50
699	49
700	50
701	34
702	47
703	56
704	52
705	55
706	59
707	55
708	53
709	54
710	43
711	62
712	41
713	54
714	50
715	38
716	63
717	33
718	51
719	52
720	45
721	45
722	53
723	47
724	41
725	61
726	38
727	54
728	44
729	43
730	51
731	43
732	47
733	51
734	45
735	51
736	48
737	36
738	46
739	49
740	42
741	29
742	55
743	43
744	46
745	48
746	46
747	49
748	47
749	46
750	44
751	40
752	39
753	33
754	47
755	37
756	35
757	42
758	39
759	37
760	52
761	41
762	40
763	51
764	36
765	36
766	46
767	49
768	39
769	36
770	55
771	50
772	41
773	44
774	36
775	25
776	34
777	37
778	38
779	33
780	42
781	39
782	51
783	48
784	30
785	40
786	26
787	49
788	28
789	36
790	51
791	36
792	44
793	35
794	35
795	31
796	32
797	32
798	35
799	40
800	27
801	36
802	29
803	30
804	42
805	30
806	33
807	32
808	29
809	28
810	33
811	35
812	38
813	36
814	28
815	52
816	30
817	31
818	37
819	31
820	40
821	40
822	38
823	39
824	27
825	33
826	32
827	36
828	32
829	38
830	32
831	33
832	34
833	26
834	34
835	36
836	31
837	44
838	29
839	31
840	34
841	30
842	39
843	35
844	39
845	31
846	28
847	33
848	33
849	35
850	23
851	35
852	24
853	28
854	30
855	25
856	28
857	28
858	30
859	29
860	19
861	33
862	13
863	25
864	33
865	23
866	33
867	21
868	33
869	26
870	26
871	22
872	25
873	33
874	25
875	36
876	42
877	23
878	32
879	28
880	23
881	28
882	31
883	34
884	32
885	29
886	23
887	33
888	34
889	37
890	41
891	33
892	35
893	43
894	41
895	33
896	25
897	33
898	31
899	40
900	20
901	30
902	34
903	22
904	30
905	28
906	31
907	26
908	27
909	29
910	26
911	39
912	31
913	32
914	30
915	35
916	30
917	34
918	31
919	32
920	26
921	21
922	36
923	29
924	24
925	30
926	32
927	25
928	29
929	32
930	33
931	31
932	26
933	35
934	29
935	32
936	29
937	27
938	28
939	35
940	30
941	25
942	36
943	28
944	28
945	30
946	29
947	34
948	29
949	20
950	23
951	26
952	37
953	33
954	25
955	15
956	23
957	20
958	33
959	26
960	25
961	30
962	26
963	20
964	15
965	32
966	24
967	28
968	36
969	21
970	23
971	22
972	17
973	24
974	22
975	31
976	29
977	22
978	25
979	21
980	22
981	34
982	27
983	31
984	29
985	24
986	35
987	30
988	27
989	23
990	26
991	24
992	25
993	30
994	35
995	26
996	32
997	27
998	33
999	37
1000	30
1001	36
1002	29
1003	37
1004	33
1005	19
1006	26
1007	23
1008	37
1009	49
1010	27
1011	29
1012	19
1013	40
1014	20
1015	36
1016	30
1017	34
1018	29
1019	20
1020	36
1021	36
1022	25
1023	32
1024	32
1025	29
1026	28
1027	25
1028	27
1029	29
1030	25
1031	30
1032	25
1033	20
1034	36
1035	22
1036	25
1037	16
1038	25
1039	29
1040	27
1041	22
1042	25
1043	15
1044	18
1045	28
1046	24
1047	23
1048	19
1049	23
1050	23
1051	27
1052	18
1053	15
1054	17
1055	22
1056	31
1057	16
1058	21
1059	21
1060	16
1061	33
1062	23
1063	25
1064	27
1065	30
1066	29
1067	27
1068	18
1069	26
1070	23
1071	20
1072	24
1073	21
1074	26
1075	27
1076	24
1077	21
1078	25
1079	19
1080	22
1081	30
1082	22
1083	23
1084	21
1085	20
1086	25
1087	20
1088	37
1089	21
1090	36
1091	22
1092	36
1093	27
1094	21
1095	24
1096	18
1097	19
1098	32
1099	21
1100	28
1101	20
1102	29
1103	22
1104	30
1105	23
1106	24
1107	19
1108	30
1109	29
1110	27
1111	24
1112	23
1113	15
1114	18
1115	26
1116	18
1117	20
1118	23
1119	25
1120	30
1121	25
1122	26
1123	29
1124	21
1125	21
1126	14
1127	20
1128	20
1129	26
1130	22
1131	27
1132	23
1133	18
1134	19
1135	19
1136	19
1137	14
1138	20
1139	21
1140	20
1141	24
1142	17
1143	20
1144	16
1145	14
1146	9
1147	22
1148	18
1149	17
1150	20
1151	22
1152	19
1153	20
1154	20
1155	26
1156	16
1157	14
1158	14
1159	19
1160	12
1161	16
1162	11
1163	18
1164	14
1165	13
1166	23
1167	16
1168	16
1169	16
1170	18
1171	17
1172	19
1173	25
1174	13
1175	19
1176	10
1177	21
1178	22
1179	18
1180	16
1181	13
1182	23
1183	25
1184	19
1185	8
1186	15
1187	13
1188	10
1189	24
1190	17
1191	15
1192	14
1193	15
1194	22
1195	14
1196	22
1197	23
1198	18
1199	23
1200	22
1201	18
1202	22
1203	21
1204	9
1205	10
1206	27
1207	17
1208	18
1209	19
1210	24
1211	19
1212	26
1213	19
1214	24
1215	24
1216	22
1217	17
1218	27
1219	21
1220	16
1221	21
1222	19
1223	19
1224	19
1225	16
1226	16
1227	18
1228	26
1229	13
1230	29
1231	18
1232	16
1233	17
1234	15
1235	13
1236	11
1237	20
1238	20
1239	10
1240	17
1241	27
1242	14
1243	17
1244	13
1245	15
1246	19
1247	32
1248	18
1249	13
1250	14
1251	19
1252	19
1253	18
1254	24
1255	15
1256	14
1257	22
1258	18
1259	14
1260	17
1261	24
1262	20
1263	17
1264	28
1265	7
1266	21
1267	25
1268	25
1269	20
1270	20
1271	17
1272	30
1273	28
1274	14
1275	19
1276	23
1277	18
1278	26
1279	21
1280	20
1281	25
1282	28
1283	18
1284	16
1285	20
1286	17
1287	18
1288	15
1289	16
1290	14
1291	9
1292	15
1293	17
1294	15
1295	13
1296	14
1297	22
1298	19
1299	15
1300	20
1301	16
1302	9
1303	16
1304	14
1305	27
1306	17
1307	13
1308	16
1309	20
1310	9
1311	20
1312	22
1313	19
1314	19
1315	11
1316	12
1317	22
1318	20
1319	15
1320	18
1321	20
1322	13
1323	17
1324	15
1325	17
1326	14
1327	12
1328	19
1329	19
1330	17
1331	18
1332	13
1333	20
1334	19
1335	14
1336	17
1337	13
1338	25
1339	16
1340	13
1341	17
1342	18
1343	15
1344	16
1345	12
1346	15
1347	18
1348	17
1349	16
1350	18
1351	10
1352	31
1353	25
1354	17
1355	16
1356	19
1357	17
1358	17
1359	16
1360	21
1361	19
1362	12
1363	16
1364	26
1365	18
1366	23
1367	18
1368	24
1369	15
1370	21
1371	19
1372	17
1373	16
1374	15
1375	19
1376	22
1377	25
1378	15
1379	13
1380	21
1381	16
1382	19
1383	22
1384	19
1385	14
1386	19
1387	20
1388	19
1389	15
1390	20
1391	21
1392	25
1393	20
1394	27
1395	15
1396	18
1397	25
1398	21
1399	29
1400	23
1401	21
1402	28
1403	22
1404	28
1405	22
1406	13
1407	22
1408	18
1409	22
1410	24
1411	14
1412	25
1413	15
1414	20
1415	15
1416	20
1417	33
1418	24
1419	31
1420	19
1421	29
1422	23
1423	24
1424	22
1425	27
1426	29
1427	28
1428	27
1429	21
1430	33
1431	28
1432	18
1433	19
1434	26
1435	13
1436	33
1437	29
1438	24
1439	23
1440	27
1441	23
1442	17
1443	25
1444	17
1445	23
1446	17
1447	17
1448	28
1449	30
1450	25
1451	17
1452	18
1453	20
1454	17
1455	29
1456	29
1457	27
1458	25
1459	21
1460	23
1461	23
1462	26
1463	18
1464	19
1465	36
1466	31
1467	23
1468	28
1469	30
1470	19
1471	24
1472	19
1473	26
1474	23
1475	21
1476	24
1477	34
1478	21
1479	19
1480	29
1481	26
1482	18
1483	25
1484	22
1485	26
1486	26
1487	23
1488	22
1489	37
1490	26
1491	27
1492	27
1493	22
1494	29
1495	34
1496	21
1497	33
1498	28
1499	22
1500	16
1501	23
1502	25
1503	19
1504	26
1505	20
1506	20
1507	24
1508	23
1509	21
1510	25
1511	25
1512	16
1513	24
1514	25
1515	19
1516	23
1517	25
1518	11
1519	24
1520	20
1521	19
1522	24
1523	15
1524	19
1525	15
1526	12
1527	17
1528	18
1529	14
1530	17
1531	16
1532	23
1533	21
1534	18
1535	18
1536	15
1537	16
1538	13
1539	17
1540	26
1541	12
1542	13
1543	18
1544	14
1545	14
1546	18
1547	17
1548	23
1549	19
1550	14
1551	23
1552	16
1553	18
1554	20
1555	19
1556	20
1557	31
1558	22
1559	27
1560	18
1561	20
1562	17
1563	19
1564	14
1565	15
1566	25
1567	22
1568	16
1569	26
1570	16
1571	22
1572	22
1573	16
1574	14
1575	23
1576	15
1577	22
1578	17
1579	23
1580	15
1581	14
1582	25
1583	16
1584	30
1585	24
1586	31
1587	25
1588	22
1589	25
1590	24
1591	19
1592	24
1593	27
1594	12
1595	15
1596	18
1597	22
1598	18
1599	13
1600	18
1601	26
1602	26
1603	16
1604	16
1605	30
1606	22
1607	17
1608	15
1609	26
1610	19
1611	17
1612	24
1613	20
1614	29
1615	17
1616	14
1617	30
1618	27
1619	35
1620	19
1621	17
1622	24
1623	17
1624	25
1625	15
1626	29
1627	20
1628	23
1629	20
1630	25
1631	15
1632	24
1633	13
1634	33
1635	19
1636	36
1637	21
1638	17
1639	18
1640	17
1641	21
1642	19
1643	14
1644	20
1645	13
1646	23
1647	21
1648	23
1649	19
1650	15
1651	24
1652	23
1653	15
1654	21
1655	16
1656	22
1657	26
1658	28
1659	12
1660	24
1661	24
1662	15
1663	6
1664	20
1665	18
1666	29
1667	19
1668	17
1669	16
1670	22
1671	16
1672	15
1673	21
1674	24
1675	14
1676	18
1677	18
1678	26
1679	27
1680	17
1681	20
1682	25
1683	21
1684	20
1685	18
1686	32
1687	24
1688	20
1689	21
1690	29
1691	21
1692	19
1693	19
1694	21
1695	27
1696	21
1697	18
1698	17
1699	17
1700	16
1701	28
1702	12
1703	15
1704	19
1705	18
1706	20
1707	15
1708	18
1709	19
1710	25
1711	15
1712	22
1713	24
1714	36
1715	14
1716	24
1717	15
1718	15
1719	18
1720	22
1721	27
1722	17
1723	20
1724	31
1725	16
1726	16
1727	23
1728	24
1729	18
1730	18
1731	28
1732	20
1733	22
1734	21
1735	20
1736	29
1737	15
1738	16
1739	20
1740	21
1741	20
1742	21
1743	19
1744	14
1745	24
1746	23
1747	24
1748	23
1749	18
1750	21
1751	20
1752	19
1753	30
1754	20
1755	21
1756	22
1757	29
1758	25
1759	32
1760	23
1761	33
1762	26
1763	24
1764	27
1765	21
1766	28
1767	18
1768	38
1769	29
1770	34
1771	22
1772	24
1773	22
1774	30
1775	25
1776	33
1777	33
1778	18
1779	32
1780	21
1781	25
1782	19
1783	25
1784	33
1785	25
1786	27
1787	27
1788	31
1789	21
1790	27
1791	33
1792	27
1793	30
1794	34
1795	27
1796	29
1797	26
1798	26
1799	26
1800	29
1801	24
1802	28
1803	22
1804	25
1805	28
1806	21
1807	24
1808	16
1809	25
1810	31
1811	23
1812	18
1813	26
1814	35
1815	26
1816	23
1817	15
1818	28
1819	26
1820	28
1821	26
1822	25
1823	31
1824	24
1825	30
1826	25
1827	32
1828	24
1829	22
1830	22
1831	24
1832	20
1833	25
1834	27
1835	31
1836	32
1837	26
1838	33
1839	30
1840	30
1841	18
1842	29
1843	29
1844	25
1845	23
1846	21
1847	24
1848	17
1849	24
1850	28
1851	20
1852	25
1853	17
1854	22
1855	27
1856	18
1857	24
1858	22
1859	24
1860	30
1861	24
1862	20
1863	19
1864	28
1865	28
1866	30
1867	21
1868	35
1869	22
1870	22
1871	29
1872	28
1873	42
1874	21
1875	28
1876	30
1877	30
1878	16
1879	36
1880	26
1881	33
1882	25
1883	23
1884	32
1885	29
1886	26
1887	25
1888	18
1889	23
1890	20
1891	20
1892	23
1893	22
1894	22
1895	23
1896	19
1897	35
1898	28
1899	21
1900	41
1901	24
1902	28
1903	29
1904	25
1905	22
1906	24
1907	35
1908	19
1909	27
1910	24
1911	25
1912	18
1913	28
1914	20
1915	18
1916	17
1917	18
1918	22
1919	14
1920	26
1921	20
1922	13
1923	22
1924	14
1925	18
1926	16
1927	20
1928	14
1929	16
1930	17
1931	20
1932	19
1933	22
1934	23
1935	26
1936	19
1937	21
1938	18
1939	16
1940	19
1941	15
1942	25
1943	18
1944	24
1945	27
1946	25
1947	20
1948	27
1949	17
1950	22
1951	22
1952	20
1953	18
1954	16
1955	22
1956	17
1957	15
1958	23
1959	25
1960	20
1961	24
1962	19
1963	21
1964	10
1965	19
1966	13
1967	17
1968	18
1969	16
1970	25
1971	22
1972	21
1973	25
1974	17
1975	25
1976	24
1977	26
1978	22
1979	21
1980	21
1981	23
1982	21
1983	20
1984	21
1985	14
1986	24
1987	11
1988	19
1989	22
1990	30
1991	20
1992	17
1993	22
1994	26
1995	21
1996	20
1997	22
1998	23
1999	17
2000	15
2001	23
2002	25
2003	20
2004	27
2005	25
2006	16
2007	12
2008	16
2009	16
2010	21
2011	19
2012	16
2013	25
2014	22
2015	22
2016	23
2017	17
2018	20
2019	18
2020	20
2021	20
2022	29
2023	25
2024	19
2025	26
2026	17
2027	20
2028	27
2029	25
2030	31
2031	21
2032	33
2033	27
2034	20
2035	21
2036	18
2037	17
2038	19
2039	25
2040	30
2041	17
2042	21
2043	22
2044	24
2045	20
2046	15
2047	13
2048	22
2049	24
2050	18
2051	20
2052	21
2053	32
2054	17
2055	27
2056	24
2057	22
2058	14
2059	18
2060	20
2061	21
2062	17
2063	17
2064	23
2065	12
2066	13
2067	15
2068	14
2069	19
2070	16
2071	25
2072	21
2073	19
2074	12
2075	25
2076	21
2077	17
2078	19
2079	23
2080	23
2081	27
2082	19
2083	25
2084	29
2085	29
2086	25
2087	21
2088	23
2089	23
2090	22
2091	23
2092	23
2093	24
2094	24
2095	22
2096	33
2097	22
2098	23
2099	23
2100	18
2101	22
2102	27
2103	25
2104	14
2105	16
2106	35
2107	28
2108	21
2109	16
2110	23
2111	26
2112	26
2113	16
2114	23
2115	13
2116	24
2117	20
2118	23
2119	23
2120	22
2121	20
2122	21
2123	26
2124	18
2125	18
2126	22
2127	17
2128	17
2129	23
2130	13
2131	19
2132	25
2133	20
2134	13
2135	21
2136	19
2137	21
2138	16
2139	17
2140	22
2141	18
2142	20
2143	31
2144	23
2145	26
2146	22
2147	23
2148	27
2149	18
2150	20
2151	21
2152	22
2153	24
2154	23
2155	15
2156	20
2157	22
2158	17
2159	29
2160	16
2161	19
2162	25
2163	16
2164	29
2165	19
2166	26
2167	24
2168	23
2169	13
2170	17
2171	28
2172	30
2173	12
2174	20
2175	25
2176	19
2177	24
2178	30
2179	24
2180	28
2181	20
2182	24
2183	14
2184	15
2185	16
2186	26
2187	18
2188	31
2189	15
2190	23
2191	23
2192	19
2193	18
2194	27
2195	12
2196	29
2197	15
2198	27
2199	18
2200	24
2201	20
2202	21
2203	21
2204	19
2205	27
2206	17
2207	27
2208	19
2209	20
2210	21
2211	25
2212	22
2213	16
2214	23
2215	20
2216	30
2217	23
2218	23
2219	18
2220	18
2221	23
2222	28
2223	15
2224	21
2225	31
2226	22
2227	22
2228	26
2229	21
2230	16
2231	25
2232	18
2233	29
2234	27
2235	29
2236	26
2237	29
2238	30
2239	31
2240	25
2241	28
2242	25
2243	18
2244	21
2245	24
2246	32
2247	32
2248	19
2249	25
2250	31
2251	22
2252	31
2253	21
2254	23
2255	23
2256	13
2257	29
2258	23
2259	37
2260	25
2261	28
2262	26
2263	28
2264	22
2265	24
2266	20
2267	26
2268	28
2269	25
2270	28
2271	30
2272	28
2273	30
2274	30
2275	21
2276	19
2277	18
2278	31
2279	23
2280	21
2281	27
2282	20
2283	19
2284	29
2285	18
2286	27
2287	21
2288	24
2289	32
2290	20
2291	18
2292	22
2293	13
2294	22
2295	15
2296	23
2297	26
2298	30
2299	18
2300	23
2301	25
2302	11
2303	27
2304	29
2305	25
2306	22
2307	28
2308	29
2309	30
2310	25
2311	30
2312	21
2313	29
2314	19
2315	23
2316	22
2317	23
2318	25
2319	28
2320	24
2321	19
2322	21
2323	18
2324	23
2325	25
2326	24
2327	26
2328	25
2329	31
2330	24
2331	23
2332	35
2333	23
2334	24
2335	36
2336	29
2337	24
2338	24
2339	25
2340	30
2341	29
2342	28
2343	30
2344	28
2345	22
2346	23
2347	25
2348	26
2349	22
2350	20
2351	23
2352	33
2353	23
2354	25
2355	26
2356	24
2357	27
2358	24
2359	23
2360	24
2361	22
2362	26
2363	24
2364	22
2365	15
2366	25
2367	19
2368	21
2369	16
2370	24
2371	18
2372	26
2373	27
2374	26
2375	24
2376	29
2377	13
2378	21
2379	25
2380	21
2381	32
2382	21
2383	20
2384	24
2385	19
2386	21
2387	23
2388	13
2389	17
2390	15
2391	17
2392	21
2393	19
2394	26
2395	16
2396	32
2397	25
2398	26
2399	22
2400	30
2401	20
2402	26
2403	23
2404	21
2405	25
2406	19
2407	29
2408	25
2409	20
2410	18
2411	23
2412	27
2413	17
2414	7
2415	11
2416	26
2417	30
2418	20
2419	14
2420	13
2421	15
2422	19
2423	18
2424	19
2425	29
2426	26
2427	30
2428	22
2429	20
2430	25
2431	26
2432	22
2433	20
2434	21
2435	22
2436	27
2437	24
2438	18
2439	22
2440	15
2441	13
2442	18
2443	25
2444	21
2445	18
2446	19
2447	24
2448	14
2449	18
2450	21
2451	23
2452	24
2453	31
2454	17
2455	29
2456	34
2457	33
2458	24
2459	22
2460	29
2461	15
2462	18
2463	29
2464	19
2465	29
2466	24
2467	28
2468	20
2469	29
2470	23
2471	15
2472	24
2473	20
2474	34
2475	26
2476	21
2477	27
2478	19
2479	16
2480	16
2481	23
2482	22
2483	25
2484	25
2485	24
2486	19
2487	21
2488	24
2489	25
2490	23
2491	20
2492	24
2493	21
2494	16
2495	24
2496	26
2497	29
2498	16
2499	19
2500	17
2501	24
2502	23
2503	27
2504	26
2505	30
2506	18
2507	28
2508	30
2509	29
2510	21
2511	26
2512	19
2513	25
2514	20
2515	20
2516	27
2517	18
2518	26
2519	21
2520	28
2521	23
2522	18
2523	23
2524	26
2525	15
2526	25
2527	27
2528	23
2529	23
2530	28
2531	30
2532	21
2533	28
2534	28
2535	29
2536	21
2537	16
2538	18
2539	17
2540	20
2541	24
2542	24
2543	19
2544	29
2545	21
2546	16
2547	25
2548	27
2549	23
2550	23
2551	21
2552	13
2553	18
2554	24
2555	21
2556	26
2557	21
2558	32
2559	31
2560	16
2561	32
2562	29
2563	30
2564	13
2565	24
2566	32
2567	26
2568	21
2569	23
2570	26
2571	32
2572	25
2573	20
2574	20
2575	20
2576	22
2577	26
2578	28
2579	26
2580	27
2581	24
2582	28
2583	30
2584	30
2585	17
2586	24
2587	28
2588	23
2589	31
2590	31
2591	27
2592	27
2593	22
2594	28
2595	26
2596	24
2597	25
2598	22
2599	24
2600	31
2601	23
2602	21
2603	13
2604	30
2605	25
2606	24
2607	28
2608	22
2609	22
2610	27
2611	24
2612	28
2613	28
2614	22
2615	18
2616	19
2617	27
2618	20
2619	32
2620	25
2621	33
2622	27
2623	24
2624	30
2625	19
2626	23
2627	26
2628	27
2629	18
2630	23
2631	24
2632	26
2633	17
2634	22
2635	23
2636	24
2637	20
2638	30
2639	18
2640	29
2641	20
2642	25
2643	22
2644	25
2645	27
2646	20
2647	23
2648	28
2649	23
2650	27
2651	23
2652	15
2653	28
2654	21
2655	29
2656	23
2657	21
2658	16
2659	12
2660	23
2661	16
2662	19
2663	28
2664	15
2665	24
2666	23
2667	19
2668	24
2669	17
2670	22
2671	22
2672	31
2673	21
2674	12
2675	19
2676	17
2677	23
2678	19
2679	22
2680	23
2681	35
2682	23
2683	14
2684	24
2685	29
2686	23
2687	33
2688	22
2689	15
2690	31
2691	29
2692	24
2693	28
2694	20
2695	27
2696	22
2697	25
2698	22
2699	17
2700	33
2701	24
2702	26
2703	30
2704	28
2705	26
2706	23
2707	27
2708	20
2709	17
2710	19
2711	23
2712	24
2713	22
2714	17
2715	28
2716	18
2717	23
2718	28
2719	34
2720	18
2721	21
2722	18
2723	24
2724	25
2725	19
2726	23
2727	23
2728	21
2729	18
2730	17
2731	22
2732	14
2733	27
2734	28
2735	24
2736	26
2737	31
2738	13
2739	18
2740	13
2741	18
2742	20
2743	26
2744	20
2745	17
2746	16
2747	18
2748	28
2749	28
2750	15
2751	18
2752	31
2753	29
2754	23
2755	20
2756	23
2757	22
2758	24
2759	30
2760	26
2761	17
2762	19
2763	25
2764	25
2765	26
2766	21
2767	22
2768	30
2769	28
2770	21
2771	22
2772	21
2773	28
2774	26
2775	23
2776	20
2777	24
2778	28
2779	20
2780	19
2781	27
2782	20
2783	30
2784	28
2785	14
2786	19
2787	27
2788	20
2789	25
2790	24
2791	25
2792	15
2793	19
2794	31
2795	18
2796	27
2797	28
2798	23
2799	17
2800	14
2801	31
2802	17
2803	27
2804	21
2805	21
2806	23
2807	26
2808	20
2809	20
2810	24
2811	28
2812	22
2813	16
2814	30
2815	30
2816	33
2817	23
2818	25
2819	21
2820	21
2821	25
2822	26
2823	29
2824	13
2825	19
2826	26
2827	21
2828	29
2829	25
2830	24
2831	17
2832	26
2833	22
2834	22
2835	23
2836	28
2837	26
2838	21
2839	11
2840	20
2841	23
2842	17
2843	17
2844	17
2845	17
2846	25
2847	19
2848	19
2849	16
2850	17
2851	30
2852	26
2853	26
2854	21
2855	13
2856	22
2857	20
2858	19
2859	18
2860	17
2861	17
2862	16
2863	18
2864	19
2865	24
2866	11
2867	13
2868	17
2869	18
2870	22
2871	16
2872	16
2873	22
2874	22
2875	16
2876	20
2877	16
2878	15
2879	17
2880	19
2881	18
2882	16
2883	19
2884	18
2885	12
2886	24
2887	16
2888	16
2889	21
2890	12
2891	18
2892	12
2893	13
2894	19
2895	11
2896	21
2897	23
2898	19
2899	10
2900	9
2901	19
2902	20
2903	20
2904	15
2905	21
2906	12
2907	18
2908	16
2909	19
2910	22
2911	14
2912	17
2913	14
2914	18
2915	23
2916	19
2917	19
2918	15
2919	21
2920	23
2921	13
2922	22
2923	22
2924	27
2925	20
2926	20
2927	16
2928	26
2929	17
2930	20
2931	27
2932	16
2933	19
2934	20
2935	28
2936	21
2937	19
2938	16
2939	22
2940	19
2941	17
2942	26
2943	15
2944	22
2945	18
2946	25
2947	24
2948	24
2949	17
2950	17
2951	14
2952	20
2953	18
2954	14
2955	16
2956	16
2957	23
2958	27
2959	24
2960	17
2961	21
2962	19
2963	18
2964	20
2965	14
2966	11
2967	14
2968	18
2969	16
2970	26
2971	11
2972	16
2973	18
2974	19
2975	14
2976	19
2977	16
2978	15
2979	20
2980	13
2981	12
2982	10
2983	13
2984	18
2985	18
2986	12
2987	16
2988	14
2989	17
2990	13
2991	14
2992	15
2993	20
2994	12
2995	6
2996	13
2997	17
2998	16
2999	12
3000	13
3001	8
3002	18
3003	22
3004	10
3005	24
3006	14
3007	21
3008	7
3009	15
3010	12
3011	14
3012	13
3013	20
3014	11
3015	11
3016	11
3017	12
3018	8
3019	14
3020	9
3021	14
3022	15
3023	8
3024	10
3025	10
3026	11
3027	14
3028	17
3029	7
3030	16
3031	18
3032	10
3033	7
3034	9
3035	7
3036	12
3037	19
3038	13
3039	11
3040	20
3041	11
3042	13
3043	14
3044	13
3045	12
3046	16
3047	16
3048	10
3049	15
3050	17
3051	15
3052	6
3053	11
3054	15
3055	17
3056	13
3057	14
3058	11
3059	13
3060	12
3061	11
3062	8
3063	10
3064	10
3065	17
3066	9
3067	10
3068	12
3069	11
3070	18
3071	13
3072	7
3073	9
3074	10
3075	7
3076	8
3077	5
3078	7
3079	9
3080	10
3081	15
3082	8
3083	12
3084	3
3085	10
3086	8
3087	5
3088	8
3089	8
3090	9
3091	5
3092	10
3093	7
3094	5
3095	6
3096	7
3097	7
3098	9
3099	8
3100	11
3101	9
3102	11
3103	10
3104	4
3105	11
3106	11
3107	7
3108	8
3109	9
3110	6
3111	9
3112	15
3113	4
3114	14
3115	4
3116	8
3117	9
3118	5
3119	7
3120	7
3121	10
3122	12
3123	4
3124	8
3125	4
3126	6
3127	9
3128	9
3129	11
3130	7
3131	14
3132	12
3133	11
3134	6
3135	8
3136	6
3137	12
3138	13
3139	10
3140	10
3141	12
3142	10
3143	5
3144	7
3145	12
3146	5
3147	8
3148	8
3149	2
3150	12
3151	8
3152	6
3153	8
3154	14
3155	7
3156	7
3157	11
3158	10
3159	8
3160	10
3161	9
3162	11
3163	4
3164	7
3165	7
3166	4
3167	9
3168	6
3169	5
3170	10
3171	11
3172	8
3173	9
3174	6
3175	12
3176	9
3177	6
3178	11
3179	3
3180	4
3181	10
3182	5
3183	7
3184	11
3185	5
3186	9
3187	7
3188	4
3189	5
3190	6
3191	6
3192	8
3193	12
3194	7
3195	7
3196	11
3197	4
3198	3
3199	12
3200	11
3201	9
3202	7
3203	17
3204	6
3205	9
3206	11
3207	11
3208	9
3209	6
3210	9
3211	4
3212	8
3213	3
3214	11
3215	4
3216	10
3217	7
3218	12
3219	9
3220	12
3221	8
3222	5
3223	7
3224	4
3225	12
3226	10
3227	3
3228	8
3229	8
3230	4
3231	12
3232	10
3233	7
3234	4
3235	8
3236	3
3237	2
3238	7
3239	5
3240	8
3241	9
3242	5
3243	11
3244	8
3245	6
3246	4
3247	6
3248	12
3249	8
3250	5
3251	7
3252	6
3253	6
3254	2
3255	7
3256	11
3257	8
3258	10
3259	3
3260	5
3261	2
3262	4
3263	7
3264	4
3265	5
3266	5
3267	9
3268	8
3269	10
3270	5
3271	6
3272	5
3273	4
3274	6
3275	4
3276	4
3277	5
3278	5
3279	6
3280	5
3281	6
3282	8
3283	6
3284	7
3285	5
3286	6
3287	6
3288	2
3289	1
3290	6
3291	5
3292	3
3293	5
3294	5
3295	5
3296	2
3297	6
3298	2
3299	3
3300	6
3301	3
3302	7
3303	3
3304	1
3305	3
3306	6
3307	4
3308	6
3309	9
3310	3
3311	4
3312	2
3313	7
3314	3
3315	5
3316	3
3317	6
3318	3
3319	3
3320	5
3321	7
3322	3
3323	6
3324	8
3325	4
3326	2
3327	7
3328	2
3329	7
3330	1
3331	3
3332	5
3333	11
3334	5
3335	5
3336	3
3337	4
3338	6
3339	5
3340	7
3341	6
3342	9
3343	4
3344	5
3345	9
3346	7
3347	5
3348	12
3349	7
3350	7
3351	7
3352	8
3353	5
3354	6
3355	4
3356	5
3357	6
3358	4
3359	3
3360	5
3361	8
3362	2
3363	7
3364	12
3365	7
3366	5
3367	2
3368	2
3369	3
3370	6
3371	6
3372	1
3373	1
3374	6
3375	8
3376	3
3377	3
3378	7
3379	3
3380	3
3381	3
3382	3
3383	4
3384	3
3385	2
3386	3
3387	10
3388	3
3389	0
3390	3
3391	7
3392	6
3393	6
3394	2
3395	3
3396	5
3397	1
3398	5
3399	1
3400	4
3401	5
3402	4
3403	2
3404	1
3405	2
3406	7
3407	2
3408	6
3409	4
3410	5
3411	6
3412	5
3413	5
3414	3
3415	6
3416	3
3417	6
3418	3
3419	4
3420	1
3421	4
3422	4
3423	4
3424	2
3425	5
3426	3
3427	1
3428	2
3429	2
3430	1
3431	7
3432	2
3433	7
3434	4
3435	0
3436	1
3437	4
3438	2
3439	6
3440	4
3441	7
3442	6
3443	7
3444	8
3445	6
3446	5
3447	6
3448	9
3449	6
3450	5
3451	4
3452	6
3453	5
3454	6
3455	2
3456	3
3457	8
3458	3
3459	7
3460	3
3461	5
3462	5
3463	6
3464	2
3465	7
3466	5
3467	5
3468	3
3469	4
3470	3
3471	4
3472	2
3473	6
3474	1
3475	3
3476	4
3477	2
3478	6
3479	2
3480	3
3481	5
3482	4
3483	3
3484	2
3485	4
3486	6
3487	8
3488	1
3489	7
3490	3
3491	2
3492	2
3493	8
3494	5
3495	4
3496	0
3497	3
3498	2
3499	6
3500	2
3501	1
3502	5
3503	4
3504	2
3505	3
3506	0
3507	2
3508	2
3509	2
3510	2
3511	1
3512	1
3513	1
3514	4
3515	3
3516	5
3517	3
3518	4
3519	5
3520	3
3521	3
3522	3
3523	2
3524	3
3525	3
3526	6
3527	1
3528	3
3529	3
3530	4
3531	4
3532	2
3533	1
3534	4
3535	1
3536	3
3537	1
3538	3
3539	4
3540	2
3541	1
3542	2
3543	3
3544	3
3545	2
3546	5
3547	3
3548	2
3549	4
3550	3
3551	1
3552	0
3553	3
3554	4
3555	2
3556	1
3557	1
3558	3
3559	1
3560	3
3561	3
3562	1
3563	3
3564	0
3565	2
3566	2
3567	0
3568	7
3569	8
3570	4
3571	2
3572	3
3573	5
3574	2
3575	4
3576	5
3577	3
3578	5
3579	2
3580	4
3581	6
3582	2
3583	2
3584	5
3585	4
3586	6
3587	4
3588	3
3589	4
3590	3
3591	4
3592	3
3593	0
3594	2
3595	2
3596	5
3597	7
3598	3
3599	4
3600	1
3601	3
3602	3
3603	4
3604	4
3605	2
3606	3
3607	5
3608	4
3609	3
3610	3
3611	2
3612	2
3613	3
3614	5
3615	5
3616	3
3617	5
3618	5
3619	2
3620	5
3621	7
3622	3
3623	2
3624	7
3625	3
3626	5
3627	6
3628	4
3629	3
3630	3
3631	2
3632	5
3633	2
3634	7
3635	2
3636	1
3637	0
3638	3
3639	2
3640	1
3641	4
3642	5
3643	1
3644	2
3645	5
3646	1
3647	4
3648	3
3649	3
3650	3
3651	5
3652	7
3653	2
3654	5
3655	3
3656	3
3657	1
3658	5
3659	2
3660	2
3661	5
3662	2
3663	2
3664	3
3665	2
3666	3
3667	4
3668	5
3669	1
3670	1
3671	2
3672	6
3673	5
3674	2
3675	1
3676	5
3677	4
3678	3
3679	3
3680	3
3681	1
3682	3
3683	3
3684	3
3685	2
3686	4
3687	0
3688	2
3689	2
3690	3
3691	2
3692	2
3693	3
3694	5
3695	3
3696	4
3697	5
3698	2
3699	3
3700	4
3701	2
3702	2
3703	3
3704	6
3705	4
3706	5
3707	4
3708	3
3709	2
3710	1
3711	5
3712	2
3713	2
3714	2
3715	1
3716	4
3717	0
3718	0
3719	4
3720	2
3721	2
3722	2
3723	1
3724	2
3725	3
3726	1
3727	0
3728	1
3729	6
3730	2
3731	1
3732	2
3733	3
3734	6
3735	4
3736	1
3737	4
3738	2
3739	1
3740	2
3741	3
3742	1
3743	4
3744	4
3745	6
3746	3
3747	3
3748	0
3749	5
3750	0
3751	2
3752	6
3753	2
3754	2
3755	2
3756	0
3757	3
3758	4
3759	3
3760	2
3761	1
3762	2
3763	2
3764	5
3765	6
3766	2
3767	8
3768	2
3769	1
3770	2
3771	3
3772	4
3773	5
3774	4
3775	5
3776	4
3777	4
3778	6
3779	3
3780	1
3781	1
3782	4
3783	1
3784	3
3785	5
3786	2
3787	2
3788	1
3789	2
3790	5
3791	2
3792	0
3793	2
3794	5
3795	2
3796	4
3797	1
3798	0
3799	2
3800	5
3801	3
3802	1
3803	3
3804	3
3805	6
3806	3
3807	2
3808	2
3809	2
3810	0
3811	2
3812	2
3813	2
3814	0
3815	3
3816	2
3817	4
3818	1
3819	4
3820	8
3821	4
3822	3
3823	2
3824	4
3825	2
3826	2
3827	2
3828	6
3829	1
3830	3
3831	1
3832	3
3833	2
3834	3
3835	4
3836	3
3837	4
3838	1
3839	3
3840	4
3841	4
3842	2
3843	3
3844	5
3845	4
3846	8
3847	0
3848	2
3849	1
3850	1
3851	2
3852	3
3853	1
3854	3
3855	2
3856	2
3857	1
3858	2
3859	0
3860	2
3861	0
3862	0
3863	0
3864	2
3865	3
3866	1
3867	2
3868	0
3869	2
3870	0
3871	4
3872	3
3873	1
3874	3
3875	1
3876	2
3877	1
3878	3
3879	2
3880	1
3881	3
3882	0
3883	1
3884	0
3885	7
3886	1
3887	1
3888	2
3889	3
3890	0
3891	0
3892	0
3893	8
3894	1
3895	1
3896	0
3897	3
3898	1
3899	2
3900	0
3901	2
3902	0
3903	1
3904	2
3905	2
3906	1
3907	1
3908	0
3909	0
3910	1
3911	1
3912	2
3913	3
3914	1
3915	2
3916	2
3917	1
3918	0
3919	3
3920	4
3921	3
3922	4
3923	1
3924	2
3925	1
3926	1
3927	2
3928	1
3929	2
3930	1
3931	1
3932	1
3933	2
3934	2
3935	0
3936	2
3937	0
3938	1
3939	0
3940	0
3941	0
3942	2
3943	0
3944	0
3945	2
3946	1
3947	2
3948	3
3949	3
3950	4
3951	3
3952	5
3953	4
3954	1
3955	1
3956	2
3957	2
3958	1
3959	1
3960	2
3961	1
3962	1
3963	2
3964	0
3965	2
3966	1
3967	2
3968	1
3969	1
3970	2
3971	4
3972	2
3973	1
3974	1
3975	0
3976	0
3977	2
3978	2
3979	3
3980	1
3981	0
3982	2
3983	2
3984	0
3985	4
3986	1
3987	0
3988	0
3989	0
3990	1
3991	2
3992	2
3993	1
3994	0
3995	1
3996	1
3997	1
3998	3
3999	1
4000	5
4001	2
4002	2
4003	1
4004	1
4005	1
4006	2
4007	3
4008	2
4009	3
4010	0
4011	1
4012	2
4013	2
4014	1
4015	3
4016	0
4017	2
4018	1
4019	0
4020	6
4021	1
4022	1
4023	6
4024	2
4025	1
4026	2
4027	1
4028	1
4029	5
4030	1
4031	0
4032	1
4033	4
4034	1
4035	2
4036	1
4037	1
4038	2
4039	1
4040	1
4041	1
4042	3
4043	1
4044	5
4045	4
4046	2
4047	0
4048	1
4049	3
4050	2
4051	2
4052	3
4053	2
4054	1
4055	3
4056	1
4057	2
4058	1
4059	1
4060	0
4061	0
4062	1
4063	0
4064	0
4065	3
4066	2
4067	2
4068	1
4069	2
4070	2
4071	0
4072	5
4073	3
4074	0
4075	2
4076	4
4077	1
4078	2
4079	1
4080	3
4081	2
4082	1
4083	2
4084	2
4085	0
4086	2
4087	1
4088	1
4089	1
4090	2
4091	3
4092	3
4093	2
4094	1
4095	3
4096	3
4097	1
4098	1
4099	0
4100	2
4101	1
4102	0
4103	0
4104	2
4105	3
4106	0
4107	0
4108	1
4109	1
4110	2
4111	1
4112	0
4113	3
4114	2
4115	1
4116	0
4117	1
4118	2
4119	2
4120	1
4121	1
4122	4
4123	1
4124	1
4125	2
4126	1
4127	3
4128	2
4129	0
4130	0
4131	1
4132	0
4133	2
4134	2
4135	1
4136	2
4137	3
4138	0
4139	2
4140	1
4141	0
4142	3
4143	2
4144	2
4145	0
4146	2
4147	2
4148	1
4149	3
4150	6
4151	1
4152	1
4153	3
4154	2
4155	0
4156	1
4157	2
4158	2
4159	1
4160	0
4161	1
4162	1
4163	2
4164	3
4165	0
4166	1
4167	1
4168	1
4169	3
4170	1
4171	1
4172	0
4173	1
4174	2
4175	2
4176	2
4177	3
4178	2
4179	1
4180	1
4181	0
4182	1
4183	2
4184	1
4185	3
4186	0
4187	1
4188	0
4189	1
4190	0
4191	2
4192	1
4193	3
4194	1
4195	1
4196	2
4197	2
4198	0
4199	1
4200	1
4201	1
4202	1
4203	5
4204	5
4205	1
4206	3
4207	0
4208	1
4209	2
4210	0
4211	1
4212	3
4213	1
4214	1
4215	1
4216	1
4217	2
4218	4
4219	1
4220	2
4221	0
4222	1
4223	1
4224	0
4225	0
4226	1
4227	2
4228	1
4229	1
4230	1
4231	2
4232	1
4233	1
4234	1
4235	0
4236	0
4237	2
4238	0
4239	1
4240	1
4241	1
4242	0
4243	0
4244	0
4245	3
4246	0
4247	0
4248	2
4249	1
4250	2
4251	0
4252	0
4253	4
4254	1
4255	2
4256	0
4257	1
4258	2
4259	1
4260	1
4261	0
4262	0
4263	2
4264	0
4265	1
4266	1
4267	2
4268	1
4269	0
4270	0
4271	0
4272	0
4273	0
4274	2
4275	1
4276	1
4277	1
4278	2
4279	0
4280	1
4281	3
4282	2
4283	1
4284	0
4285	2
4286	0
4287	2
4288	0
4289	1
4290	2
4291	1
4292	0
4293	1
4294	0
4295	0
4296	3
4297	3
4298	0
4299	0
4300	2
4301	0
4302	3
4303	1
4304	0
4305	0
4306	2
4307	1
4308	1
4309	2
4310	0
4311	1
4312	1
4313	3
4314	1
4315	2
4316	2
4317	0
4318	2
4319	3
4320	2
4321	1
4322	1
4323	0
4324	0
4325	1
4326	0
4327	0
4328	3
4329	2
4330	0
4331	3
4332	1
4333	1
4334	1
4335	0
4336	1
4337	0
4338	1
4339	5
4340	1
4341	0
4342	3
4343	3
4344	1
4345	0
4346	0
4347	1
4348	2
4349	2
4350	0
4351	1
4352	2
4353	3
4354	1
4355	1
4356	0
4357	3
4358	2
4359	4
4360	2
4361	1
4362	3
4363	2
4364	1
4365	2
4366	2
4367	0
4368	1
4369	3
4370	1
4371	0
4372	0
4373	0
4374	2
4375	0
4376	1
4377	0
4378	1
4379	1
4380	0
4381	1
4382	4
4383	5
4384	0
4385	0
4386	2
4387	1
4388	0
4389	2
4390	1
4391	6
4392	1
4393	1
4394	2
4395	3
4396	2
4397	1
4398	1
4399	2
4400	2
4401	3
4402	1
4403	1
4404	2
4405	1
4406	2
4407	0
4408	2
4409	2
4410	0
4411	2
4412	0
4413	4
4414	1
4415	0
4416	1
4417	1
4418	0
4419	2
4420	2
4421	3
4422	0
4423	2
4424	1
4425	3
4426	1
4427	1
4428	0
4429	0
4430	1
4431	1
4432	1
4433	0
4434	5
4435	1
4436	2
4437	1
4438	0
4439	1
4440	1
4441	2
4442	3
4443	1
4444	1
4445	1
4446	0
4447	0
4448	0
4449	0
4450	0
4451	1
4452	0
4453	1
4454	1
4455	1
4456	1
4457	0
4458	0
4459	1
4460	1
4461	0
4462	1
4463	0
4464	1
4465	2
4466	0
4467	3
4468	0
4469	3
4470	2
4471	0
4472	0
4473	1
4474	2
4475	0
4476	3
4477	1
4478	1
4479	1
4480	2
4481	2
4482	0
4483	0
4484	1
4485	2
4486	0
4487	1
4488	0
4489	1
4490	1
4491	1
4492	0
4493	2
4494	2
4495	2
4496	1
4497	1
4498	0
4499	0
4500	1
4501	0
4502	1
4503	2
4504	1
4505	4
4506	1
4507	2
4508	0
4509	0
4510	0
4511	1
4512	2
4513	1
4514	1
4515	1
4516	0
4517	1
4518	0
4519	1
4520	0
4521	1
4522	1
4523	0
4524	1
4525	0
4526	2
4527	4
4528	2
4529	0
4530	1
4531	2
4532	0
4533	2
4534	0
4535	0
4536	0
4537	0
4538	0
4539	2
4540	1
4541	3
4542	0
4543	0
4544	0
4545	0
4546	3
4547	3
4548	0
4549	1
4550	2
4551	1
4552	3
4553	1
4554	1
4555	0
4556	0
4557	2
4558	0
4559	1
4560	2
4561	1
4562	1
4563	1
4564	1
4565	4
4566	0
4567	2
4568	0
4569	1
4570	0
4571	2
4572	0
4573	1
4574	0
4575	0
4576	4
4577	0
4578	0
4579	2
4580	0
4581	2
4582	1
4583	0
4584	1
4585	1
4586	3
4587	1
4588	2
4589	1
4590	1
4591	0
4592	1
4593	2
4594	3
4595	1
4596	1
4597	2
4598	0
4599	0
4600	1
4601	2
4602	1
4603	1
4604	1
4605	1
4606	1
4607	0
4608	1
4609	1
4610	0
4611	0
4612	1
4613	0
4614	0
4615	2
4616	0
4617	0
4618	2
4619	1
4620	2
4621	2
4622	1
4623	0
4624	0
4625	0
4626	0
4627	1
4628	3
4629	0
4630	0
4631	0
4632	0
4633	3
4634	0
4635	0
4636	1
4637	1
4638	2
4639	0
4640	2
4641	0
4642	0
4643	1
4644	1
4645	1
4646	0
4647	2
4648	2
4649	0
4650	1
4651	2
4652	0
4653	1
4654	0
4655	1
4656	1
4657	0
4658	0
4659	2
4660	0
4661	1
4662	1
4663	2
4664	0
4665	0
4666	1
4667	0
4668	1
4669	0
4670	1
4671	1
4672	0
4673	2
4674	1
4675	0
4676	1
4677	2
4678	2
4679	1
4680	0
4681	1
4682	1
4683	2
4684	1
4685	0
4686	0
4687	0
4688	1
4689	2
4690	0
4691	0
4692	1
4693	1
4694	0
4695	0
4696	3
4697	1
4698	2
4699	0
4700	0
4701	0
4702	0
4703	0
4704	1
4705	0
4706	0
4707	2
4708	0
4709	0
4710	0
4711	0
4712	1
4713	0
4714	0
4715	0
4716	2
4717	0
4718	1
4719	0
4720	0
4721	1
4722	1
4723	1
4724	0
4725	1
4726	1
4727	0
4728	3
4729	3
4730	0
4731	0
4732	2
4733	0
4734	1
4735	1
4736	0
4737	0
4738	1
4739	2
4740	1
4741	0
4742	1
4743	0
4744	0
4745	0
4746	0
4747	0
4748	1
4749	0
4750	0
4751	2
4752	0
4753	1
4754	2
4755	0
4756	1
4757	2
4758	1
4759	0
4760	0
4761	1
4762	0
4763	0
4764	1
4765	0
4766	2
4767	2
4768	1
4769	0
4770	1
4771	1
4772	0
4773	0
4774	0
4775	1
4776	1
4777	0
4778	0
4779	1
4780	0
4781	2
4782	2
4783	0
4784	2
4785	2
4786	2
4787	0
4788	1
4789	1
4790	1
4791	0
4792	0
4793	0
4794	1
4795	1
4796	0
4797	0
4798	0
4799	0
4800	0
4801	1
4802	0
4803	0
4804	0
4805	0
4806	1
4807	0
4808	0
4809	1
4810	0
4811	0
4812	0
4813	2
4814	0
4815	0
4816	1
4817	0
4818	0
4819	0
4820	0
4821	1
4822	0
4823	1
4824	0
4825	0
4826	0
4827	0
4828	1
4829	3
4830	0
4831	0
4832	2
4833	2
4834	2
4835	1
4836	0
4837	0
4838	0
4839	1
4840	1
4841	1
4842	0
4843	1
4844	1
4845	0
4846	1
4847	0
4848	0
4849	1
4850	2
4851	1
4852	1
4853	0
4854	0
4855	1
4856	1
4857	1
4858	0
4859	0
4860	3
4861	0
4862	1
4863	0
4864	0
4865	0
4866	2
4867	0
4868	3
4869	0
4870	1
4871	1
4872	0
4873	2
4874	1
4875	1
4876	3
4877	0
4878	0
4879	1
4880	3
4881	0
4882	2
4883	2
4884	1
4885	1
4886	1
4887	2
4888	0
4889	2
4890	3
4891	0
4892	0
4893	0
4894	0
4895	2
4896	1
4897	2
4898	1
4899	0
4900	0
4901	2
4902	1
4903	2
4904	0
4905	1
4906	0
4907	2
4908	0
4909	0
4910	2
4911	0
4912	0
4913	2
4914	1
4915	1
4916	0
4917	3
4918	2
4919	1
4920	1
4921	0
4922	0
4923	2
4924	0
4925	0
4926	1
4927	0
4928	2
4929	1
4930	0
4931	0
4932	1
4933	1
4934	0
4935	4
4936	0
4937	2
4938	0
4939	1
4940	3
4941	0
4942	2
4943	2
4944	2
4945	0
4946	1
4947	3
4948	1
4949	0
4950	4
4951	1
4952	0
4953	0
4954	4
4955	0
4956	0
4957	1
4958	1
4959	2
4960	0
4961	2
4962	0
4963	0
4964	1
4965	0
4966	1
4967	1
4968	0
4969	0
4970	0
4971	3
4972	1
4973	1
4974	2
4975	2
4976	1
4977	0
4978	0
4979	0
4980	0
4981	2
4982	2
4983	1
4984	2
4985	2
4986	0
4987	0
4988	0
4989	1
4990	1
4991	1
4992	3
4993	1
4994	2
4995	1
4996	2
4997	0
4998	1
4999	0
5000	2
5001	0
5002	3
5003	2
5004	3
5005	0
5006	2
5007	1
5008	0
5009	1
5010	1
5011	1
5012	3
5013	1
5014	0
5015	0
5016	1
5017	1
5018	0
5019	3
5020	2
5021	3
5022	0
5023	2
5024	4
5025	2
5026	1
5027	0
5028	0
5029	1
5030	2
5031	2
5032	2
5033	4
5034	5
5035	1
5036	0
5037	0
5038	3
5039	1
5040	2
5041	1
5042	1
5043	2
5044	0
5045	1
5046	1
5047	1
5048	1
5049	0
5050	2
5051	1
5052	1
5053	1
5054	0
5055	1
5056	0
5057	1
5058	0
5059	0
5060	3
5061	0
5062	1
5063	0
5064	1
5065	1
5066	1
5067	1
5068	1
5069	4
5070	1
5071	1
5072	3
5073	0
5074	1
5075	1
5076	0
5077	2
5078	0
5079	2
5080	1
5081	0
5082	1
5083	1
5084	1
5085	0
5086	1
5087	0
5088	3
5089	1
5090	2
5091	0
5092	1
5093	0
5094	0
5095	0
5096	0
5097	0
5098	1
5099	1
5100	1
5101	1
5102	1
5103	1
5104	2
5105	1
5106	1
5107	2
5108	2
5109	0
5110	1
5111	1
5112	2
5113	0
5114	2
5115	0
5116	1
5117	1
5118	1
5119	2
5120	1
5121	0
5122	0
5123	0
5124	1
5125	2
5126	1
5127	1
5128	1
5129	0
5130	0
5131	1
5132	1
5133	0
5134	1
5135	1
5136	2
5137	1
5138	1
5139	0
5140	0
5141	3
5142	2
5143	0
5144	3
5145	1
5146	1
5147	2
5148	0
5149	0
5150	2
5151	0
5152	1
5153	1
5154	0
5155	3
5156	2
5157	1
5158	0
5159	0
5160	0
5161	0
5162	1
5163	1
5164	0
5165	3
5166	0
5167	0
5168	1
5169	0
5170	0
5171	1
5172	1
5173	1
5174	1
5175	1
5176	0
5177	1
5178	3
5179	0
5180	0
5181	0
5182	4
5183	0
5184	0
5185	0
5186	0
5187	1
5188	1
5189	1
5190	1
5191	0
5192	1
5193	3
5194	1
5195	3
5196	1
5197	0
5198	1
5199	1
5200	0
5201	0
5202	4
5203	1
5204	1
5205	0
5206	1
5207	0
5208	1
5209	0
5210	0
5211	0
5212	0
5213	0
5214	1
5215	1
5216	1
5217	1
5218	3
5219	0
5220	1
5221	1
5222	4
5223	1
5224	1
5225	0
5226	2
5227	1
5228	1
5229	4
5230	0
5231	1
5232	0
5233	0
5234	0
5235	1
5236	0
5237	1
5238	0
5239	0
5240	1
5241	2
5242	1
5243	0
5244	0
5245	0
5246	1
5247	0
5248	4
5249	0
5250	2
5251	0
5252	0
5253	3
5254	0
5255	0
5256	2
5257	0
5258	0
5259	0
5260	1
5261	0
5262	0
5263	2
5264	2
5265	1
5266	0
5267	1
5268	0
5269	1
5270	1
5271	0
5272	2
5273	0
5274	2
5275	0
5276	0
5277	0
5278	0
5279	1
5280	2
5281	2
5282	2
5283	4
5284	0
5285	1
5286	0
5287	1
5288	0
5289	0
5290	1
5291	2
5292	0
5293	0
5294	0
5295	1
5296	1
5297	2
5298	0
5299	3
5300	0
5301	1
5302	2
5303	1
5304	1
5305	2
5306	0
5307	2
5308	3
5309	1
5310	0
5311	1
5312	1
5313	1
5314	1
5315	0
5316	0
5317	0
5318	0
5319	1
5320	0
5321	1
5322	2
5323	1
5324	0
5325	2
5326	3
5327	2
5328	0
5329	0
5330	1
5331	0
5332	1
5333	0
5334	0
5335	0
5336	2
5337	0
5338	0
5339	0
5340	2
5341	1
5342	0
5343	1
5344	2
5345	1
5346	1
5347	4
5348	2
5349	2
5350	3
5351	0
5352	1
5353	1
5354	1
5355	4
5356	3
5357	3
5358	0
5359	0
5360	2
5361	1
5362	0
5363	1
5364	0
5365	1
5366	0
5367	2
5368	0
5369	1
5370	2
5371	2
5372	0
5373	2
5374	0
5375	3
5376	1
5377	2
5378	1
5379	0
5380	0
5381	1
5382	0
5383	2
5384	0
5385	1
5386	0
5387	0
5388	3
5389	0
5390	2
5391	0
5392	1
5393	1
5394	2
5395	1
5396	0
5397	1
5398	0
5399	0
5400	0
5401	0
5402	0
5403	0
5404	1
5405	2
5406	1
5407	3
5408	1
5409	1
5410	1
5411	0
5412	0
5413	0
5414	1
5415	0
5416	0
5417	0
5418	1
5419	0
5420	0
5421	0
5422	0
5423	1
5424	0
5425	1
5426	1
5427	1
5428	1
5429	1
5430	1
5431	2
5432	0
5433	0
5434	0
5435	3
5436	1
5437	1
5438	1
5439	1
5440	0
5441	4
5442	1
5443	0
5444	0
5445	1
5446	1
5447	0
5448	2
5449	1
5450	1
5451	0
5452	1
5453	2
5454	0
5455	1
5456	2
5457	1
5458	1
5459	1
5460	0
5461	0
5462	2
5463	3
5464	0
5465	1
5466	0
5467	1
5468	3
5469	1
5470	1
5471	0
5472	1
5473	1
5474	0
5475	2
5476	3
5477	2
5478	1
5479	2
5480	2
5481	1
5482	0
5483	0
5484	2
5485	2
5486	2
5487	0
5488	1
5489	1
5490	1
5491	1
5492	1
5493	2
5494	0
5495	2
5496	1
5497	1
5498	3
5499	1
5500	1
5501	1
5502	2
5503	3
5504	0
5505	1
5506	1
5507	3
5508	0
5509	2
5510	1
5511	1
5512	1
5513	0
5514	1
5515	0
5516	1
5517	0
5518	2
5519	2
5520	0
5521	1
5522	0
5523	0
5524	0
5525	0
5526	1
5527	1
5528	1
5529	2
5530	1
5531	1
5532	0
5533	0
5534	0
5535	2
5536	2
5537	0
5538	2
5539	1
5540	0
5541	0
5542	1
5543	0
5544	1
5545	1
5546	3
5547	0
5548	2
5549	2
5550	2
5551	1
5552	0
5553	0
5554	3
5555	2
5556	0
5557	1
5558	1
5559	1
5560	1
5561	1
5562	0
5563	0
5564	0
5565	1
5566	0
5567	0
5568	1
5569	0
5570	0
5571	0
5572	1
5573	0
5574	0
5575	0
5576	0
5577	1
5578	1
5579	0
5580	1
5581	0
5582	0
5583	0
5584	0
5585	1
5586	1
5587	1
5588	0
5589	1
5590	3
5591	0
5592	2
5593	1
5594	1
5595	2
5596	0
5597	1
5598	0
5599	1
5600	0
5601	1
5602	2
5603	1
5604	2
5605	0
5606	0
5607	4
5608	1
5609	1
5610	2
5611	1
5612	1
5613	1
5614	1
5615	2
5616	1
5617	0
5618	1
5619	2
5620	0
5621	1
5622	0
5623	1
5624	0
5625	1
5626	3
5627	1
5628	1
5629	0
5630	1
5631	0
5632	1
5633	0
5634	0
5635	1
5636	3
5637	0
5638	1
5639	1
5640	1
5641	0
5642	0
5643	2
5644	0
5645	1
5646	2
5647	2
5648	2
5649	0
5650	0
5651	1
5652	1
5653	0
5654	1
5655	0
5656	1
5657	1
5658	0
5659	1
5660	0
5661	1
5662	0
5663	1
5664	0
5665	3
5666	0
5667	1
5668	0
5669	1
5670	2
5671	0
5672	2
5673	2
5674	0
5675	2
5676	1
5677	3
5678	1
5679	1
5680	1
5681	0
5682	0
5683	1
5684	0
5685	1
5686	0
5687	2
5688	0
5689	1
5690	1
5691	3
5692	1
5693	0
5694	2
5695	0
5696	0
5697	0
5698	1
5699	0
5700	2
5701	1
5702	2
5703	1
5704	4
5705	0
5706	2
5707	0
5708	2
5709	1
5710	1
5711	1
5712	3
5713	0
5714	0
5715	0
5716	0
5717	1
5718	0
5719	2
5720	2
5721	0
5722	1
5723	1
5724	2
5725	3
5726	3
5727	1
5728	0
5729	0
5730	4
5731	1
5732	0
5733	0
5734	0
5735	1
5736	0
5737	1
5738	0
5739	1
5740	1
5741	1
5742	1
5743	2
5744	0
5745	2
5746	1
5747	0
5748	1
5749	1
5750	3
5751	1
5752	0
5753	2
5754	2
5755	1
5756	1
5757	0
5758	0
5759	0
5760	1
5761	0
5762	0
5763	0
5764	0
5765	0
5766	0
5767	1
5768	3
5769	2
5770	0
5771	2
5772	0
5773	2
5774	0
5775	1
5776	2
5777	4
5778	1
5779	1
5780	1
5781	0
5782	0
5783	1
5784	4
5785	0
5786	0
5787	4
5788	3
5789	1
5790	0
5791	1
5792	1
5793	0
5794	2
5795	0
5796	2
5797	1
5798	1
5799	0
5800	0
5801	2
5802	3
5803	0
5804	2
5805	0
5806	1
5807	0
5808	1
5809	1
5810	0
5811	2
5812	0
5813	1
5814	2
5815	0
5816	0
5817	0
5818	0
5819	0
5820	2
5821	0
5822	1
5823	0
5824	0
5825	0
5826	0
5827	0
5828	0
5829	1
5830	1
5831	1
5832	0
5833	0
5834	2
5835	0
5836	0
5837	1
5838	0
5839	0
5840	1
5841	0
5842	0
5843	1
5844	0
5845	2
5846	4
5847	2
5848	0
5849	0
5850	1
5851	0
5852	1
5853	0
5854	2
5855	1
5856	0
5857	2
5858	0
5859	2
5860	0
5861	0
5862	0
5863	0
5864	1
5865	0
5866	0
5867	2
5868	0
5869	1
5870	0
5871	0
5872	1
5873	1
5874	0
5875	0
5876	0
5877	1
5878	0
5879	1
5880	1
5881	0
5882	2
5883	1
5884	1
5885	1
5886	1
5887	0
5888	3
5889	2
5890	0
5891	0
5892	1
5893	1
5894	2
5895	1
5896	0
5897	1
5898	0
5899	2
5900	0
5901	1
5902	1
5903	1
5904	0
5905	0
5906	0
5907	0
5908	1
5909	0
5910	1
5911	1
5912	1
5913	1
5914	0
5915	1
5916	1
5917	0
5918	1
5919	2
5920	0
5921	0
5922	1
5923	0
5924	0
5925	1
5926	0
5927	3
5928	0
5929	0
5930	0
5931	0
5932	0
5933	0
5934	0
5935	0
5936	1
5937	0
5938	1
5939	0
5940	3
5941	1
5942	0
5943	0
5944	0
5945	0
5946	1
5947	1
5948	0
5949	0
5950	1
5951	0
5952	1
5953	1
5954	0
5955	0
5956	0
5957	2
5958	2
5959	0
5960	1
5961	0
5962	0
5963	1
5964	0
5965	0
5966	1
5967	1
5968	1
5969	1
5970	0
5971	0
5972	1
5973	0
5974	0
5975	0
5976	0
5977	0
5978	1
5979	0
5980	1
5981	0
5982	1
5983	0
5984	1
5985	2
5986	2
5987	1
5988	0
5989	0
5990	3
5991	1
5992	0
5993	0
5994	0
5995	0
5996	2
5997	1
5998	2
5999	0
6000	0
6001	0
6002	3
6003	0
6004	0
6005	0
6006	0
6007	1
6008	0
6009	0
6010	0
6011	2
6012	0
6013	1
6014	1
6015	0
6016	0
6017	0
6018	2
6019	0
6020	0
6021	1
6022	0
6023	0
6024	0
6025	0
6026	0
6027	0
6028	0
6029	0
6030	2
6031	1
6032	1
6033	0
6034	2
6035	0
6036	0
6037	0
6038	0
6039	0
6040	0
6041	0
6042	1
6043	0
6044	0
6045	2
6046	2
6047	2
6048	0
6049	0
6050	0
6051	0
6052	1
6053	0
6054	0
6055	2
6056	0
6057	0
6058	2
6059	0
6060	2
6061	0
6062	0
6063	3
6064	0
6065	0
6066	0
6067	0
6068	0
6069	1
6070	0
6071	0
6072	0
6073	0
6074	0
6075	0
6076	3
6077	1
6078	1
6079	0
6080	0
6081	2
6082	0
6083	1
6084	1
6085	0
6086	0
6087	0
6088	2
6089	0
6090	1
6091	0
6092	0
6093	2
6094	1
6095	0
6096	1
6097	0
6098	1
6099	0
6100	0
6101	1
6102	0
6103	0
6104	0
6105	0
6106	1
6107	0
6108	0
6109	1
6110	2
6111	1
6112	0
6113	0
6114	0
6115	1
6116	0
6117	0
6118	0
6119	2
6120	1
6121	0
6122	1
6123	0
6124	1
6125	2
6126	0
6127	1
6128	1
6129	0
6130	2
6131	0
6132	0
6133	1
6134	1
6135	1
6136	1
6137	0
6138	0
6139	0
6140	0
6141	0
6142	2
6143	1
6144	1
6145	0
6146	0
6147	1
6148	0
6149	0
6150	0
6151	0
6152	2
6153	1
6154	0
6155	0
6156	0
6157	0
6158	0
6159	0
6160	0
6161	1
6162	1
6163	0
6164	0
6165	0
6166	0
6167	0
6168	0
6169	1
6170	0
6171	1
6172	1
6173	0
6174	0
6175	0
6176	0
6177	0
6178	0
6179	1
6180	1
6181	0
6182	1
6183	0
6184	2
6185	0
6186	0
6187	0
6188	0
6189	0
6190	0
6191	1
6192	0
6193	1
6194	0
6195	0
6196	0
6197	0
6198	2
6199	0
6200	1
6201	0
6202	2
6203	0
6204	0
6205	0
6206	0
6207	0
6208	1
6209	0
6210	0
6211	0
6212	0
6213	0
6214	1
6215	1
6216	0
6217	1
6218	2
6219	1
6220	1
6221	2
6222	1
6223	0
6224	1
6225	1
6226	0
6227	1
6228	1
6229	0
6230	1
6231	0
6232	0
6233	0
6234	0
6235	1
6236	0
6237	1
6238	0
6239	0
6240	1
6241	0
6242	1
6243	2
6244	0
6245	0
6246	2
6247	1
6248	0
6249	0
6250	0
6251	0
6252	1
6253	0
6254	0
6255	0
6256	2
6257	0
6258	1
6259	1
6260	0
6261	1
6262	0
6263	2
6264	0
6265	2
6266	0
6267	0
6268	0
6269	0
6270	0
6271	1
6272	0
6273	0
6274	0
6275	2
6276	0
6277	0
6278	1
6279	0
6280	0
6281	0
6282	1
6283	1
6284	0
6285	0
6286	0
6287	1
6288	0
6289	0
6290	0
6291	0
6292	1
6293	1
6294	1
6295	0
6296	1
6297	0
6298	0
6299	1
6300	1
6301	0
6302	0
6303	1
6304	0
6305	0
6306	0
6307	1
6308	0
6309	1
6310	0
6311	0
6312	0
6313	1
6314	0
6315	0
6316	0
6317	1
6318	0
6319	0
6320	0
6321	0
6322	0
6323	0
6324	0
6325	2
6326	0
6327	1
6328	0
6329	0
6330	0
6331	2
6332	1
6333	1
6334	0
6335	1
6336	1
6337	0
6338	0
6339	3
6340	0
6341	0
6342	0
6343	1
6344	1
6345	1
6346	1
6347	1
6348	0
6349	0
6350	0
6351	0
6352	0
6353	1
6354	2
6355	0
6356	1
6357	0
6358	0
6359	1
6360	0
6361	0
6362	0
6363	0
6364	0
6365	0
6366	0
6367	0
6368	1
6369	0
6370	1
6371	1
6372	0
6373	0
6374	1
6375	0
6376	0
6377	1
6378	0
6379	0
6380	1
6381	0
6382	1
6383	0
6384	0
6385	0
6386	0
6387	0
6388	1
6389	0
6390	0
6391	0
6392	0
6393	0
6394	1
6395	0
6396	0
6397	2
6398	0
6399	1
6400	0
6401	1
6402	1
6403	0
6404	0
6405	1
6406	1
6407	0
6408	0
6409	0
6410	0
6411	2
6412	1
6413	0
6414	2
6415	2
6416	0
6417	1
6418	0
6419	1
6420	0
6421	1
6422	1
6423	0
6424	1
6425	1
6426	2
6427	0
6428	0
6429	0
6430	0
6431	1
6432	1
6433	0
6434	1
6435	0
6436	0
6437	0
6438	1
6439	1
6440	0
6441	0
6442	0
6443	0
6444	0
6445	0
6446	0
6447	0
6448	0
6449	1
6450	1
6451	0
6452	1
6453	1
6454	0
6455	1
6456	0
6457	0
6458	3
6459	0
6460	0
6461	0
6462	0
6463	1
6464	0
6465	1
6466	0
6467	0
6468	0
6469	0
6470	2
6471	1
6472	0
6473	0
6474	1
6475	1
6476	0
6477	0
6478	0
6479	0
6480	1
6481	0
6482	0
6483	0
6484	0
6485	3
6486	0
6487	0
6488	0
6489	0
6490	0
6491	0
6492	0
6493	0
6494	0
6495	0
6496	1
6497	1
6498	0
6499	0
6500	0
6501	2
6502	1
6503	0
6504	0
6505	0
6506	0
6507	0
6508	1
6509	0
6510	2
6511	0
6512	0
6513	0
6514	0
6515	1
6516	0
6517	2
6518	2
6519	0
6520	0
6521	2
6522	0
6523	1
6524	0
6525	1
6526	3
6527	0
6528	0
6529	1
6530	0
6531	1
6532	1
6533	0
6534	0
6535	0
6536	1
6537	0
6538	1
6539	0
6540	0
6541	0
6542	1
6543	0
6544	0
6545	0
6546	1
6547	0
6548	0
6549	0
6550	0
6551	0
6552	4
6553	0
6554	0
6555	1
6556	0
6557	0
6558	1
6559	0
6560	0
6561	0
6562	0
6563	1
6564	0
6565	0
6566	1
6567	0
6568	0
6569	1
6570	1
6571	0
6572	1
6573	0
6574	0
6575	0
6576	0
6577	1
6578	0
6579	0
6580	0
6581	0
6582	0
6583	0
6584	0
6585	0
6586	0
6587	0
6588	1
6589	0
6590	0
6591	1
6592	0
6593	1
6594	0
6595	0
6596	1
6597	1
6598	0
6599	0
6600	1
6601	1
6602	0
6603	0
6604	0
6605	0
6606	0
6607	0
6608	0
6609	4
6610	0
6611	0
6612	1
6613	0
6614	0
6615	0
6616	1
6617	0
6618	0
6619	0
6620	1
6621	0
6622	1
6623	0
6624	0
6625	0
6626	0
6627	1
6628	0
6629	2
6630	0
6631	0
6632	1
6633	0
6634	1
6635	1
6636	0
6637	1
6638	2
6639	0
6640	0
6641	0
6642	0
6643	1
6644	1
6645	0
6646	0
6647	0
6648	1
6649	0
6650	0
6651	0
6652	0
6653	1
6654	1
6655	0
6656	1
6657	2
6658	0
6659	0
6660	0
6661	0
6662	0
6663	0
6664	0
6665	0
6666	0
6667	2
6668	0
6669	0
6670	0
6671	1
6672	0
6673	0
6674	0
6675	0
6676	2
6677	1
6678	2
6679	0
6680	0
6681	0
6682	0
6683	1
6684	0
6685	0
6686	0
6687	0
6688	0
6689	0
6690	1
6691	0
6692	0
6693	0
6694	0
6695	0
6696	0
6697	0
6698	1
6699	1
6700	2
6701	0
6702	0
6703	0
6704	0
6705	0
6706	0
6707	0
6708	1
6709	0
6710	0
6711	1
6712	0
6713	0
6714	0
6715	1
6716	0
6717	0
6718	0
6719	2
6720	0
6721	0
6722	0
6723	1
6724	0
6725	0
6726	0
6727	0
6728	0
6729	0
6730	0
6731	0
6732	1
6733	0
6734	1
6735	1
6736	1
6737	2
6738	1
6739	0
6740	2
6741	0
6742	0
6743	1
6744	1
6745	1
6746	0
6747	0
6748	0
6749	0
6750	0
6751	2
6752	0
6753	0
6754	1
6755	0
6756	0
6757	0
6758	0
6759	1
6760	1
6761	1
6762	0
6763	0
6764	0
6765	0
6766	0
6767	0
6768	0
6769	0
6770	0
6771	0
6772	1
6773	0
6774	1
6775	0
6776	0
6777	0
6778	0
6779	1
6780	0
6781	0
6782	0
6783	1
6784	1
6785	0
6786	0
6787	0
6788	2
6789	1
6790	1
6791	0
6792	0
6793	1
6794	0
6795	0
6796	0
6797	0
6798	1
6799	0
6800	0
6801	0
6802	0
6803	0
6804	1
6805	1
6806	1
6807	0
6808	0
6809	1
6810	0
6811	2
6812	0
6813	0
6814	1
6815	1
6816	1
6817	1
6818	1
6819	0
6820	1
6821	0
6822	0
6823	0
6824	1
6825	0
6826	2
6827	0
6828	2
6829	0
6830	1
6831	2
6832	0
6833	0
6834	0
6835	0
6836	0
6837	2
6838	0
6839	0
6840	0
6841	0
6842	0
6843	0
6844	0
6845	1
6846	0
6847	2
6848	1
6849	0
6850	0
6851	1
6852	1
6853	0
6854	2
6855	0
6856	0
6857	1
6858	1
6859	0
6860	1
6861	0
6862	0
6863	0
6864	1
6865	0
6866	1
6867	0
6868	1
6869	0
6870	0
6871	0
6872	0
6873	0
6874	1
6875	0
6876	0
6877	0
6878	0
6879	0
6880	2
6881	0
6882	1
6883	1
6884	0
6885	0
6886	0
6887	0
6888	0
6889	1
6890	0
6891	0
6892	0
6893	0
6894	0
6895	0
6896	1
6897	1
6898	0
6899	0
6900	0
6901	0
6902	0
6903	1
6904	0
6905	0
6906	0
6907	0
6908	0
6909	1
6910	1
6911	0
6912	1
6913	1
6914	0
6915	0
6916	0
6917	0
6918	0
6919	0
6920	0
6921	0
6922	1
6923	0
6924	2
6925	0
6926	0
6927	0
6928	0
6929	1
6930	2
6931	1
6932	0
6933	1
6934	0
6935	0
6936	0
6937	2
6938	0
6939	0
6940	3
6941	0
6942	0
6943	0
6944	0
6945	1
6946	0
6947	0
6948	0
6949	2
6950	0
6951	1
6952	0
6953	0
6954	0
6955	0
6956	0
6957	1
6958	0
6959	0
6960	0
6961	0
6962	0
6963	0
6964	0
6965	0
6966	0
6967	0
6968	0
6969	0
6970	0
6971	0
6972	1
6973	0
6974	0
6975	0
6976	1
6977	1
6978	1
6979	1
6980	0
6981	1
6982	0
6983	0
6984	0
6985	0
6986	1
6987	0
6988	2
6989	1
6990	0
6991	1
6992	0
6993	0
6994	0
6995	1
6996	1
6997	1
6998	1
6999	0
7000	0
7001	0
7002	1
7003	1
7004	0
7005	0
7006	2
7007	0
7008	1
7009	0
7010	0
7011	0
7012	0
7013	0
7014	1
7015	0
7016	1
7017	1
7018	0
7019	0
7020	1
7021	0
7022	0
7023	0
7024	3
7025	0
7026	0
7027	0
7028	1
7029	1
7030	0
7031	2
7032	0
7033	0
7034	0
7035	0
7036	0
7037	1
7038	0
7039	0
7040	2
7041	0
7042	1
7043	1
7044	0
7045	0
7046	0
7047	0
7048	3
7049	0
7050	1
7051	0
7052	0
7053	1
7054	0
7055	0
7056	0
7057	1
7058	0
7059	2
7060	1
7061	1
7062	0
7063	0
7064	0
7065	1
7066	0
7067	1
7068	2
7069	0
7070	0
7071	0
7072	1
7073	1
7074	1
7075	0
7076	0
7077	0
7078	2
7079	2
7080	0
7081	0
7082	2
7083	0
7084	1
7085	2
7086	1
7087	0
7088	2
7089	2
7090	1
7091	0
7092	0
7093	0
7094	0
7095	0
7096	0
7097	1
7098	1
7099	0
7100	1
7101	0
7102	2
7103	1
7104	0
7105	1
7106	0
7107	1
7108	0
7109	1
7110	0
7111	0
7112	1
7113	1
7114	0
7115	1
7116	1
7117	0
7118	1
7119	1
7120	0
7121	1
7122	0
7123	0
7124	1
7125	1
7126	1
7127	0
7128	0
7129	1
7130	0
7131	0
7132	0
7133	2
7134	0
7135	0
7136	0
7137	0
7138	1
7139	0
7140	0
7141	2
7142	0
7143	1
7144	0
7145	1
7146	1
7147	1
7148	1
7149	0
7150	0
7151	0
7152	0
7153	0
7154	0
7155	0
7156	0
7157	0
7158	1
7159	0
7160	0
7161	0
7162	0
7163	0
7164	0
7165	1
7166	0
7167	0
7168	0
7169	1
7170	1
7171	0
7172	0
7173	0
7174	0
7175	0
7176	0
7177	0
7178	1
7179	0
7180	0
7181	0
7182	0
7183	0
7184	0
7185	2
7186	0
7187	0
7188	0
7189	0
7190	0
7191	0
7192	2
7193	0
7194	1
7195	0
7196	0
7197	1
7198	1
7199	0
7200	0
7201	0
7202	0
7203	0
7204	0
7205	0
7206	1
7207	1
7208	0
7209	0
7210	1
7211	1
7212	0
7213	0
7214	0
7215	1
7216	1
7217	1
7218	0
7219	0
7220	0
7221	0
7222	0
7223	1
7224	0
7225	0
7226	0
7227	0
7228	0
7229	0
7230	1
7231	2
7232	0
7233	1
7234	0
7235	0
7236	1
7237	0
7238	0
7239	2
7240	2
7241	2
7242	1
7243	0
7244	1
7245	0
7246	0
7247	0
7248	0
7249	0
7250	1
7251	1
7252	0
7253	0
7254	1
7255	0
7256	1
7257	0
7258	2
7259	0
7260	0
7261	0
7262	0
7263	1
7264	1
7265	0
7266	0
7267	0
7268	0
7269	1
7270	1
7271	0
7272	0
7273	0
7274	0
7275	0
7276	0
7277	0
7278	1
7279	0
7280	1
7281	0
7282	0
7283	1
7284	0
7285	0
7286	0
7287	0
7288	1
7289	1
7290	0
7291	2
7292	0
7293	0
7294	0
7295	1
7296	0
7297	0
7298	0
7299	0
7300	0
7301	0
7302	0
7303	0
7304	0
7305	1
7306	0
7307	0
7308	1
7309	1
7310	1
7311	1
7312	0
7313	0
7314	0
7315	0
7316	0
7317	0
7318	0
7319	0
7320	0
7321	0
7322	1
7323	1
7324	2
7325	1
7326	0
7327	0
7328	1
7329	0
7330	2
7331	1
7332	1
7333	1
7334	0
7335	1
7336	0
7337	1
7338	0
7339	2
7340	1
7341	2
7342	2
7343	0
7344	0
7345	0
7346	0
7347	0
7348	0
7349	1
7350	0
7351	1
7352	0
7353	1
7354	2
7355	0
7356	1
7357	0
7358	0
7359	0
7360	0
7361	0
7362	1
7363	0
7364	0
7365	0
7366	2
7367	0
7368	1
7369	0
7370	0
7371	0
7372	0
7373	0
7374	2
7375	0
7376	0
7377	1
7378	1
7379	0
7380	1
7381	1
7382	0
7383	0
7384	0
7385	0
7386	1
7387	0
7388	0
7389	0
7390	0
7391	0
7392	0
7393	1
7394	1
7395	0
7396	1
7397	0
7398	1
7399	1
7400	0
7401	0
7402	0
7403	0
7404	1
7405	2
7406	2
7407	0
7408	0
7409	1
7410	1
7411	0
7412	0
7413	1
7414	1
7415	0
7416	1
7417	0
7418	0
7419	0
7420	1
7421	0
7422	1
7423	1
7424	2
7425	0
7426	1
7427	0
7428	1
7429	0
7430	0
7431	1
7432	0
7433	0
7434	0
7435	1
7436	0
7437	0
7438	0
7439	0
7440	3
7441	0
7442	1
7443	0
7444	1
7445	0
7446	0
7447	0
7448	0
7449	1
7450	1
7451	0
7452	1
7453	0
7454	1
7455	1
7456	0
7457	2
7458	0
7459	0
7460	1
7461	1
7462	0
7463	0
7464	1
7465	0
7466	0
7467	1
7468	1
7469	1
7470	0
7471	0
7472	0
7473	1
7474	0
7475	1
7476	0
7477	0
7478	1
7479	1
7480	0
7481	2
7482	0
7483	0
7484	0
7485	1
7486	0
7487	3
7488	0
7489	0
7490	0
7491	0
7492	1
7493	1
7494	0
7495	0
7496	2
7497	0
7498	0
7499	0
7500	0
7501	0
7502	1
7503	0
7504	0
7505	0
7506	1
7507	0
7508	1
7509	0
7510	0
7511	1
7512	0
7513	0
7514	0
7515	1
7516	0
7517	0
7518	0
7519	0
7520	1
7521	0
7522	0
7523	0
7524	2
7525	1
7526	0
7527	0
7528	0
7529	1
7530	0
7531	0
7532	0
7533	1
7534	1
7535	1
7536	0
7537	0
7538	0
7539	0
7540	0
7541	0
7542	3
7543	0
7544	1
7545	1
7546	0
7547	1
7548	0
7549	0
7550	2
7551	0
7552	0
7553	0
7554	0
7555	0
7556	1
7557	0
7558	0
7559	0
7560	0
7561	0
7562	0
7563	0
7564	0
7565	0
7566	0
7567	0
7568	2
7569	0
7570	1
7571	0
7572	1
7573	0
7574	1
7575	0
7576	0
7577	0
7578	0
7579	1
7580	0
7581	0
7582	0
7583	0
7584	0
7585	0
7586	0
7587	0
7588	0
7589	0
7590	0
7591	2
7592	1
7593	1
7594	0
7595	0
7596	1
7597	0
7598	0
7599	0
7600	0
7601	1
7602	0
7603	0
7604	0
7605	0
7606	0
7607	0
7608	1
7609	0
7610	1
7611	0
7612	0
7613	0
7614	1
7615	0
7616	1
7617	1
7618	1
7619	1
7620	0
7621	0
7622	0
7623	1
7624	1
7625	0
7626	1
7627	1
7628	0
7629	1
7630	1
7631	1
7632	0
7633	1
7634	0
7635	0
7636	0
7637	0
7638	0
7639	0
7640	0
7641	0
7642	0
7643	0
7644	0
7645	0
7646	1
7647	1
7648	1
7649	0
7650	0
7651	1
7652	0
7653	1
7654	0
7655	0
7656	0
7657	0
7658	0
7659	0
7660	0
7661	0
7662	1
7663	2
7664	0
7665	0
7666	0
7667	0
7668	2
7669	0
7670	1
7671	0
7672	2
7673	0
7674	0
7675	0
7676	1
7677	0
7678	0
7679	0
7680	0
7681	0
7682	0
7683	1
7684	2
7685	0
7686	0
7687	1
7688	0
7689	0
7690	1
7691	0
7692	0
7693	0
7694	1
7695	0
7696	0
7697	0
7698	1
7699	1
7700	0
7701	1
7702	0
7703	0
7704	0
7705	1
7706	0
7707	0
7708	1
7709	1
7710	0
7711	0
7712	0
7713	0
7714	0
7715	0
7716	0
7717	0
7718	0
7719	1
7720	0
7721	1
7722	0
7723	1
7724	0
7725	0
7726	0
7727	1
7728	0
7729	0
7730	2
7731	0
7732	0
7733	0
7734	0
7735	0
7736	0
7737	0
7738	0
7739	0
7740	0
7741	1
7742	1
7743	0
7744	0
7745	1
7746	0
7747	0
7748	0
7749	1
7750	3
7751	0
7752	0
7753	0
7754	0
7755	1
7756	1
7757	1
7758	0
7759	0
7760	2
7761	2
7762	1
7763	0
7764	0
7765	1
7766	1
7767	0
7768	1
7769	2
7770	0
7771	0
7772	0
7773	0
7774	1
7775	2
7776	0
7777	0
7778	0
7779	1
7780	1
7781	1
7782	1
7783	1
7784	1
7785	1
7786	0
7787	0
7788	0
7789	0
7790	1
7791	2
7792	0
7793	0
7794	0
7795	0
7796	0
7797	0
7798	0
7799	0
7800	1
7801	0
7802	0
7803	0
7804	0
7805	0
7806	0
7807	0
7808	0
7809	1
7810	0
7811	0
7812	0
7813	0
7814	2
7815	0
7816	0
7817	0
7818	0
7819	0
7820	0
7821	0
7822	0
7823	0
7824	1
7825	2
7826	0
7827	0
7828	0
7829	0
7830	1
7831	0
7832	1
7833	0
7834	0
7835	0
7836	0
7837	0
7838	2
7839	0
7840	1
7841	0
7842	1
7843	0
7844	0
7845	0
7846	1
7847	1
7848	1
7849	0
7850	1
7851	1
7852	0
7853	1
7854	0
7855	1
7856	0
7857	1
7858	1
7859	0
7860	0
7861	0
7862	1
7863	0
7864	1
7865	0
7866	1
7867	0
7868	0
7869	0
7870	1
7871	0
7872	0
7873	3
7874	0
7875	1
7876	0
7877	0
7878	0
7879	1
7880	0
7881	0
7882	1
7883	1
7884	0
7885	0
7886	1
7887	0
7888	0
7889	0
7890	2
7891	0
7892	0
7893	0
7894	1
7895	2
7896	1
7897	0
7898	1
7899	1
7900	0
7901	0
7902	0
7903	0
7904	1
7905	0
7906	0
7907	0
7908	1
7909	0
7910	0
7911	0
7912	0
7913	1
7914	1
7915	0
7916	0
7917	0
7918	0
7919	0
7920	0
7921	0
7922	1
7923	0
7924	0
7925	0
7926	0
7927	0
7928	1
7929	0
7930	0
7931	0
7932	0
7933	0
7934	1
7935	1
7936	0
7937	0
7938	0
7939	0
7940	0
7941	0
7942	0
7943	1
7944	0
7945	1
7946	0
7947	0
7948	1
7949	0
7950	0
7951	0
7952	1
7953	1
7954	0
7955	1
7956	0
7957	0
7958	0
7959	0
7960	0
7961	1
7962	1
7963	0
7964	0
7965	0
7966	2
7967	1
7968	1
7969	1
7970	1
7971	0
7972	0
7973	0
7974	1
7975	0
7976	0
7977	1
7978	0
7979	1
7980	0
7981	1
7982	0
7983	0
7984	0
7985	0
7986	1
7987	3
7988	0
7989	0
7990	0
7991	1
7992	0
7993	0
7994	0
7995	1
7996	0
7997	0
7998	1
7999	0
8000	0
8001	3
8002	0
8003	0
8004	3
8005	0
8006	0
8007	0
8008	1
8009	0
8010	1
8011	1
8012	1
8013	1
8014	0
8015	0
8016	1
8017	0
8018	0
8019	1
8020	0
8021	1
8022	0
8023	0
8024	0
8025	1
8026	0
8027	0
8028	1
8029	0
8030	0
8031	0
8032	0
8033	2
8034	0
8035	0
8036	0
8037	2
8038	4
8039	1
8040	1
8041	1
8042	0
8043	0
8044	2
8045	1
8046	0
8047	2
8048	0
8049	0
8050	2
8051	0
8052	1
8053	0
8054	0
8055	1
8056	1
8057	1
8058	1
8059	0
8060	0
8061	1
8062	0
8063	0
8064	0
8065	0
8066	0
8067	0
8068	1
8069	1
8070	1
8071	1
8072	1
8073	0
8074	1
8075	2
8076	0
8077	0
8078	0
8079	1
8080	1
8081	1
8082	0
8083	1
8084	1
8085	1
8086	1
8087	0
8088	0
8089	1
8090	0
8091	0
8092	0
8093	0
8094	0
8095	0
8096	0
8097	0
8098	0
8099	0
8100	1
8101	1
8102	0
8103	0
8104	0
8105	0
8106	0
8107	3
8108	0
8109	0
8110	0
8111	0
8112	0
8113	1
8114	3
8115	0
8116	0
8117	1
8118	0
8119	0
8120	0
8121	0
8122	0
8123	0
8124	0
8125	0
8126	0
8127	0
8128	0
8129	0
8130	1
8131	0
8132	0
8133	0
8134	0
8135	0
8136	0
8137	0
8138	3
8139	0
8140	0
8141	0
8142	0
8143	1
8144	1
8145	0
8146	2
8147	0
8148	0
8149	1
8150	0
8151	0
8152	0
8153	0
8154	0
8155	0
8156	0
8157	1
8158	1
8159	1
8160	0
8161	0
8162	2
8163	0
8164	1
8165	0
8166	0
8167	0
8168	0
8169	0
8170	0
8171	2
8172	1
8173	0
8174	0
8175	1
8176	0
8177	0
8178	1
8179	1
8180	1
8181	0
8182	0
8183	0
8184	1
8185	0
8186	0
8187	1
8188	1
8189	0
8190	0
8191	1
8192	0
8193	1
8194	0
8195	0
8196	0
8197	0
8198	0
8199	0
8200	0
8201	0
8202	0
8203	0
8204	1
8205	0
8206	0
8207	0
8208	0
8209	0
8210	0
8211	0
8212	0
8213	0
8214	1
8215	0
8216	0
8217	0
8218	0
8219	0
8220	1
8221	0
8222	0
8223	0
8224	0
8225	0
8226	0
8227	0
8228	0
8229	0
8230	0
8231	1
8232	0
8233	0
8234	0
8235	0
8236	1
8237	0
8238	0
8239	1
8240	0
8241	0
8242	0
8243	0
8244	1
8245	0
8246	1
8247	0
8248	1
8249	0
8250	0
8251	0
8252	0
8253	0
8254	0
8255	0
8256	0
8257	0
8258	0
8259	1
8260	0
8261	0
8262	0
8263	2
8264	0
8265	1
8266	0
8267	0
8268	0
8269	1
8270	0
8271	0
8272	0
8273	0
8274	0
8275	0
8276	1
8277	0
8278	0
8279	2
8280	0
8281	0
8282	0
8283	0
8284	0
8285	0
8286	0
8287	0
8288	0
8289	2
8290	1
8291	0
8292	0
8293	0
8294	0
8295	0
8296	0
8297	0
8298	0
8299	1
8300	0
8301	0
8302	1
8303	1
8304	1
8305	1
8306	0
8307	0
8308	0
8309	0
8310	2
8311	0
8312	0
8313	0
8314	1
8315	0
8316	0
8317	0
8318	0
8319	0
8320	1
8321	1
8322	1
8323	1
8324	0
8325	1
8326	1
8327	0
8328	1
8329	0
8330	0
8331	0
8332	0
8333	0
8334	0
8335	0
8336	0
8337	0
8338	0
8339	0
8340	1
8341	1
8342	0
8343	1
8344	0
8345	0
8346	0
8347	1
8348	0
8349	0
8350	0
8351	0
8352	1
8353	0
8354	0
8355	0
8356	0
8357	0
8358	0
8359	0
8360	0
8361	0
8362	0
8363	1
8364	1
8365	0
8366	0
8367	0
8368	0
8369	0
8370	1
8371	0
8372	0
8373	0
8374	0
8375	2
8376	1
8377	0
8378	0
8379	0
8380	0
8381	0
8382	0
8383	1
8384	0
8385	1
8386	0
8387	0
8388	0
8389	1
8390	0
8391	0
8392	0
8393	0
8394	0
8395	1
8396	2
8397	0
8398	1
8399	0
8400	1
8401	0
8402	0
8403	0
8404	0
8405	0
8406	1
8407	0
8408	0
8409	0
8410	1
8411	0
8412	0
8413	0
8414	1
8415	0
8416	0
8417	0
8418	0
8419	0
8420	0
8421	2
8422	0
8423	0
8424	2
8425	0
8426	0
8427	0
8428	0
8429	0
8430	0
8431	0
8432	0
8433	0
8434	0
8435	0
8436	0
8437	0
8438	0
8439	0
8440	0
8441	0
8442	0
8443	0
8444	1
8445	0
8446	0
8447	0
8448	0
8449	0
8450	1
8451	0
8452	0
8453	0
8454	0
8455	0
8456	0
8457	0
8458	0
8459	0
8460	0
8461	0
8462	0
8463	1
8464	0
8465	0
8466	0
8467	0
8468	1
8469	0
8470	0
8471	1
8472	0
8473	0
8474	0
8475	0
8476	0
8477	1
8478	0
8479	1
8480	0
8481	0
8482	0
8483	0
8484	0
8485	1
8486	0
8487	0
8488	0
8489	0
8490	0
8491	0
8492	0
8493	1
8494	0
8495	0
8496	0
8497	0
8498	0
8499	1
8500	0
8501	0
8502	0
8503	0
8504	1
8505	0
8506	0
8507	0
8508	2
8509	0
8510	1
8511	0
8512	0
8513	0
8514	0
8515	0
8516	0
8517	0
8518	0
8519	0
8520	1
8521	0
8522	0
8523	2
8524	2
8525	0
8526	2
8527	1
8528	0
8529	0
8530	0
8531	0
8532	0
8533	0
8534	0
8535	0
8536	1
8537	0
8538	0
8539	0
8540	0
8541	1
8542	1
8543	1
8544	0
8545	0
8546	0
8547	0
8548	0
8549	0
8550	1
8551	0
8552	1
8553	0
8554	0
8555	0
8556	0
8557	0
8558	1
8559	0
8560	3
8561	0
8562	0
8563	1
8564	0
8565	1
8566	0
8567	1
8568	0
8569	0
8570	0
8571	0
8572	0
8573	0
8574	0
8575	0
8576	2
8577	0
8578	0
8579	0
8580	0
8581	0
8582	2
8583	0
8584	0
8585	0
8586	0
8587	0
8588	0
8589	0
8590	1
8591	0
8592	1
8593	0
8594	0
8595	1
8596	0
8597	1
8598	2
8599	1
8600	0
8601	0
8602	0
8603	0
8604	1
8605	0
8606	1
8607	0
8608	0
8609	2
8610	0
8611	0
8612	2
8613	0
8614	0
8615	0
8616	0
8617	0
8618	0
8619	2
8620	0
8621	0
8622	0
8623	0
8624	0
8625	1
8626	0
8627	1
8628	0
8629	2
8630	0
8631	1
8632	2
8633	1
8634	0
8635	0
8636	0
8637	0
8638	0
8639	0
8640	0
8641	0
8642	1
8643	0
8644	1
8645	0
8646	2
8647	0
8648	0
8649	0
8650	2
8651	1
8652	2
8653	0
8654	0
8655	2
8656	1
8657	1
8658	0
8659	0
8660	1
8661	0
8662	0
8663	0
8664	1
8665	0
8666	0
8667	1
8668	1
8669	2
8670	1
8671	0
8672	0
8673	0
8674	1
8675	4
8676	0
8677	2
8678	0
8679	1
8680	1
8681	0
8682	0
8683	0
8684	2
8685	0
8686	1
8687	0
8688	1
8689	0
8690	1
8691	2
8692	0
8693	0
8694	0
8695	0
8696	0
8697	0
8698	0
8699	0
8700	3
8701	0
8702	1
8703	0
8704	0
8705	3
8706	0
8707	1
8708	1
8709	1
8710	1
8711	1
8712	0
8713	0
8714	0
8715	0
8716	2
8717	1
8718	0
8719	1
8720	1
8721	0
8722	1
8723	0
8724	1
8725	0
8726	0
8727	0
8728	2
8729	4
8730	0
8731	1
8732	1
8733	0
8734	0
8735	2
8736	0
8737	1
8738	1
8739	0
8740	1
8741	0
8742	1
8743	0
8744	1
8745	1
8746	0
8747	0
8748	0
8749	1
8750	1
8751	1
8752	0
8753	0
8754	1
8755	2
8756	1
8757	2
8758	0
8759	0
8760	1
8761	0
8762	0
8763	0
8764	1
8765	0
8766	0
8767	0
8768	2
8769	0
8770	0
8771	0
8772	3
8773	0
8774	0
8775	0
8776	1
8777	2
8778	0
8779	0
8780	1
8781	0
8782	1
8783	1
8784	1
8785	0
8786	1
8787	1
8788	2
8789	2
8790	0
8791	0
8792	0
8793	2
8794	2
8795	0
8796	2
8797	2
8798	0
8799	1
8800	0
8801	2
8802	1
8803	0
8804	0
8805	0
8806	0
8807	1
8808	0
8809	1
8810	1
8811	0
8812	1
8813	0
8814	1
8815	1
8816	1
8817	0
8818	1
8819	2
8820	0
8821	2
8822	0
8823	1
8824	1
8825	1
8826	0
8827	1
8828	2
8829	1
8830	1
8831	1
8832	1
8833	2
8834	0
8835	0
8836	0
8837	1
8838	1
8839	1
8840	0
8841	1
8842	1
8843	2
8844	0
8845	0
8846	0
8847	1
8848	1
8849	0
8850	0
8851	0
8852	1
8853	0
8854	0
8855	0
8856	0
8857	0
8858	0
8859	0
8860	0
8861	1
8862	0
8863	1
8864	0
8865	0
8866	0
8867	0
8868	0
8869	1
8870	0
8871	1
8872	0
8873	0
8874	1
8875	0
8876	1
8877	1
8878	2
8879	0
8880	2
8881	1
8882	0
8883	1
8884	0
8885	2
8886	0
8887	0
8888	1
8889	0
8890	1
8891	1
8892	1
8893	1
8894	0
8895	1
8896	2
8897	1
8898	0
8899	2
8900	1
8901	5
8902	0
8903	2
8904	1
8905	0
8906	1
8907	0
8908	0
8909	1
8910	2
8911	2
8912	1
8913	2
8914	1
8915	0
8916	0
8917	0
8918	0
8919	2
8920	1
8921	1
8922	0
8923	0
8924	0
8925	1
8926	0
8927	1
8928	0
8929	2
8930	1
8931	0
8932	2
8933	1
8934	0
8935	1
8936	1
8937	1
8938	0
8939	0
8940	0
8941	2
8942	0
8943	0
8944	0
8945	0
8946	1
8947	1
8948	0
8949	0
8950	1
8951	1
8952	0
8953	0
8954	2
8955	0
8956	0
8957	1
8958	1
8959	0
8960	2
8961	1
8962	1
8963	2
8964	1
8965	1
8966	0
8967	0
8968	1
8969	0
8970	0
8971	1
8972	0
8973	0
8974	1
8975	0
8976	0
8977	0
8978	0
8979	0
8980	1
8981	1
8982	0
8983	0
8984	0
8985	0
8986	0
8987	1
8988	1
8989	3
8990	0
8991	1
8992	0
8993	1
8994	1
8995	0
8996	0
8997	1
8998	0
8999	0
9000	0
9001	1
9002	2
9003	0
9004	0
9005	0
9006	3
9007	1
9008	3
9009	0
9010	3
9011	1
9012	2
9013	1
9014	2
9015	0
9016	0
9017	2
9018	2
9019	1
9020	0
9021	1
9022	0
9023	0
9024	0
9025	2
9026	1
9027	0
9028	0
9029	0
9030	2
9031	1
9032	1
9033	0
9034	0
9035	1
9036	0
9037	1
9038	2
9039	0
9040	0
9041	0
9042	2
9043	0
9044	0
9045	1
9046	1
9047	2
9048	0
9049	0
9050	0
9051	1
9052	1
9053	0
9054	2
9055	0
9056	1
9057	1
9058	0
9059	1
9060	1
9061	0
9062	2
9063	4
9064	0
9065	0
9066	2
9067	0
9068	1
9069	1
9070	0
9071	0
9072	0
9073	1
9074	0
9075	2
9076	0
9077	1
9078	0
9079	0
9080	1
9081	0
9082	0
9083	0
9084	1
9085	0
9086	0
9087	0
9088	0
9089	0
9090	0
9091	0
9092	0
9093	0
9094	0
9095	2
9096	1
9097	0
9098	0
9099	0
9100	0
9101	0
9102	0
9103	0
9104	0
9105	0
9106	0
9107	0
9108	1
9109	0
9110	0
9111	0
9112	0
9113	1
9114	1
9115	0
9116	0
9117	1
9118	1
9119	1
9120	0
9121	1
9122	0
9123	0
9124	0
9125	1
9126	2
9127	0
9128	1
9129	1
9130	0
9131	0
9132	1
9133	3
9134	0
9135	0
9136	0
9137	0
9138	0
9139	0
9140	1
9141	0
9142	0
9143	0
9144	1
9145	0
9146	0
9147	0
9148	0
9149	1
9150	2
9151	0
9152	1
9153	1
9154	1
9155	2
9156	0
9157	0
9158	0
9159	0
9160	0
9161	2
9162	0
9163	0
9164	0
9165	0
9166	0
9167	1
9168	0
9169	1
9170	0
9171	0
9172	0
9173	1
9174	0
9175	1
9176	0
9177	1
9178	0
9179	0
9180	0
9181	0
9182	0
9183	0
9184	1
9185	0
9186	0
9187	0
9188	1
9189	0
9190	0
9191	1
9192	1
9193	0
9194	0
9195	0
9196	0
9197	0
9198	1
9199	1
9200	1
9201	0
9202	0
9203	0
9204	0
9205	0
9206	0
9207	0
9208	1
9209	0
9210	1
9211	0
9212	1
9213	0
9214	0
9215	1
9216	1
9217	0
9218	0
9219	0
9220	1
9221	0
9222	0
9223	0
9224	0
9225	0
9226	0
9227	1
9228	0
9229	0
9230	0
9231	0
9232	0
9233	0
9234	1
9235	0
9236	0
9237	1
9238	0
9239	0
9240	0
9241	0
9242	0
9243	0
9244	0
9245	1
9246	0
9247	0
9248	0
9249	0
9250	0
9251	0
9252	0
9253	0
9254	0
9255	0
9256	1
9257	0
9258	1
9259	0
9260	0
9261	1
9262	1
9263	0
9264	1
9265	0
9266	1
9267	0
9268	0
9269	1
9270	1
9271	2
9272	0
9273	0
9274	0
9275	1
9276	1
9277	1
9278	0
9279	0
9280	1
9281	0
9282	0
9283	1
9284	2
9285	0
9286	1
9287	0
9288	1
9289	1
9290	0
9291	1
9292	1
9293	2
9294	0
9295	1
9296	1
9297	1
9298	0
9299	1
9300	1
9301	1
9302	2
9303	0
9304	0
9305	2
9306	0
9307	0
9308	0
9309	0
9310	0
9311	0
9312	0
9313	0
9314	1
9315	1
9316	1
9317	1
9318	0
9319	0
9320	0
9321	0
9322	0
9323	0
9324	0
9325	0
9326	0
9327	0
9328	1
9329	0
9330	1
9331	1
9332	1
9333	1
9334	0
9335	0
9336	2
9337	0
9338	0
9339	0
9340	1
9341	1
9342	0
9343	0
9344	1
9345	0
9346	1
9347	0
9348	0
9349	1
9350	0
9351	1
9352	0
9353	0
9354	2
9355	0
9356	1
9357	0
9358	0
9359	0
9360	0
9361	0
9362	0
9363	0
9364	0
9365	0
9366	0
9367	1
9368	0
9369	0
9370	1
9371	2
9372	0
9373	1
9374	0
9375	0
9376	0
9377	0
9378	1
9379	0
9380	0
9381	0
9382	0
9383	0
9384	0
9385	0
9386	0
9387	0
9388	0
9389	0
9390	1
9391	0
9392	0
9393	0
9394	1
9395	0
9396	0
9397	1
9398	1
9399	0
9400	1
9401	0
9402	2
9403	1
9404	0
9405	1
9406	0
9407	1
9408	0
9409	0
9410	0
9411	0
9412	0
9413	2
9414	1
9415	0
9416	1
9417	0
9418	1
9419	0
9420	0
9421	3
9422	1
9423	1
9424	0
9425	0
9426	0
9427	0
9428	0
9429	0
9430	0
9431	0
9432	0
9433	1
9434	0
9435	0
9436	0
9437	1
9438	0
9439	0
9440	0
9441	0
9442	0
9443	0
9444	0
9445	0
9446	1
9447	0
9448	1
9449	0
9450	0
9451	0
9452	1
9453	0
9454	1
9455	0
9456	1
9457	0
9458	0
9459	0
9460	0
9461	0
9462	0
9463	0
9464	1
9465	1
9466	1
9467	1
9468	0
9469	0
9470	0
9471	0
9472	0
9473	1
9474	0
9475	0
9476	0
9477	0
9478	0
9479	0
9480	2
9481	1
9482	0
9483	0
9484	0
9485	1
9486	0
9487	0
9488	0
9489	0
9490	0
9491	0
9492	0
9493	0
9494	0
9495	0
9496	2
9497	0
9498	1
9499	0
9500	0
9501	0
9502	2
9503	1
9504	0
9505	1
9506	0
9507	1
9508	0
9509	0
9510	0
9511	1
9512	0
9513	0
9514	0
9515	0
9516	0
9517	0
9518	1
9519	0
9520	0
9521	0
9522	0
9523	1
9524	1
9525	0
9526	0
9527	0
9528	0
9529	0
9530	0
9531	0
9532	0
9533	1
9534	0
9535	1
9536	0
9537	0
9538	0
9539	0
9540	1
9541	0
9542	1
9543	0
9544	0
9545	1
9546	0
9547	0
9548	1
9549	0
9550	0
9551	0
9552	0
9553	0
9554	0
9555	1
9556	0
9557	0
9558	0
9559	2
9560	0
9561	1
9562	0
9563	1
9564	0
9565	1
9566	0
9567	1
9568	1
9569	0
9570	1
9571	0
9572	0
9573	1
9574	1
9575	1
9576	1
9577	2
9578	0
9579	0
9580	0
9581	0
9582	1
9583	2
9584	2
9585	0
9586	2
9587	1
9588	2
9589	0
9590	1
9591	0
9592	1
9593	1
9594	1
9595	0
9596	1
9597	0
9598	0
9599	0
9600	1
9601	1
9602	0
9603	1
9604	1
9605	1
9606	2
9607	0
9608	2
9609	1
9610	1
9611	1
9612	1
9613	1
9614	0
9615	0
9616	0
9617	1
9618	0
9619	0
9620	1
9621	1
9622	1
9623	0
9624	0
9625	0
9626	1
9627	0
9628	0
9629	0
9630	0
9631	2
9632	0
9633	0
9634	0
9635	0
9636	1
9637	1
9638	0
9639	0
9640	4
9641	0
9642	0
9643	0
9644	0
9645	0
9646	1
9647	0
9648	0
9649	0
9650	0
9651	0
9652	0
9653	0
9654	0
9655	0
9656	1
9657	0
9658	0
9659	2
9660	1
9661	1
9662	1
9663	1
9664	0
9665	0
9666	1
9667	1
9668	1
9669	1
9670	0
9671	1
9672	0
9673	0
9674	1
9675	0
9676	0
9677	1
9678	1
9679	2
9680	1
9681	0
9682	2
9683	0
9684	0
9685	0
9686	0
9687	0
9688	2
9689	0
9690	1
9691	0
9692	0
9693	0
9694	0
9695	0
9696	1
9697	0
9698	0
9699	0
9700	0
9701	0
9702	3
9703	0
9704	0
9705	1
9706	0
9707	0
9708	1
9709	0
9710	0
9711	1
9712	1
9713	0
9714	0
9715	0
9716	0
9717	1
9718	1
9719	1
9720	0
9721	0
9722	0
9723	0
9724	0
9725	1
9726	0
9727	0
9728	1
9729	2
9730	0
9731	0
9732	0
9733	1
9734	0
9735	0
9736	0
9737	0
9738	0
9739	0
9740	1
9741	0
9742	0
9743	0
9744	1
9745	1
9746	0
9747	0
9748	4
9749	0
9750	2
9751	1
9752	0
9753	1
9754	0
9755	0
9756	0
9757	0
9758	0
9759	0
9760	1
9761	0
9762	1
9763	0
9764	0
9765	1
9766	3
9767	0
9768	0
9769	1
9770	0
9771	0
9772	1
9773	0
9774	0
9775	1
9776	0
9777	0
9778	1
9779	0
9780	0
9781	1
9782	0
9783	1
9784	1
9785	0
9786	0
9787	0
9788	0
9789	0
9790	1
9791	0
9792	0
9793	0
9794	0
9795	0
9796	1
9797	0
9798	0
9799	0
9800	0
9801	0
9802	0
9803	0
9804	0
9805	0
9806	2
9807	1
9808	1
9809	0
9810	0
9811	1
9812	1
9813	0
9814	1
9815	1
9816	0
9817	1
9818	0
9819	2
9820	1
9821	0
9822	1
9823	1
9824	0
9825	0
9826	2
9827	1
9828	0
9829	0
9830	1
9831	0
9832	1
9833	0
9834	0
9835	0
9836	1
9837	2
9838	1
9839	0
9840	0
9841	0
9842	1
9843	0
9844	0
9845	0
9846	0
9847	0
9848	0
9849	1
9850	0
9851	0
9852	0
9853	0
9854	1
9855	2
9856	0
9857	0
9858	0
9859	0
9860	0
9861	0
9862	0
9863	0
9864	0
9865	0
9866	0
9867	0
9868	0
9869	1
9870	2
9871	1
9872	0
9873	0
9874	0
9875	0
9876	1
9877	0
9878	1
9879	0
9880	0
9881	0
9882	2
9883	2
9884	1
9885	1
9886	1
9887	0
9888	0
9889	0
9890	0
9891	0
9892	0
9893	0
9894	0
9895	0
9896	1
9897	0
9898	1
9899	0
9900	0
9901	1
9902	1
9903	0
9904	2
9905	1
9906	0
9907	1
9908	0
9909	0
9910	1
9911	1
9912	0
9913	0
9914	0
9915	0
9916	0
9917	0
9918	0
9919	0
9920	0
9921	0
9922	1
9923	0
9924	1
9925	0
9926	0
9927	1
9928	0
9929	0
9930	1
9931	0
9932	1
9933	1
9934	0
9935	0
9936	1
9937	0
9938	2
9939	1
9940	1
9941	0
9942	0
9943	0
9944	2
9945	0
9946	0
9947	0
9948	0
9949	0
9950	0
9951	0
9952	0
9953	1
9954	1
9955	0
9956	0
9957	0
9958	0
9959	0
9960	1
9961	1
9962	0
9963	0
9964	1
9965	1
9966	0
9967	2
9968	1
9969	0
9970	0
9971	0
9972	0
9973	0
9974	0
9975	0
9976	0
9977	0
9978	0
9979	0
9980	0
9981	0
9982	0
9983	0
9984	0
9985	0
9986	0
9987	0
9988	0
9989	1
9990	1
9991	0
9992	0
9993	0
9994	0
9995	1
9996	0
9997	0
9998	0
9999	1
10000	0
