1	290487813
2	9890364
3	3112385
4	1768621
5	1197358
6	1178153
7	1347260
8	1706828
9	2217938
10	2912292
11	3809087
12	4894079
13	6117366
14	7393668
15	8637067
16	9740446
17	10567900
18	11046199
19	11131281
20	10814406
21	10162848
22	9245224
23	8138584
24	6949891
25	5769340
26	4656706
27	3658092
28	2815620
29	2123241
30	1575398
31	1142131
32	822853
33	592791
34	431084
35	318067
36	243017
37	192428
38	159658
39	137361
40	121723
41	109782
42	101124
43	93005
44	86769
45	81176
46	75354
47	70572
48	65495
49	60399
50	54899
51	50387
52	46783
53	43682
54	40959
55	37960
56	36347
57	34244
58	32744
59	31407
60	29641
61	28682
62	27804
63	26682
64	26441
65	25302
66	24435
67	23622
68	22465
69	21741
70	21080
71	20575
72	19877
73	19655
74	18696
75	18193
76	17612
77	17236
78	16946
79	16586
80	16355
81	15995
82	15902
83	15454
84	15031
85	14648
86	14390
87	14016
88	13509
89	13509
90	13275
91	12955
92	12984
93	12728
94	12571
95	12103
96	12037
97	11641
98	11393
99	11394
100	11417
101	11316
102	11297
103	11020
104	10585
105	10292
106	10038
107	9888
108	9551
109	9618
110	9554
111	9059
112	9188
113	8894
114	8916
115	8651
116	8602
117	8418
118	8230
119	8100
120	7932
121	7795
122	7721
123	7553
124	7521
125	7448
126	7206
127	7161
128	6835
129	6725
130	6480
131	6409
132	6208
133	6083
134	5777
135	5755
136	5679
137	5544
138	5376
139	5449
140	5229
141	5030
142	4793
143	4701
144	4615
145	4566
146	4607
147	4541
148	4466
149	4357
150	4221
151	4057
152	3988
153	3917
154	3781
155	3682
156	3705
157	3670
158	3716
159	3576
160	3537
161	3605
162	3506
163	3541
164	3449
165	3353
166	3321
167	3278
168	3171
169	3194
170	3051
171	3071
172	2976
173	3007
174	2954
175	2902
176	2889
177	2908
178	2845
179	2887
180	2935
181	2902
182	2758
183	2803
184	2772
185	2718
186	2712
187	2648
188	2658
189	2707
190	2587
191	2614
192	2561
193	2607
194	2607
195	2655
196	2631
197	2509
198	2529
199	2400
200	2325
201	2373
202	2351
203	2305
204	2192
205	2185
206	2231
207	2224
208	2346
209	2308
210	2382
211	2274
212	2315
213	2297
214	2188
215	2132
216	2186
217	2085
218	1995
219	2047
220	2069
221	1972
222	1973
223	1907
224	1902
225	1845
226	1938
227	1827
228	1850
229	1910
230	1878
231	1860
232	1920
233	1747
234	1833
235	1770
236	1776
237	1783
238	1745
239	1732
240	1779
241	1741
242	1625
243	1768
244	1653
245	1617
246	1699
247	1534
248	1626
249	1576
250	1574
251	1553
252	1563
253	1592
254	1549
255	1450
256	1543
257	1631
258	1511
259	1483
260	1505
261	1447
262	1452
263	1440
264	1444
265	1386
266	1508
267	1445
268	1430
269	1474
270	1375
271	1426
272	1374
273	1425
274	1384
275	1337
276	1362
277	1332
278	1387
279	1459
280	1446
281	1344
282	1409
283	1354
284	1354
285	1271
286	1326
287	1304
288	1343
289	1256
290	1269
291	1307
292	1235
293	1198
294	1201
295	1209
296	1202
297	1202
298	1115
299	1165
300	1209
301	1187
302	1172
303	1169
304	1068
305	1176
306	1121
307	1081
308	1030
309	1064
310	1089
311	1061
312	1052
313	1007
314	941
315	1008
316	924
317	1008
318	992
319	1001
320	1023
321	1036
322	1025
323	1037
324	1003
325	969
326	937
327	975
328	954
329	908
330	912
331	967
332	885
333	937
334	898
335	901
336	931
337	913
338	884
339	950
340	970
341	976
342	955
343	945
344	927
345	881
346	930
347	924
348	880
349	899
350	896
351	933
352	936
353	900
354	893
355	911
356	861
357	910
358	969
359	942
360	1000
361	937
362	915
363	980
364	895
365	888
366	867
367	868
368	879
369	831
370	792
371	840
372	836
373	857
374	889
375	901
376	846
377	887
378	853
379	894
380	942
381	944
382	889
383	899
384	911
385	878
386	853
387	868
388	844
389	869
390	834
391	819
392	919
393	884
394	818
395	873
396	872
397	828
398	891
399	894
400	856
401	842
402	815
403	784
404	772
405	836
406	817
407	816
408	838
409	770
410	741
411	828
412	731
413	799
414	786
415	768
416	823
417	843
418	739
419	775
420	783
421	732
422	763
423	766
424	716
425	687
426	753
427	698
428	698
429	721
430	715
431	726
432	729
433	701
434	714
435	672
436	683
437	667
438	640
439	688
440	676
441	660
442	590
443	664
444	633
445	668
446	659
447	618
448	693
449	620
450	632
451	643
452	625
453	619
454	614
455	642
456	632
457	622
458	644
459	605
460	622
461	578
462	620
463	579
464	573
465	590
466	582
467	557
468	585
469	599
470	575
471	530
472	592
473	581
474	579
475	568
476	550
477	629
478	566
479	555
480	574
481	505
482	572
483	540
484	499
485	551
486	543
487	529
488	506
489	474
490	532
491	513
492	494
493	487
494	509
495	487
496	488
497	478
498	462
499	436
500	491
501	480
502	465
503	458
504	427
505	389
506	448
507	426
508	428
509	406
510	385
511	364
512	397
513	355
514	396
515	391
516	380
517	398
518	388
519	384
520	393
521	359
522	386
523	365
524	351
525	385
526	390
527	323
528	384
529	364
530	344
531	355
532	350
533	341
534	370
535	358
536	331
537	348
538	332
539	349
540	324
541	320
542	301
543	322
544	304
545	273
546	301
547	291
548	278
549	290
550	288
551	299
552	314
553	285
554	258
555	303
556	287
557	276
558	255
559	304
560	271
561	264
562	244
563	233
564	243
565	259
566	232
567	233
568	246
569	246
570	226
571	231
572	228
573	246
574	269
575	225
576	192
577	240
578	212
579	229
580	241
581	220
582	209
583	247
584	242
585	242
586	212
587	226
588	220
589	238
590	218
591	213
592	230
593	234
594	194
595	196
596	212
597	188
598	212
599	208
600	186
601	213
602	200
603	194
604	212
605	184
606	202
607	184
608	179
609	191
610	178
611	201
612	183
613	174
614	205
615	197
616	190
617	233
618	183
619	163
620	182
621	174
622	193
623	170
624	190
625	194
626	159
627	157
628	165
629	164
630	171
631	166
632	181
633	160
634	183
635	173
636	167
637	185
638	170
639	169
640	179
641	184
642	136
643	165
644	155
645	165
646	125
647	161
648	141
649	149
650	136
651	138
652	147
653	158
654	151
655	140
656	137
657	155
658	147
659	148
660	164
661	154
662	135
663	152
664	120
665	135
666	141
667	152
668	142
669	151
670	140
671	131
672	153
673	133
674	129
675	138
676	141
677	131
678	136
679	137
680	125
681	142
682	131
683	160
684	116
685	108
686	135
687	130
688	119
689	142
690	124
691	117
692	109
693	131
694	133
695	121
696	118
697	124
698	93
699	116
700	105
701	117
702	114
703	117
704	113
705	111
706	110
707	112
708	120
709	116
710	113
711	105
712	111
713	109
714	131
715	113
716	91
717	117
718	94
719	97
720	106
721	107
722	99
723	92
724	107
725	113
726	93
727	112
728	109
729	101
730	110
731	109
732	115
733	95
734	103
735	107
736	96
737	104
738	76
739	95
740	77
741	101
742	96
743	76
744	105
745	100
746	121
747	95
748	98
749	109
750	80
751	94
752	110
753	92
754	83
755	111
756	105
757	115
758	85
759	61
760	100
761	82
762	98
763	97
764	93
765	89
766	70
767	104
768	105
769	72
770	93
771	110
772	92
773	91
774	91
775	98
776	99
777	81
778	80
779	77
780	98
781	86
782	92
783	73
784	97
785	94
786	81
787	103
788	73
789	81
790	79
791	68
792	108
793	85
794	92
795	93
796	88
797	99
798	80
799	94
800	106
801	92
802	73
803	94
804	98
805	88
806	92
807	82
808	104
809	79
810	93
811	74
812	105
813	82
814	98
815	85
816	81
817	87
818	96
819	73
820	78
821	100
822	98
823	64
824	82
825	70
826	80
827	87
828	106
829	73
830	80
831	83
832	64
833	64
834	77
835	76
836	81
837	91
838	79
839	87
840	80
841	88
842	74
843	77
844	78
845	88
846	80
847	71
848	79
849	70
850	82
851	73
852	90
853	75
854	103
855	76
856	73
857	80
858	73
859	78
860	73
861	83
862	70
863	70
864	76
865	68
866	65
867	77
868	71
869	83
870	76
871	71
872	90
873	81
874	59
875	59
876	73
877	81
878	75
879	80
880	86
881	88
882	83
883	74
884	75
885	52
886	81
887	60
888	108
889	75
890	68
891	75
892	64
893	76
894	70
895	70
896	71
897	84
898	88
899	73
900	67
901	88
902	71
903	56
904	79
905	76
906	59
907	73
908	67
909	88
910	73
911	68
912	84
913	78
914	83
915	72
916	69
917	72
918	70
919	68
920	66
921	79
922	60
923	72
924	73
925	65
926	82
927	57
928	63
929	70
930	67
931	53
932	80
933	68
934	52
935	71
936	76
937	66
938	75
939	64
940	66
941	53
942	58
943	60
944	55
945	78
946	65
947	59
948	69
949	62
950	51
951	74
952	69
953	53
954	64
955	47
956	69
957	60
958	65
959	64
960	62
961	72
962	47
963	48
964	55
965	62
966	59
967	64
968	71
969	67
970	67
971	62
972	70
973	54
974	54
975	56
976	60
977	70
978	66
979	53
980	59
981	62
982	66
983	46
984	75
985	51
986	63
987	54
988	59
989	45
990	75
991	59
992	60
993	65
994	54
995	55
996	50
997	73
998	61
999	68
1000	57
1001	50
1002	57
1003	61
1004	54
1005	57
1006	70
1007	53
1008	62
1009	59
1010	47
1011	61
1012	56
1013	71
1014	68
1015	64
1016	52
1017	58
1018	50
1019	54
1020	65
1021	56
1022	65
1023	50
1024	42
1025	55
1026	53
1027	37
1028	52
1029	67
1030	64
1031	51
1032	55
1033	48
1034	56
1035	66
1036	61
1037	57
1038	43
1039	58
1040	53
1041	57
1042	62
1043	60
1044	44
1045	49
1046	54
1047	61
1048	60
1049	48
1050	45
1051	52
1052	45
1053	51
1054	44
1055	49
1056	46
1057	50
1058	48
1059	56
1060	55
1061	53
1062	58
1063	69
1064	51
1065	57
1066	42
1067	52
1068	41
1069	54
1070	52
1071	67
1072	52
1073	57
1074	59
1075	55
1076	41
1077	47
1078	52
1079	48
1080	62
1081	45
1082	47
1083	44
1084	67
1085	51
1086	50
1087	41
1088	42
1089	45
1090	44
1091	48
1092	47
1093	51
1094	33
1095	53
1096	40
1097	44
1098	47
1099	44
1100	57
1101	50
1102	39
1103	45
1104	44
1105	47
1106	42
1107	65
1108	35
1109	59
1110	53
1111	53
1112	56
1113	48
1114	59
1115	51
1116	49
1117	56
1118	39
1119	52
1120	50
1121	53
1122	50
1123	41
1124	47
1125	52
1126	59
1127	56
1128	47
1129	46
1130	53
1131	50
1132	63
1133	56
1134	50
1135	56
1136	47
1137	49
1138	42
1139	45
1140	36
1141	49
1142	38
1143	41
1144	53
1145	50
1146	42
1147	46
1148	52
1149	43
1150	32
1151	46
1152	44
1153	45
1154	38
1155	40
1156	41
1157	39
1158	54
1159	43
1160	49
1161	49
1162	51
1163	42
1164	46
1165	35
1166	58
1167	45
1168	37
1169	48
1170	56
1171	53
1172	49
1173	46
1174	58
1175	46
1176	41
1177	49
1178	46
1179	43
1180	50
1181	55
1182	41
1183	62
1184	40
1185	53
1186	60
1187	48
1188	54
1189	65
1190	44
1191	44
1192	46
1193	43
1194	47
1195	52
1196	52
1197	35
1198	35
1199	42
1200	40
1201	41
1202	34
1203	36
1204	41
1205	41
1206	52
1207	38
1208	41
1209	40
1210	46
1211	52
1212	42
1213	36
1214	25
1215	40
1216	32
1217	36
1218	44
1219	41
1220	31
1221	34
1222	39
1223	43
1224	41
1225	47
1226	37
1227	39
1228	39
1229	37
1230	36
1231	39
1232	26
1233	44
1234	36
1235	35
1236	33
1237	39
1238	29
1239	29
1240	36
1241	33
1242	22
1243	34
1244	29
1245	48
1246	36
1247	31
1248	41
1249	32
1250	36
1251	26
1252	38
1253	25
1254	33
1255	44
1256	29
1257	35
1258	44
1259	30
1260	35
1261	34
1262	56
1263	47
1264	31
1265	54
1266	36
1267	43
1268	39
1269	41
1270	36
1271	55
1272	44
1273	47
1274	38
1275	39
1276	44
1277	48
1278	42
1279	36
1280	31
1281	39
1282	43
1283	39
1284	36
1285	29
1286	32
1287	24
1288	35
1289	28
1290	32
1291	31
1292	39
1293	34
1294	34
1295	35
1296	50
1297	42
1298	30
1299	36
1300	39
1301	39
1302	39
1303	31
1304	34
1305	36
1306	36
1307	29
1308	34
1309	37
1310	33
1311	31
1312	36
1313	28
1314	31
1315	30
1316	42
1317	34
1318	34
1319	40
1320	37
1321	30
1322	35
1323	44
1324	42
1325	29
1326	36
1327	31
1328	39
1329	26
1330	36
1331	25
1332	37
1333	27
1334	23
1335	24
1336	28
1337	18
1338	25
1339	38
1340	27
1341	33
1342	29
1343	42
1344	31
1345	47
1346	31
1347	30
1348	36
1349	32
1350	36
1351	27
1352	39
1353	42
1354	32
1355	50
1356	40
1357	41
1358	31
1359	26
1360	36
1361	45
1362	40
1363	41
1364	34
1365	23
1366	34
1367	41
1368	29
1369	29
1370	24
1371	33
1372	22
1373	39
1374	35
1375	46
1376	45
1377	34
1378	39
1379	40
1380	28
1381	30
1382	38
1383	37
1384	41
1385	41
1386	43
1387	37
1388	38
1389	36
1390	32
1391	44
1392	43
1393	36
1394	36
1395	35
1396	32
1397	37
1398	39
1399	31
1400	29
1401	33
1402	34
1403	39
1404	31
1405	33
1406	27
1407	28
1408	34
1409	31
1410	32
1411	22
1412	29
1413	32
1414	23
1415	37
1416	36
1417	24
1418	37
1419	33
1420	36
1421	33
1422	31
1423	28
1424	21
1425	26
1426	44
1427	31
1428	26
1429	28
1430	22
1431	38
1432	33
1433	33
1434	38
1435	36
1436	28
1437	32
1438	34
1439	30
1440	28
1441	34
1442	21
1443	40
1444	32
1445	39
1446	34
1447	33
1448	28
1449	35
1450	29
1451	40
1452	32
1453	24
1454	30
1455	31
1456	38
1457	34
1458	31
1459	39
1460	26
1461	33
1462	31
1463	40
1464	39
1465	35
1466	30
1467	25
1468	32
1469	35
1470	32
1471	28
1472	28
1473	30
1474	29
1475	38
1476	21
1477	33
1478	34
1479	34
1480	34
1481	37
1482	35
1483	31
1484	32
1485	32
1486	27
1487	30
1488	32
1489	36
1490	26
1491	27
1492	28
1493	33
1494	29
1495	38
1496	26
1497	44
1498	34
1499	37
1500	38
1501	35
1502	42
1503	29
1504	32
1505	35
1506	29
1507	40
1508	44
1509	37
1510	31
1511	43
1512	38
1513	42
1514	38
1515	30
1516	32
1517	33
1518	47
1519	30
1520	39
1521	30
1522	33
1523	28
1524	26
1525	33
1526	21
1527	29
1528	31
1529	31
1530	31
1531	26
1532	32
1533	24
1534	48
1535	34
1536	26
1537	39
1538	28
1539	29
1540	41
1541	31
1542	33
1543	30
1544	34
1545	27
1546	41
1547	34
1548	50
1549	43
1550	27
1551	40
1552	41
1553	31
1554	24
1555	34
1556	46
1557	37
1558	25
1559	42
1560	36
1561	31
1562	37
1563	28
1564	28
1565	37
1566	31
1567	32
1568	30
1569	37
1570	31
1571	28
1572	30
1573	37
1574	45
1575	47
1576	35
1577	36
1578	42
1579	22
1580	38
1581	33
1582	37
1583	31
1584	35
1585	34
1586	37
1587	45
1588	38
1589	45
1590	36
1591	32
1592	38
1593	39
1594	36
1595	45
1596	31
1597	38
1598	55
1599	38
1600	31
1601	30
1602	41
1603	29
1604	33
1605	35
1606	34
1607	28
1608	42
1609	34
1610	28
1611	41
1612	36
1613	41
1614	39
1615	24
1616	31
1617	37
1618	48
1619	33
1620	30
1621	29
1622	36
1623	37
1624	34
1625	27
1626	38
1627	38
1628	28
1629	47
1630	29
1631	29
1632	40
1633	30
1634	27
1635	26
1636	28
1637	39
1638	34
1639	42
1640	48
1641	32
1642	41
1643	35
1644	27
1645	37
1646	36
1647	36
1648	22
1649	36
1650	35
1651	46
1652	42
1653	27
1654	29
1655	38
1656	25
1657	39
1658	24
1659	21
1660	36
1661	36
1662	27
1663	37
1664	39
1665	35
1666	29
1667	33
1668	41
1669	32
1670	27
1671	51
1672	31
1673	37
1674	33
1675	30
1676	26
1677	32
1678	46
1679	26
1680	27
1681	34
1682	43
1683	27
1684	37
1685	31
1686	28
1687	31
1688	38
1689	29
1690	28
1691	33
1692	33
1693	36
1694	29
1695	36
1696	29
1697	36
1698	28
1699	32
1700	26
1701	26
1702	25
1703	22
1704	37
1705	27
1706	24
1707	38
1708	28
1709	30
1710	31
1711	24
1712	29
1713	23
1714	32
1715	34
1716	30
1717	27
1718	27
1719	35
1720	34
1721	27
1722	29
1723	23
1724	29
1725	23
1726	23
1727	29
1728	25
1729	30
1730	25
1731	27
1732	26
1733	41
1734	25
1735	30
1736	31
1737	30
1738	35
1739	25
1740	43
1741	22
1742	35
1743	22
1744	30
1745	37
1746	34
1747	33
1748	30
1749	34
1750	27
1751	30
1752	25
1753	29
1754	25
1755	28
1756	28
1757	37
1758	31
1759	27
1760	28
1761	32
1762	28
1763	18
1764	37
1765	43
1766	24
1767	26
1768	21
1769	31
1770	26
1771	31
1772	30
1773	33
1774	20
1775	22
1776	24
1777	27
1778	20
1779	31
1780	33
1781	23
1782	25
1783	23
1784	25
1785	21
1786	25
1787	28
1788	20
1789	14
1790	20
1791	20
1792	18
1793	22
1794	14
1795	21
1796	23
1797	25
1798	24
1799	24
1800	34
1801	30
1802	22
1803	28
1804	25
1805	28
1806	19
1807	19
1808	21
1809	22
1810	19
1811	30
1812	22
1813	20
1814	13
1815	20
1816	26
1817	17
1818	20
1819	21
1820	27
1821	22
1822	26
1823	25
1824	22
1825	19
1826	24
1827	29
1828	19
1829	19
1830	33
1831	13
1832	25
1833	34
1834	24
1835	18
1836	20
1837	23
1838	15
1839	19
1840	21
1841	13
1842	18
1843	19
1844	19
1845	19
1846	28
1847	21
1848	16
1849	20
1850	22
1851	20
1852	13
1853	20
1854	17
1855	22
1856	25
1857	21
1858	21
1859	11
1860	16
1861	13
1862	19
1863	15
1864	18
1865	18
1866	30
1867	22
1868	23
1869	23
1870	10
1871	15
1872	16
1873	19
1874	23
1875	21
1876	20
1877	26
1878	15
1879	21
1880	19
1881	23
1882	22
1883	21
1884	19
1885	11
1886	18
1887	10
1888	24
1889	22
1890	15
1891	19
1892	15
1893	16
1894	20
1895	22
1896	25
1897	17
1898	20
1899	23
1900	15
1901	20
1902	19
1903	27
1904	20
1905	14
1906	15
1907	18
1908	21
1909	20
1910	25
1911	12
1912	16
1913	9
1914	8
1915	21
1916	19
1917	14
1918	8
1919	18
1920	13
1921	16
1922	13
1923	15
1924	22
1925	17
1926	15
1927	11
1928	22
1929	17
1930	15
1931	18
1932	22
1933	14
1934	25
1935	20
1936	17
1937	14
1938	20
1939	16
1940	17
1941	11
1942	23
1943	15
1944	18
1945	14
1946	20
1947	16
1948	20
1949	19
1950	21
1951	27
1952	18
1953	28
1954	21
1955	18
1956	25
1957	16
1958	15
1959	24
1960	21
1961	26
1962	24
1963	20
1964	24
1965	19
1966	23
1967	22
1968	15
1969	17
1970	24
1971	25
1972	16
1973	19
1974	21
1975	14
1976	21
1977	20
1978	31
1979	21
1980	24
1981	21
1982	17
1983	21
1984	18
1985	24
1986	20
1987	22
1988	14
1989	20
1990	15
1991	20
1992	19
1993	21
1994	17
1995	20
1996	19
1997	23
1998	17
1999	25
2000	26
2001	21
2002	20
2003	20
2004	19
2005	16
2006	25
2007	25
2008	28
2009	15
2010	30
2011	32
2012	27
2013	27
2014	19
2015	27
2016	28
2017	21
2018	19
2019	18
2020	24
2021	27
2022	12
2023	19
2024	11
2025	23
2026	22
2027	23
2028	19
2029	19
2030	17
2031	18
2032	24
2033	23
2034	17
2035	17
2036	14
2037	15
2038	29
2039	20
2040	11
2041	16
2042	19
2043	20
2044	18
2045	21
2046	20
2047	20
2048	16
2049	12
2050	24
2051	21
2052	28
2053	14
2054	17
2055	18
2056	32
2057	21
2058	27
2059	23
2060	20
2061	26
2062	18
2063	31
2064	30
2065	22
2066	24
2067	23
2068	27
2069	18
2070	27
2071	24
2072	26
2073	25
2074	30
2075	18
2076	18
2077	16
2078	19
2079	22
2080	20
2081	18
2082	27
2083	25
2084	17
2085	23
2086	16
2087	17
2088	14
2089	20
2090	25
2091	18
2092	33
2093	21
2094	25
2095	15
2096	21
2097	27
2098	22
2099	23
2100	22
2101	22
2102	18
2103	20
2104	27
2105	20
2106	15
2107	23
2108	12
2109	17
2110	19
2111	24
2112	18
2113	21
2114	20
2115	25
2116	14
2117	22
2118	27
2119	19
2120	22
2121	20
2122	20
2123	19
2124	23
2125	25
2126	26
2127	14
2128	20
2129	16
2130	24
2131	19
2132	12
2133	15
2134	18
2135	18
2136	24
2137	25
2138	23
2139	16
2140	21
2141	19
2142	21
2143	17
2144	21
2145	21
2146	21
2147	16
2148	20
2149	23
2150	20
2151	28
2152	16
2153	16
2154	12
2155	11
2156	15
2157	18
2158	24
2159	21
2160	19
2161	21
2162	24
2163	18
2164	17
2165	15
2166	11
2167	15
2168	21
2169	19
2170	19
2171	15
2172	16
2173	12
2174	25
2175	10
2176	19
2177	19
2178	21
2179	18
2180	18
2181	21
2182	17
2183	18
2184	15
2185	20
2186	18
2187	16
2188	14
2189	18
2190	17
2191	28
2192	22
2193	30
2194	25
2195	26
2196	22
2197	21
2198	20
2199	17
2200	21
2201	15
2202	29
2203	26
2204	20
2205	16
2206	21
2207	19
2208	20
2209	14
2210	18
2211	19
2212	16
2213	16
2214	22
2215	26
2216	19
2217	25
2218	18
2219	26
2220	12
2221	31
2222	23
2223	25
2224	24
2225	22
2226	20
2227	17
2228	24
2229	19
2230	16
2231	16
2232	24
2233	13
2234	12
2235	13
2236	12
2237	15
2238	24
2239	23
2240	27
2241	11
2242	20
2243	17
2244	11
2245	12
2246	18
2247	15
2248	17
2249	17
2250	16
2251	20
2252	15
2253	15
2254	24
2255	16
2256	12
2257	15
2258	20
2259	17
2260	15
2261	11
2262	18
2263	8
2264	14
2265	23
2266	12
2267	19
2268	19
2269	21
2270	12
2271	18
2272	15
2273	18
2274	12
2275	14
2276	17
2277	13
2278	20
2279	24
2280	16
2281	13
2282	28
2283	18
2284	21
2285	16
2286	18
2287	13
2288	14
2289	19
2290	13
2291	12
2292	23
2293	21
2294	9
2295	16
2296	16
2297	12
2298	19
2299	14
2300	12
2301	12
2302	17
2303	23
2304	17
2305	18
2306	18
2307	18
2308	17
2309	13
2310	18
2311	20
2312	11
2313	15
2314	12
2315	15
2316	19
2317	18
2318	13
2319	14
2320	14
2321	11
2322	21
2323	17
2324	11
2325	16
2326	16
2327	17
2328	19
2329	17
2330	13
2331	21
2332	19
2333	21
2334	18
2335	19
2336	20
2337	17
2338	12
2339	13
2340	19
2341	11
2342	11
2343	24
2344	10
2345	16
2346	7
2347	14
2348	16
2349	13
2350	7
2351	15
2352	18
2353	13
2354	7
2355	21
2356	16
2357	19
2358	25
2359	25
2360	16
2361	14
2362	23
2363	15
2364	18
2365	16
2366	24
2367	18
2368	15
2369	15
2370	16
2371	18
2372	18
2373	19
2374	12
2375	14
2376	9
2377	13
2378	13
2379	19
2380	14
2381	19
2382	12
2383	20
2384	20
2385	23
2386	21
2387	19
2388	12
2389	16
2390	14
2391	12
2392	16
2393	13
2394	18
2395	12
2396	15
2397	15
2398	18
2399	11
2400	22
2401	13
2402	12
2403	14
2404	14
2405	17
2406	13
2407	18
2408	9
2409	15
2410	13
2411	21
2412	15
2413	11
2414	12
2415	10
2416	13
2417	8
2418	13
2419	12
2420	18
2421	10
2422	15
2423	10
2424	12
2425	11
2426	17
2427	14
2428	7
2429	14
2430	5
2431	13
2432	8
2433	8
2434	15
2435	13
2436	12
2437	15
2438	7
2439	16
2440	21
2441	16
2442	11
2443	15
2444	12
2445	11
2446	9
2447	14
2448	24
2449	16
2450	13
2451	12
2452	10
2453	14
2454	17
2455	22
2456	13
2457	15
2458	14
2459	11
2460	11
2461	12
2462	15
2463	14
2464	17
2465	21
2466	18
2467	28
2468	21
2469	8
2470	20
2471	13
2472	15
2473	17
2474	17
2475	14
2476	17
2477	22
2478	21
2479	11
2480	21
2481	20
2482	12
2483	16
2484	22
2485	19
2486	20
2487	9
2488	19
2489	30
2490	22
2491	9
2492	15
2493	21
2494	24
2495	20
2496	24
2497	23
2498	16
2499	15
2500	17
2501	18
2502	14
2503	18
2504	12
2505	18
2506	26
2507	13
2508	23
2509	25
2510	23
2511	29
2512	17
2513	15
2514	20
2515	17
2516	17
2517	20
2518	18
2519	15
2520	18
2521	15
2522	10
2523	13
2524	18
2525	11
2526	18
2527	14
2528	13
2529	17
2530	20
2531	15
2532	20
2533	17
2534	14
2535	16
2536	19
2537	21
2538	15
2539	11
2540	23
2541	10
2542	14
2543	18
2544	10
2545	14
2546	15
2547	15
2548	16
2549	12
2550	18
2551	14
2552	13
2553	11
2554	19
2555	15
2556	19
2557	19
2558	14
2559	18
2560	12
2561	21
2562	19
2563	17
2564	20
2565	18
2566	19
2567	15
2568	15
2569	18
2570	18
2571	19
2572	20
2573	12
2574	17
2575	22
2576	10
2577	16
2578	15
2579	22
2580	18
2581	18
2582	16
2583	9
2584	19
2585	16
2586	16
2587	20
2588	11
2589	25
2590	17
2591	19
2592	24
2593	11
2594	13
2595	21
2596	9
2597	16
2598	14
2599	19
2600	18
2601	14
2602	10
2603	11
2604	20
2605	20
2606	10
2607	19
2608	18
2609	13
2610	13
2611	18
2612	13
2613	16
2614	16
2615	18
2616	18
2617	10
2618	13
2619	9
2620	11
2621	18
2622	10
2623	14
2624	9
2625	13
2626	12
2627	13
2628	11
2629	16
2630	9
2631	13
2632	15
2633	10
2634	19
2635	11
2636	14
2637	19
2638	15
2639	13
2640	8
2641	13
2642	11
2643	17
2644	9
2645	16
2646	5
2647	20
2648	10
2649	12
2650	12
2651	16
2652	11
2653	18
2654	10
2655	13
2656	16
2657	13
2658	14
2659	17
2660	15
2661	11
2662	19
2663	13
2664	10
2665	18
2666	16
2667	9
2668	14
2669	12
2670	14
2671	13
2672	16
2673	13
2674	8
2675	13
2676	13
2677	12
2678	11
2679	9
2680	9
2681	13
2682	13
2683	12
2684	14
2685	17
2686	14
2687	16
2688	12
2689	12
2690	16
2691	13
2692	16
2693	10
2694	12
2695	13
2696	20
2697	11
2698	13
2699	5
2700	21
2701	13
2702	16
2703	11
2704	13
2705	11
2706	18
2707	12
2708	14
2709	13
2710	16
2711	12
2712	18
2713	14
2714	17
2715	14
2716	21
2717	23
2718	21
2719	9
2720	16
2721	20
2722	12
2723	17
2724	12
2725	16
2726	13
2727	14
2728	18
2729	10
2730	15
2731	13
2732	17
2733	20
2734	15
2735	12
2736	10
2737	15
2738	14
2739	22
2740	14
2741	8
2742	15
2743	13
2744	9
2745	12
2746	23
2747	8
2748	16
2749	12
2750	11
2751	15
2752	17
2753	17
2754	16
2755	26
2756	19
2757	13
2758	12
2759	16
2760	20
2761	19
2762	23
2763	9
2764	17
2765	14
2766	13
2767	18
2768	15
2769	19
2770	20
2771	23
2772	21
2773	14
2774	22
2775	20
2776	18
2777	15
2778	18
2779	21
2780	13
2781	16
2782	14
2783	13
2784	15
2785	19
2786	19
2787	8
2788	18
2789	19
2790	19
2791	8
2792	12
2793	15
2794	11
2795	21
2796	19
2797	19
2798	11
2799	13
2800	14
2801	7
2802	12
2803	11
2804	16
2805	14
2806	18
2807	14
2808	21
2809	11
2810	14
2811	14
2812	9
2813	16
2814	13
2815	11
2816	10
2817	16
2818	13
2819	16
2820	8
2821	13
2822	15
2823	17
2824	12
2825	15
2826	17
2827	14
2828	12
2829	10
2830	12
2831	8
2832	15
2833	12
2834	7
2835	19
2836	14
2837	15
2838	13
2839	14
2840	9
2841	9
2842	11
2843	14
2844	5
2845	9
2846	8
2847	14
2848	9
2849	10
2850	17
2851	13
2852	13
2853	13
2854	11
2855	14
2856	13
2857	12
2858	13
2859	12
2860	7
2861	8
2862	10
2863	7
2864	12
2865	19
2866	13
2867	9
2868	9
2869	10
2870	14
2871	12
2872	14
2873	8
2874	9
2875	14
2876	15
2877	14
2878	9
2879	10
2880	15
2881	10
2882	13
2883	14
2884	14
2885	3
2886	18
2887	16
2888	17
2889	18
2890	13
2891	7
2892	9
2893	10
2894	14
2895	9
2896	10
2897	9
2898	9
2899	12
2900	9
2901	10
2902	11
2903	11
2904	7
2905	15
2906	9
2907	12
2908	13
2909	14
2910	14
2911	10
2912	6
2913	15
2914	13
2915	16
2916	15
2917	10
2918	6
2919	9
2920	14
2921	13
2922	10
2923	22
2924	12
2925	8
2926	9
2927	10
2928	7
2929	7
2930	21
2931	11
2932	8
2933	13
2934	14
2935	16
2936	13
2937	15
2938	16
2939	21
2940	15
2941	9
2942	11
2943	12
2944	15
2945	14
2946	9
2947	13
2948	8
2949	11
2950	8
2951	12
2952	17
2953	11
2954	18
2955	16
2956	14
2957	17
2958	9
2959	13
2960	12
2961	14
2962	13
2963	13
2964	12
2965	15
2966	12
2967	12
2968	13
2969	9
2970	13
2971	17
2972	14
2973	13
2974	9
2975	12
2976	13
2977	10
2978	7
2979	14
2980	14
2981	14
2982	9
2983	11
2984	13
2985	23
2986	19
2987	15
2988	14
2989	13
2990	11
2991	13
2992	12
2993	16
2994	9
2995	14
2996	16
2997	14
2998	10
2999	9
3000	12
3001	13
3002	9
3003	13
3004	13
3005	19
3006	9
3007	18
3008	11
3009	9
3010	17
3011	21
3012	19
3013	12
3014	17
3015	13
3016	12
3017	15
3018	14
3019	19
3020	11
3021	9
3022	17
3023	22
3024	14
3025	9
3026	16
3027	10
3028	11
3029	13
3030	16
3031	8
3032	12
3033	14
3034	9
3035	7
3036	15
3037	11
3038	16
3039	11
3040	15
3041	7
3042	15
3043	15
3044	13
3045	20
3046	9
3047	14
3048	17
3049	12
3050	23
3051	12
3052	13
3053	21
3054	10
3055	13
3056	9
3057	11
3058	15
3059	10
3060	11
3061	12
3062	11
3063	10
3064	13
3065	10
3066	13
3067	6
3068	17
3069	16
3070	16
3071	15
3072	13
3073	17
3074	20
3075	14
3076	9
3077	13
3078	11
3079	14
3080	14
3081	11
3082	11
3083	12
3084	9
3085	13
3086	12
3087	14
3088	17
3089	13
3090	13
3091	13
3092	14
3093	12
3094	12
3095	9
3096	14
3097	6
3098	10
3099	13
3100	12
3101	16
3102	13
3103	10
3104	8
3105	12
3106	11
3107	7
3108	5
3109	9
3110	12
3111	12
3112	9
3113	9
3114	10
3115	6
3116	11
3117	8
3118	10
3119	17
3120	12
3121	10
3122	15
3123	16
3124	5
3125	15
3126	10
3127	16
3128	11
3129	10
3130	9
3131	10
3132	13
3133	14
3134	11
3135	8
3136	11
3137	7
3138	10
3139	14
3140	6
3141	11
3142	8
3143	13
3144	6
3145	9
3146	3
3147	7
3148	8
3149	6
3150	9
3151	14
3152	4
3153	10
3154	7
3155	6
3156	11
3157	7
3158	7
3159	15
3160	4
3161	16
3162	9
3163	9
3164	10
3165	7
3166	3
3167	12
3168	8
3169	14
3170	16
3171	4
3172	10
3173	12
3174	8
3175	5
3176	5
3177	7
3178	14
3179	8
3180	11
3181	13
3182	9
3183	18
3184	18
3185	5
3186	9
3187	3
3188	10
3189	7
3190	8
3191	8
3192	14
3193	11
3194	16
3195	8
3196	12
3197	10
3198	9
3199	14
3200	7
3201	7
3202	10
3203	15
3204	12
3205	10
3206	7
3207	13
3208	12
3209	13
3210	12
3211	13
3212	10
3213	12
3214	6
3215	14
3216	13
3217	11
3218	14
3219	12
3220	11
3221	10
3222	9
3223	9
3224	6
3225	9
3226	10
3227	11
3228	5
3229	12
3230	7
3231	6
3232	10
3233	5
3234	15
3235	8
3236	15
3237	9
3238	5
3239	6
3240	8
3241	12
3242	7
3243	10
3244	4
3245	9
3246	10
3247	8
3248	8
3249	3
3250	5
3251	10
3252	7
3253	16
3254	12
3255	11
3256	16
3257	8
3258	15
3259	3
3260	7
3261	15
3262	11
3263	11
3264	5
3265	15
3266	12
3267	16
3268	11
3269	18
3270	11
3271	11
3272	14
3273	15
3274	7
3275	16
3276	10
3277	8
3278	10
3279	10
3280	10
3281	6
3282	7
3283	12
3284	11
3285	10
3286	8
3287	11
3288	14
3289	11
3290	11
3291	11
3292	7
3293	19
3294	10
3295	19
3296	13
3297	11
3298	10
3299	15
3300	10
3301	15
3302	9
3303	9
3304	8
3305	7
3306	8
3307	17
3308	22
3309	12
3310	9
3311	11
3312	17
3313	11
3314	20
3315	5
3316	8
3317	11
3318	8
3319	17
3320	12
3321	13
3322	6
3323	16
3324	14
3325	14
3326	11
3327	10
3328	13
3329	17
3330	7
3331	12
3332	15
3333	6
3334	9
3335	8
3336	20
3337	10
3338	6
3339	10
3340	9
3341	11
3342	14
3343	6
3344	12
3345	11
3346	6
3347	9
3348	12
3349	16
3350	16
3351	17
3352	13
3353	13
3354	16
3355	9
3356	18
3357	13
3358	10
3359	13
3360	15
3361	21
3362	9
3363	11
3364	16
3365	12
3366	17
3367	13
3368	14
3369	19
3370	13
3371	16
3372	17
3373	13
3374	11
3375	11
3376	18
3377	13
3378	20
3379	15
3380	12
3381	12
3382	16
3383	17
3384	17
3385	12
3386	12
3387	10
3388	17
3389	11
3390	16
3391	15
3392	9
3393	16
3394	16
3395	13
3396	18
3397	13
3398	12
3399	10
3400	12
3401	16
3402	12
3403	9
3404	22
3405	14
3406	23
3407	12
3408	15
3409	11
3410	19
3411	20
3412	11
3413	24
3414	15
3415	9
3416	18
3417	13
3418	23
3419	19
3420	19
3421	15
3422	23
3423	13
3424	12
3425	18
3426	15
3427	19
3428	19
3429	15
3430	22
3431	17
3432	34
3433	22
3434	16
3435	18
3436	18
3437	15
3438	25
3439	18
3440	11
3441	18
3442	10
3443	18
3444	17
3445	9
3446	14
3447	19
3448	14
3449	20
3450	15
3451	15
3452	15
3453	8
3454	24
3455	13
3456	15
3457	16
3458	14
3459	16
3460	8
3461	11
3462	13
3463	14
3464	19
3465	19
3466	17
3467	14
3468	9
3469	16
3470	15
3471	15
3472	14
3473	20
3474	8
3475	13
3476	10
3477	12
3478	10
3479	12
3480	14
3481	16
3482	16
3483	7
3484	20
3485	15
3486	14
3487	20
3488	16
3489	16
3490	19
3491	22
3492	18
3493	21
3494	14
3495	14
3496	11
3497	16
3498	11
3499	25
3500	20
3501	12
3502	19
3503	16
3504	16
3505	14
3506	11
3507	16
3508	17
3509	19
3510	12
3511	10
3512	16
3513	15
3514	11
3515	8
3516	8
3517	20
3518	12
3519	13
3520	8
3521	11
3522	15
3523	13
3524	11
3525	11
3526	11
3527	12
3528	11
3529	14
3530	7
3531	8
3532	13
3533	14
3534	12
3535	11
3536	6
3537	11
3538	7
3539	10
3540	7
3541	15
3542	9
3543	10
3544	11
3545	10
3546	6
3547	12
3548	14
3549	8
3550	11
3551	8
3552	5
3553	9
3554	8
3555	8
3556	12
3557	8
3558	8
3559	5
3560	11
3561	15
3562	14
3563	12
3564	16
3565	7
3566	6
3567	15
3568	8
3569	13
3570	14
3571	14
3572	12
3573	10
3574	10
3575	12
3576	6
3577	11
3578	15
3579	10
3580	5
3581	16
3582	11
3583	11
3584	12
3585	12
3586	9
3587	13
3588	11
3589	13
3590	10
3591	10
3592	5
3593	14
3594	12
3595	12
3596	15
3597	12
3598	12
3599	15
3600	10
3601	10
3602	17
3603	10
3604	8
3605	17
3606	13
3607	9
3608	15
3609	17
3610	15
3611	11
3612	16
3613	9
3614	16
3615	12
3616	11
3617	12
3618	16
3619	14
3620	14
3621	8
3622	18
3623	8
3624	10
3625	17
3626	15
3627	18
3628	10
3629	14
3630	17
3631	10
3632	11
3633	11
3634	12
3635	19
3636	15
3637	12
3638	12
3639	10
3640	10
3641	9
3642	9
3643	12
3644	15
3645	10
3646	13
3647	13
3648	10
3649	15
3650	16
3651	6
3652	8
3653	15
3654	13
3655	8
3656	6
3657	11
3658	7
3659	16
3660	13
3661	8
3662	8
3663	14
3664	13
3665	16
3666	13
3667	16
3668	8
3669	11
3670	10
3671	10
3672	15
3673	9
3674	15
3675	3
3676	7
3677	6
3678	13
3679	10
3680	10
3681	7
3682	8
3683	14
3684	9
3685	9
3686	11
3687	9
3688	8
3689	15
3690	11
3691	8
3692	15
3693	13
3694	12
3695	19
3696	7
3697	12
3698	6
3699	10
3700	13
3701	6
3702	14
3703	11
3704	14
3705	8
3706	7
3707	16
3708	8
3709	9
3710	11
3711	6
3712	7
3713	10
3714	4
3715	6
3716	6
3717	6
3718	8
3719	10
3720	8
3721	7
3722	8
3723	9
3724	6
3725	6
3726	12
3727	8
3728	8
3729	10
3730	9
3731	7
3732	8
3733	4
3734	7
3735	8
3736	13
3737	12
3738	12
3739	12
3740	4
3741	9
3742	7
3743	7
3744	5
3745	9
3746	11
3747	5
3748	6
3749	6
3750	11
3751	10
3752	7
3753	5
3754	9
3755	7
3756	9
3757	6
3758	1
3759	15
3760	10
3761	11
3762	7
3763	6
3764	11
3765	9
3766	5
3767	9
3768	10
3769	3
3770	9
3771	9
3772	9
3773	7
3774	14
3775	3
3776	14
3777	9
3778	9
3779	10
3780	10
3781	7
3782	6
3783	8
3784	11
3785	9
3786	13
3787	7
3788	11
3789	12
3790	11
3791	7
3792	6
3793	7
3794	14
3795	9
3796	5
3797	8
3798	4
3799	8
3800	7
3801	5
3802	14
3803	7
3804	6
3805	6
3806	5
3807	9
3808	8
3809	6
3810	4
3811	7
3812	7
3813	10
3814	3
3815	9
3816	6
3817	5
3818	9
3819	8
3820	7
3821	10
3822	10
3823	8
3824	4
3825	6
3826	9
3827	6
3828	4
3829	11
3830	6
3831	10
3832	10
3833	2
3834	6
3835	7
3836	9
3837	13
3838	4
3839	6
3840	8
3841	8
3842	3
3843	9
3844	9
3845	12
3846	2
3847	5
3848	7
3849	3
3850	8
3851	11
3852	11
3853	7
3854	4
3855	6
3856	6
3857	10
3858	8
3859	7
3860	8
3861	7
3862	3
3863	9
3864	4
3865	6
3866	6
3867	8
3868	5
3869	4
3870	5
3871	6
3872	5
3873	4
3874	4
3875	4
3876	3
3877	4
3878	5
3879	3
3880	13
3881	7
3882	9
3883	9
3884	5
3885	6
3886	3
3887	8
3888	6
3889	6
3890	8
3891	5
3892	9
3893	8
3894	6
3895	7
3896	4
3897	4
3898	6
3899	5
3900	2
3901	5
3902	5
3903	7
3904	5
3905	6
3906	3
3907	3
3908	3
3909	9
3910	6
3911	3
3912	8
3913	6
3914	10
3915	7
3916	2
3917	4
3918	4
3919	2
3920	5
3921	6
3922	4
3923	5
3924	5
3925	7
3926	5
3927	7
3928	6
3929	5
3930	2
3931	3
3932	4
3933	4
3934	4
3935	7
3936	8
3937	5
3938	6
3939	1
3940	5
3941	8
3942	5
3943	7
3944	3
3945	4
3946	8
3947	2
3948	5
3949	3
3950	5
3951	10
3952	5
3953	8
3954	6
3955	4
3956	11
3957	6
3958	11
3959	7
3960	4
3961	6
3962	6
3963	6
3964	9
3965	6
3966	7
3967	1
3968	5
3969	11
3970	9
3971	11
3972	10
3973	5
3974	7
3975	3
3976	8
3977	7
3978	5
3979	4
3980	10
3981	5
3982	1
3983	2
3984	15
3985	5
3986	14
3987	3
3988	6
3989	4
3990	4
3991	3
3992	5
3993	10
3994	9
3995	5
3996	11
3997	5
3998	9
3999	13
4000	6
4001	5
4002	6
4003	8
4004	7
4005	9
4006	6
4007	2
4008	5
4009	6
4010	9
4011	3
4012	9
4013	11
4014	9
4015	3
4016	7
4017	3
4018	3
4019	4
4020	1
4021	5
4022	6
4023	6
4024	4
4025	7
4026	8
4027	2
4028	7
4029	5
4030	4
4031	8
4032	7
4033	5
4034	7
4035	4
4036	7
4037	6
4038	5
4039	6
4040	5
4041	7
4042	7
4043	7
4044	3
4045	5
4046	4
4047	4
4048	12
4049	6
4050	9
4051	3
4052	7
4053	4
4054	9
4055	9
4056	10
4057	5
4058	5
4059	6
4060	3
4061	8
4062	9
4063	12
4064	3
4065	3
4066	6
4067	6
4068	6
4069	6
4070	4
4071	4
4072	10
4073	8
4074	3
4075	9
4076	8
4077	8
4078	3
4079	8
4080	8
4081	8
4082	10
4083	7
4084	5
4085	10
4086	4
4087	6
4088	6
4089	9
4090	6
4091	5
4092	13
4093	2
4094	6
4095	7
4096	2
4097	3
4098	7
4099	5
4100	6
4101	7
4102	8
4103	6
4104	2
4105	9
4106	7
4107	4
4108	4
4109	4
4110	7
4111	5
4112	8
4113	8
4114	3
4115	3
4116	4
4117	2
4118	6
4119	6
4120	3
4121	7
4122	9
4123	5
4124	11
4125	6
4126	5
4127	3
4128	7
4129	9
4130	3
4131	5
4132	8
4133	5
4134	3
4135	9
4136	5
4137	6
4138	6
4139	9
4140	4
4141	4
4142	6
4143	8
4144	9
4145	7
4146	7
4147	6
4148	3
4149	13
4150	7
4151	4
4152	14
4153	10
4154	6
4155	7
4156	7
4157	9
4158	11
4159	5
4160	8
4161	8
4162	8
4163	11
4164	14
4165	5
4166	8
4167	10
4168	8
4169	9
4170	8
4171	5
4172	3
4173	6
4174	5
4175	5
4176	3
4177	12
4178	9
4179	7
4180	6
4181	3
4182	9
4183	11
4184	8
4185	6
4186	9
4187	7
4188	0
4189	5
4190	2
4191	7
4192	9
4193	9
4194	3
4195	3
4196	3
4197	6
4198	9
4199	8
4200	6
4201	8
4202	9
4203	5
4204	7
4205	2
4206	5
4207	4
4208	10
4209	5
4210	4
4211	4
4212	5
4213	5
4214	6
4215	9
4216	14
4217	5
4218	10
4219	6
4220	10
4221	4
4222	4
4223	7
4224	6
4225	8
4226	3
4227	7
4228	6
4229	10
4230	6
4231	6
4232	7
4233	9
4234	7
4235	5
4236	6
4237	7
4238	6
4239	7
4240	10
4241	8
4242	7
4243	8
4244	10
4245	5
4246	5
4247	4
4248	1
4249	8
4250	4
4251	7
4252	9
4253	7
4254	7
4255	2
4256	5
4257	4
4258	13
4259	6
4260	7
4261	7
4262	10
4263	6
4264	8
4265	13
4266	5
4267	4
4268	10
4269	10
4270	7
4271	9
4272	10
4273	7
4274	7
4275	8
4276	12
4277	6
4278	9
4279	6
4280	3
4281	8
4282	5
4283	7
4284	6
4285	6
4286	8
4287	4
4288	7
4289	5
4290	8
4291	6
4292	6
4293	7
4294	3
4295	8
4296	5
4297	7
4298	3
4299	3
4300	5
4301	4
4302	3
4303	7
4304	6
4305	4
4306	5
4307	5
4308	4
4309	11
4310	7
4311	3
4312	3
4313	6
4314	5
4315	8
4316	7
4317	4
4318	6
4319	4
4320	4
4321	3
4322	3
4323	7
4324	6
4325	1
4326	6
4327	8
4328	1
4329	4
4330	2
4331	3
4332	5
4333	2
4334	6
4335	2
4336	4
4337	3
4338	5
4339	3
4340	2
4341	5
4342	4
4343	2
4344	1
4345	6
4346	4
4347	5
4348	3
4349	5
4350	1
4351	5
4352	5
4353	2
4354	5
4355	6
4356	5
4357	4
4358	2
4359	8
4360	4
4361	5
4362	8
4363	6
4364	3
4365	3
4366	8
4367	4
4368	5
4369	5
4370	4
4371	4
4372	6
4373	3
4374	5
4375	8
4376	3
4377	4
4378	6
4379	5
4380	4
4381	4
4382	4
4383	2
4384	6
4385	3
4386	5
4387	3
4388	6
4389	5
4390	3
4391	5
4392	2
4393	2
4394	6
4395	2
4396	6
4397	3
4398	3
4399	5
4400	5
4401	1
4402	6
4403	3
4404	4
4405	7
4406	3
4407	5
4408	6
4409	2
4410	6
4411	2
4412	4
4413	5
4414	2
4415	3
4416	3
4417	2
4418	4
4419	4
4420	2
4421	3
4422	4
4423	3
4424	4
4425	7
4426	2
4427	2
4428	3
4429	9
4430	2
4431	5
4432	2
4433	6
4434	6
4435	4
4436	6
4437	5
4438	1
4439	6
4440	4
4441	4
4442	6
4443	13
4444	4
4445	11
4446	8
4447	8
4448	6
4449	8
4450	4
4451	6
4452	3
4453	8
4454	9
4455	6
4456	7
4457	8
4458	4
4459	5
4460	3
4461	7
4462	5
4463	4
4464	5
4465	11
4466	6
4467	5
4468	11
4469	6
4470	6
4471	5
4472	5
4473	2
4474	6
4475	6
4476	7
4477	8
4478	1
4479	6
4480	4
4481	4
4482	5
4483	4
4484	3
4485	4
4486	5
4487	3
4488	1
4489	6
4490	5
4491	6
4492	3
4493	4
4494	0
4495	4
4496	7
4497	5
4498	2
4499	5
4500	5
4501	3
4502	2
4503	4
4504	2
4505	4
4506	3
4507	2
4508	4
4509	5
4510	6
4511	2
4512	4
4513	4
4514	5
4515	10
4516	2
4517	5
4518	3
4519	6
4520	4
4521	3
4522	2
4523	2
4524	2
4525	2
4526	3
4527	4
4528	3
4529	3
4530	5
4531	8
4532	3
4533	3
4534	3
4535	2
4536	2
4537	1
4538	3
4539	2
4540	8
4541	5
4542	1
4543	3
4544	7
4545	6
4546	0
4547	6
4548	2
4549	1
4550	5
4551	4
4552	4
4553	5
4554	8
4555	3
4556	2
4557	2
4558	4
4559	6
4560	7
4561	2
4562	2
4563	0
4564	2
4565	0
4566	7
4567	4
4568	1
4569	8
4570	3
4571	5
4572	1
4573	1
4574	6
4575	3
4576	5
4577	3
4578	3
4579	5
4580	4
4581	3
4582	1
4583	4
4584	4
4585	2
4586	3
4587	6
4588	5
4589	1
4590	3
4591	1
4592	2
4593	1
4594	4
4595	3
4596	1
4597	2
4598	3
4599	3
4600	5
4601	3
4602	0
4603	1
4604	4
4605	1
4606	2
4607	4
4608	2
4609	3
4610	5
4611	0
4612	1
4613	4
4614	4
4615	3
4616	3
4617	1
4618	5
4619	1
4620	3
4621	2
4622	0
4623	2
4624	4
4625	4
4626	5
4627	3
4628	0
4629	7
4630	2
4631	1
4632	1
4633	5
4634	2
4635	3
4636	0
4637	2
4638	4
4639	5
4640	0
4641	2
4642	1
4643	1
4644	3
4645	2
4646	3
4647	2
4648	1
4649	2
4650	2
4651	1
4652	2
4653	6
4654	4
4655	2
4656	1
4657	2
4658	0
4659	3
4660	4
4661	0
4662	1
4663	4
4664	0
4665	3
4666	4
4667	1
4668	2
4669	3
4670	1
4671	0
4672	3
4673	4
4674	3
4675	5
4676	2
4677	5
4678	2
4679	2
4680	1
4681	3
4682	4
4683	1
4684	1
4685	0
4686	3
4687	3
4688	2
4689	2
4690	0
4691	4
4692	1
4693	2
4694	2
4695	2
4696	0
4697	3
4698	3
4699	1
4700	2
4701	1
4702	1
4703	1
4704	3
4705	0
4706	4
4707	2
4708	0
4709	1
4710	3
4711	3
4712	2
4713	3
4714	2
4715	0
4716	0
4717	3
4718	2
4719	1
4720	3
4721	2
4722	1
4723	4
4724	0
4725	1
4726	2
4727	3
4728	0
4729	1
4730	5
4731	3
4732	1
4733	5
4734	4
4735	2
4736	3
4737	3
4738	1
4739	2
4740	4
4741	0
4742	2
4743	3
4744	3
4745	1
4746	2
4747	1
4748	1
4749	1
4750	1
4751	1
4752	1
4753	2
4754	1
4755	2
4756	3
4757	4
4758	2
4759	1
4760	3
4761	2
4762	2
4763	2
4764	4
4765	4
4766	2
4767	2
4768	3
4769	0
4770	1
4771	1
4772	2
4773	4
4774	1
4775	1
4776	3
4777	2
4778	2
4779	2
4780	1
4781	4
4782	2
4783	0
4784	0
4785	2
4786	3
4787	1
4788	3
4789	4
4790	2
4791	2
4792	3
4793	2
4794	6
4795	1
4796	4
4797	4
4798	0
4799	2
4800	2
4801	1
4802	3
4803	0
4804	6
4805	1
4806	2
4807	3
4808	4
4809	0
4810	2
4811	1
4812	2
4813	2
4814	1
4815	3
4816	2
4817	3
4818	5
4819	1
4820	0
4821	2
4822	5
4823	4
4824	1
4825	0
4826	2
4827	3
4828	3
4829	3
4830	0
4831	1
4832	1
4833	4
4834	4
4835	5
4836	2
4837	1
4838	6
4839	4
4840	3
4841	4
4842	1
4843	3
4844	4
4845	5
4846	2
4847	3
4848	2
4849	1
4850	4
4851	4
4852	2
4853	1
4854	5
4855	2
4856	3
4857	6
4858	6
4859	3
4860	2
4861	3
4862	5
4863	4
4864	1
4865	3
4866	1
4867	1
4868	4
4869	1
4870	2
4871	2
4872	2
4873	0
4874	2
4875	1
4876	3
4877	4
4878	2
4879	4
4880	5
4881	5
4882	1
4883	2
4884	3
4885	5
4886	2
4887	2
4888	2
4889	3
4890	1
4891	2
4892	3
4893	3
4894	3
4895	2
4896	1
4897	3
4898	0
4899	0
4900	4
4901	0
4902	3
4903	3
4904	3
4905	2
4906	4
4907	3
4908	1
4909	3
4910	2
4911	7
4912	3
4913	1
4914	3
4915	5
4916	1
4917	3
4918	1
4919	2
4920	4
4921	1
4922	1
4923	1
4924	5
4925	3
4926	5
4927	4
4928	2
4929	2
4930	6
4931	0
4932	4
4933	2
4934	7
4935	3
4936	3
4937	4
4938	3
4939	3
4940	8
4941	1
4942	2
4943	2
4944	1
4945	3
4946	5
4947	6
4948	1
4949	2
4950	4
4951	2
4952	6
4953	2
4954	3
4955	3
4956	2
4957	3
4958	1
4959	2
4960	5
4961	1
4962	1
4963	1
4964	2
4965	0
4966	2
4967	2
4968	3
4969	7
4970	3
4971	2
4972	1
4973	3
4974	4
4975	3
4976	0
4977	3
4978	2
4979	3
4980	3
4981	3
4982	3
4983	1
4984	1
4985	4
4986	3
4987	4
4988	3
4989	3
4990	5
4991	2
4992	3
4993	4
4994	4
4995	1
4996	3
4997	1
4998	2
4999	2
5000	2
5001	4
5002	5
5003	3
5004	3
5005	4
5006	5
5007	2
5008	4
5009	2
5010	0
5011	1
5012	3
5013	0
5014	1
5015	2
5016	6
5017	4
5018	2
5019	2
5020	4
5021	3
5022	1
5023	4
5024	3
5025	0
5026	0
5027	1
5028	3
5029	4
5030	1
5031	0
5032	2
5033	3
5034	2
5035	4
5036	0
5037	1
5038	1
5039	3
5040	4
5041	2
5042	4
5043	1
5044	2
5045	2
5046	2
5047	1
5048	3
5049	0
5050	1
5051	2
5052	4
5053	3
5054	1
5055	0
5056	5
5057	4
5058	0
5059	2
5060	4
5061	3
5062	2
5063	4
5064	4
5065	3
5066	1
5067	2
5068	0
5069	1
5070	4
5071	1
5072	2
5073	0
5074	4
5075	6
5076	2
5077	2
5078	4
5079	2
5080	2
5081	1
5082	0
5083	2
5084	0
5085	1
5086	2
5087	3
5088	1
5089	5
5090	3
5091	2
5092	3
5093	1
5094	3
5095	2
5096	3
5097	1
5098	3
5099	0
5100	1
5101	3
5102	2
5103	1
5104	2
5105	4
5106	3
5107	1
5108	1
5109	6
5110	1
5111	1
5112	2
5113	3
5114	3
5115	2
5116	1
5117	5
5118	1
5119	2
5120	2
5121	4
5122	4
5123	2
5124	2
5125	4
5126	4
5127	1
5128	3
5129	4
5130	4
5131	2
5132	1
5133	0
5134	4
5135	5
5136	2
5137	5
5138	2
5139	2
5140	1
5141	3
5142	4
5143	2
5144	1
5145	3
5146	1
5147	2
5148	4
5149	4
5150	4
5151	3
5152	6
5153	6
5154	5
5155	1
5156	3
5157	1
5158	7
5159	1
5160	2
5161	1
5162	0
5163	4
5164	2
5165	7
5166	2
5167	1
5168	0
5169	4
5170	4
5171	4
5172	5
5173	3
5174	1
5175	3
5176	3
5177	3
5178	2
5179	3
5180	1
5181	5
5182	5
5183	7
5184	2
5185	1
5186	4
5187	3
5188	5
5189	2
5190	1
5191	1
5192	3
5193	2
5194	4
5195	2
5196	1
5197	3
5198	3
5199	2
5200	1
5201	3
5202	1
5203	4
5204	1
5205	3
5206	1
5207	3
5208	3
5209	2
5210	2
5211	1
5212	2
5213	4
5214	0
5215	2
5216	2
5217	5
5218	2
5219	3
5220	0
5221	0
5222	2
5223	5
5224	1
5225	4
5226	3
5227	2
5228	0
5229	2
5230	2
5231	2
5232	4
5233	4
5234	2
5235	2
5236	3
5237	3
5238	0
5239	2
5240	1
5241	3
5242	1
5243	4
5244	5
5245	1
5246	1
5247	2
5248	1
5249	3
5250	2
5251	5
5252	2
5253	1
5254	4
5255	2
5256	1
5257	3
5258	3
5259	1
5260	4
5261	3
5262	2
5263	3
5264	2
5265	4
5266	2
5267	2
5268	4
5269	1
5270	3
5271	3
5272	4
5273	1
5274	2
5275	2
5276	2
5277	5
5278	2
5279	3
5280	1
5281	1
5282	1
5283	2
5284	1
5285	1
5286	1
5287	2
5288	0
5289	3
5290	1
5291	2
5292	4
5293	2
5294	2
5295	2
5296	0
5297	4
5298	2
5299	1
5300	2
5301	5
5302	3
5303	2
5304	4
5305	1
5306	2
5307	1
5308	3
5309	3
5310	0
5311	2
5312	3
5313	0
5314	1
5315	1
5316	4
5317	2
5318	3
5319	2
5320	0
5321	1
5322	0
5323	0
5324	0
5325	1
5326	1
5327	6
5328	2
5329	3
5330	4
5331	2
5332	4
5333	6
5334	3
5335	6
5336	3
5337	1
5338	5
5339	2
5340	3
5341	4
5342	2
5343	2
5344	1
5345	3
5346	4
5347	1
5348	2
5349	1
5350	1
5351	5
5352	5
5353	3
5354	2
5355	3
5356	3
5357	1
5358	2
5359	2
5360	0
5361	1
5362	3
5363	3
5364	2
5365	6
5366	2
5367	2
5368	2
5369	2
5370	4
5371	2
5372	1
5373	3
5374	0
5375	4
5376	2
5377	1
5378	3
5379	4
5380	4
5381	3
5382	2
5383	2
5384	3
5385	4
5386	2
5387	1
5388	3
5389	5
5390	2
5391	2
5392	3
5393	2
5394	2
5395	2
5396	2
5397	3
5398	1
5399	1
5400	1
5401	2
5402	2
5403	2
5404	2
5405	2
5406	2
5407	4
5408	2
5409	1
5410	1
5411	1
5412	4
5413	2
5414	0
5415	2
5416	1
5417	2
5418	2
5419	1
5420	4
5421	2
5422	0
5423	2
5424	0
5425	1
5426	2
5427	0
5428	2
5429	2
5430	1
5431	2
5432	2
5433	1
5434	1
5435	1
5436	0
5437	1
5438	0
5439	4
5440	0
5441	2
5442	0
5443	3
5444	3
5445	3
5446	2
5447	0
5448	3
5449	0
5450	1
5451	0
5452	3
5453	5
5454	4
5455	0
5456	0
5457	1
5458	1
5459	2
5460	2
5461	1
5462	3
5463	4
5464	0
5465	1
5466	2
5467	2
5468	0
5469	1
5470	1
5471	2
5472	0
5473	2
5474	2
5475	1
5476	1
5477	0
5478	1
5479	0
5480	2
5481	1
5482	2
5483	2
5484	1
5485	0
5486	2
5487	0
5488	5
5489	3
5490	0
5491	2
5492	3
5493	3
5494	2
5495	2
5496	2
5497	0
5498	1
5499	0
5500	3
5501	2
5502	4
5503	0
5504	1
5505	1
5506	1
5507	1
5508	2
5509	1
5510	0
5511	1
5512	3
5513	0
5514	0
5515	2
5516	2
5517	4
5518	2
5519	2
5520	3
5521	2
5522	3
5523	3
5524	2
5525	1
5526	2
5527	3
5528	2
5529	2
5530	2
5531	5
5532	3
5533	2
5534	3
5535	2
5536	0
5537	3
5538	2
5539	2
5540	1
5541	3
5542	4
5543	3
5544	2
5545	1
5546	0
5547	1
5548	4
5549	0
5550	0
5551	2
5552	1
5553	1
5554	1
5555	3
5556	1
5557	2
5558	2
5559	4
5560	5
5561	4
5562	3
5563	4
5564	5
5565	3
5566	0
5567	2
5568	3
5569	2
5570	2
5571	1
5572	2
5573	0
5574	3
5575	7
5576	4
5577	5
5578	1
5579	3
5580	3
5581	1
5582	0
5583	0
5584	2
5585	4
5586	1
5587	1
5588	3
5589	3
5590	4
5591	2
5592	2
5593	3
5594	6
5595	3
5596	2
5597	1
5598	2
5599	1
5600	1
5601	2
5602	1
5603	2
5604	2
5605	0
5606	0
5607	7
5608	2
5609	2
5610	4
5611	2
5612	2
5613	1
5614	2
5615	2
5616	3
5617	3
5618	4
5619	2
5620	2
5621	3
5622	3
5623	3
5624	1
5625	3
5626	2
5627	3
5628	5
5629	3
5630	3
5631	2
5632	5
5633	3
5634	2
5635	4
5636	2
5637	3
5638	2
5639	1
5640	1
5641	1
5642	0
5643	3
5644	2
5645	3
5646	2
5647	3
5648	2
5649	6
5650	2
5651	1
5652	3
5653	3
5654	8
5655	5
5656	6
5657	3
5658	3
5659	1
5660	3
5661	0
5662	4
5663	3
5664	1
5665	1
5666	0
5667	2
5668	5
5669	1
5670	1
5671	2
5672	2
5673	1
5674	5
5675	2
5676	0
5677	1
5678	2
5679	3
5680	3
5681	2
5682	4
5683	3
5684	1
5685	4
5686	2
5687	3
5688	0
5689	1
5690	2
5691	3
5692	4
5693	5
5694	3
5695	1
5696	6
5697	4
5698	3
5699	2
5700	1
5701	1
5702	4
5703	4
5704	2
5705	2
5706	4
5707	3
5708	1
5709	2
5710	3
5711	3
5712	4
5713	6
5714	4
5715	4
5716	1
5717	2
5718	3
5719	2
5720	2
5721	0
5722	3
5723	3
5724	3
5725	3
5726	0
5727	2
5728	4
5729	4
5730	3
5731	3
5732	3
5733	4
5734	2
5735	3
5736	3
5737	2
5738	5
5739	2
5740	1
5741	3
5742	1
5743	5
5744	2
5745	3
5746	5
5747	4
5748	3
5749	1
5750	2
5751	3
5752	2
5753	5
5754	2
5755	5
5756	3
5757	3
5758	1
5759	6
5760	3
5761	2
5762	5
5763	2
5764	2
5765	3
5766	4
5767	2
5768	1
5769	2
5770	3
5771	3
5772	4
5773	0
5774	3
5775	0
5776	5
5777	3
5778	3
5779	7
5780	1
5781	2
5782	2
5783	5
5784	3
5785	3
5786	3
5787	2
5788	3
5789	2
5790	2
5791	2
5792	3
5793	1
5794	2
5795	4
5796	2
5797	5
5798	4
5799	4
5800	5
5801	3
5802	3
5803	2
5804	3
5805	6
5806	4
5807	4
5808	6
5809	3
5810	3
5811	4
5812	0
5813	3
5814	1
5815	3
5816	2
5817	3
5818	0
5819	3
5820	1
5821	4
5822	3
5823	2
5824	2
5825	4
5826	2
5827	0
5828	7
5829	1
5830	1
5831	2
5832	5
5833	1
5834	3
5835	2
5836	2
5837	5
5838	3
5839	1
5840	2
5841	2
5842	6
5843	2
5844	0
5845	3
5846	2
5847	2
5848	3
5849	4
5850	1
5851	1
5852	3
5853	1
5854	2
5855	2
5856	5
5857	2
5858	8
5859	2
5860	3
5861	6
5862	2
5863	2
5864	3
5865	3
5866	3
5867	2
5868	6
5869	3
5870	3
5871	3
5872	7
5873	4
5874	8
5875	6
5876	4
5877	6
5878	3
5879	2
5880	5
5881	1
5882	4
5883	3
5884	1
5885	4
5886	5
5887	7
5888	4
5889	3
5890	3
5891	2
5892	6
5893	1
5894	4
5895	2
5896	4
5897	4
5898	4
5899	5
5900	3
5901	3
5902	3
5903	1
5904	3
5905	3
5906	6
5907	2
5908	7
5909	1
5910	3
5911	2
5912	4
5913	6
5914	3
5915	1
5916	0
5917	1
5918	2
5919	5
5920	4
5921	3
5922	1
5923	7
5924	4
5925	2
5926	4
5927	5
5928	4
5929	5
5930	3
5931	1
5932	4
5933	6
5934	9
5935	3
5936	2
5937	5
5938	6
5939	4
5940	5
5941	2
5942	1
5943	2
5944	5
5945	2
5946	3
5947	2
5948	3
5949	5
5950	3
5951	4
5952	2
5953	3
5954	1
5955	5
5956	3
5957	2
5958	4
5959	1
5960	0
5961	4
5962	3
5963	3
5964	3
5965	3
5966	2
5967	0
5968	3
5969	1
5970	3
5971	1
5972	1
5973	2
5974	1
5975	1
5976	4
5977	1
5978	0
5979	4
5980	2
5981	2
5982	1
5983	5
5984	7
5985	0
5986	7
5987	1
5988	1
5989	0
5990	5
5991	4
5992	3
5993	2
5994	5
5995	4
5996	3
5997	3
5998	1
5999	1
6000	0
6001	1
6002	2
6003	1
6004	1
6005	1
6006	1
6007	3
6008	2
6009	4
6010	2
6011	0
6012	2
6013	3
6014	2
6015	1
6016	2
6017	1
6018	2
6019	4
6020	0
6021	1
6022	1
6023	1
6024	1
6025	6
6026	1
6027	1
6028	4
6029	1
6030	0
6031	2
6032	4
6033	1
6034	0
6035	0
6036	2
6037	2
6038	1
6039	3
6040	0
6041	0
6042	1
6043	1
6044	0
6045	0
6046	5
6047	2
6048	4
6049	2
6050	1
6051	3
6052	2
6053	8
6054	0
6055	5
6056	1
6057	3
6058	2
6059	0
6060	1
6061	4
6062	2
6063	0
6064	2
6065	1
6066	1
6067	0
6068	2
6069	3
6070	3
6071	5
6072	0
6073	2
6074	1
6075	4
6076	1
6077	1
6078	2
6079	3
6080	1
6081	4
6082	1
6083	1
6084	1
6085	3
6086	3
6087	3
6088	4
6089	3
6090	1
6091	1
6092	3
6093	5
6094	2
6095	1
6096	2
6097	2
6098	5
6099	1
6100	4
6101	2
6102	1
6103	2
6104	3
6105	0
6106	3
6107	3
6108	3
6109	1
6110	1
6111	3
6112	1
6113	2
6114	2
6115	1
6116	3
6117	4
6118	1
6119	1
6120	0
6121	0
6122	0
6123	1
6124	2
6125	5
6126	2
6127	1
6128	2
6129	4
6130	3
6131	3
6132	1
6133	3
6134	5
6135	4
6136	1
6137	1
6138	1
6139	3
6140	6
6141	4
6142	1
6143	2
6144	2
6145	4
6146	1
6147	3
6148	0
6149	0
6150	1
6151	1
6152	2
6153	0
6154	1
6155	4
6156	1
6157	0
6158	2
6159	0
6160	1
6161	1
6162	2
6163	2
6164	3
6165	5
6166	2
6167	1
6168	2
6169	3
6170	0
6171	4
6172	3
6173	4
6174	1
6175	0
6176	4
6177	3
6178	1
6179	2
6180	0
6181	3
6182	3
6183	3
6184	2
6185	3
6186	1
6187	3
6188	0
6189	1
6190	0
6191	2
6192	2
6193	2
6194	1
6195	2
6196	4
6197	1
6198	0
6199	2
6200	1
6201	1
6202	1
6203	2
6204	2
6205	2
6206	1
6207	3
6208	0
6209	2
6210	4
6211	5
6212	4
6213	2
6214	4
6215	2
6216	2
6217	4
6218	6
6219	2
6220	2
6221	2
6222	3
6223	4
6224	0
6225	2
6226	5
6227	3
6228	1
6229	5
6230	3
6231	3
6232	4
6233	1
6234	1
6235	4
6236	4
6237	0
6238	6
6239	1
6240	3
6241	1
6242	0
6243	2
6244	4
6245	1
6246	2
6247	0
6248	0
6249	3
6250	0
6251	4
6252	1
6253	3
6254	1
6255	1
6256	0
6257	3
6258	3
6259	2
6260	3
6261	6
6262	3
6263	4
6264	1
6265	3
6266	2
6267	2
6268	2
6269	1
6270	1
6271	4
6272	7
6273	2
6274	1
6275	4
6276	1
6277	2
6278	3
6279	2
6280	2
6281	0
6282	3
6283	1
6284	3
6285	1
6286	2
6287	4
6288	2
6289	5
6290	1
6291	3
6292	5
6293	4
6294	2
6295	1
6296	2
6297	2
6298	2
6299	5
6300	2
6301	4
6302	6
6303	5
6304	2
6305	2
6306	5
6307	1
6308	4
6309	2
6310	0
6311	4
6312	1
6313	2
6314	1
6315	4
6316	1
6317	3
6318	1
6319	3
6320	4
6321	2
6322	3
6323	1
6324	5
6325	3
6326	2
6327	0
6328	2
6329	1
6330	3
6331	2
6332	4
6333	2
6334	5
6335	3
6336	3
6337	4
6338	2
6339	3
6340	4
6341	7
6342	4
6343	3
6344	3
6345	0
6346	4
6347	5
6348	6
6349	5
6350	4
6351	6
6352	0
6353	4
6354	4
6355	4
6356	7
6357	1
6358	3
6359	4
6360	4
6361	2
6362	4
6363	4
6364	5
6365	4
6366	5
6367	6
6368	3
6369	2
6370	4
6371	5
6372	2
6373	1
6374	8
6375	3
6376	2
6377	3
6378	1
6379	4
6380	4
6381	8
6382	4
6383	4
6384	2
6385	5
6386	3
6387	2
6388	3
6389	5
6390	4
6391	4
6392	5
6393	7
6394	2
6395	4
6396	5
6397	5
6398	2
6399	2
6400	1
6401	5
6402	3
6403	3
6404	1
6405	4
6406	4
6407	2
6408	3
6409	1
6410	0
6411	5
6412	3
6413	3
6414	6
6415	6
6416	5
6417	3
6418	4
6419	2
6420	4
6421	6
6422	1
6423	4
6424	5
6425	2
6426	4
6427	4
6428	4
6429	2
6430	4
6431	2
6432	3
6433	2
6434	4
6435	6
6436	1
6437	2
6438	3
6439	1
6440	1
6441	0
6442	6
6443	3
6444	2
6445	3
6446	5
6447	2
6448	0
6449	0
6450	7
6451	2
6452	3
6453	5
6454	1
6455	0
6456	1
6457	2
6458	3
6459	2
6460	1
6461	2
6462	2
6463	2
6464	2
6465	2
6466	3
6467	2
6468	2
6469	1
6470	1
6471	4
6472	1
6473	0
6474	1
6475	4
6476	1
6477	3
6478	2
6479	2
6480	3
6481	2
6482	2
6483	3
6484	4
6485	2
6486	2
6487	2
6488	1
6489	1
6490	2
6491	2
6492	2
6493	2
6494	0
6495	2
6496	2
6497	0
6498	4
6499	3
6500	1
6501	2
6502	3
6503	2
6504	4
6505	1
6506	2
6507	2
6508	3
6509	7
6510	3
6511	5
6512	2
6513	1
6514	1
6515	6
6516	2
6517	2
6518	8
6519	4
6520	2
6521	2
6522	2
6523	2
6524	1
6525	3
6526	2
6527	4
6528	3
6529	3
6530	2
6531	3
6532	2
6533	5
6534	1
6535	3
6536	3
6537	1
6538	1
6539	2
6540	4
6541	0
6542	1
6543	5
6544	2
6545	5
6546	0
6547	3
6548	1
6549	1
6550	2
6551	3
6552	4
6553	1
6554	1
6555	3
6556	2
6557	2
6558	1
6559	0
6560	1
6561	2
6562	2
6563	1
6564	1
6565	4
6566	4
6567	0
6568	4
6569	2
6570	6
6571	3
6572	2
6573	2
6574	3
6575	2
6576	5
6577	2
6578	1
6579	3
6580	1
6581	2
6582	3
6583	3
6584	5
6585	3
6586	1
6587	4
6588	1
6589	5
6590	5
6591	4
6592	2
6593	6
6594	7
6595	6
6596	1
6597	2
6598	3
6599	2
6600	4
6601	2
6602	4
6603	1
6604	6
6605	2
6606	4
6607	2
6608	4
6609	2
6610	3
6611	1
6612	4
6613	5
6614	1
6615	2
6616	2
6617	1
6618	2
6619	3
6620	3
6621	2
6622	2
6623	2
6624	0
6625	1
6626	1
6627	1
6628	1
6629	3
6630	1
6631	2
6632	2
6633	2
6634	3
6635	3
6636	2
6637	6
6638	3
6639	1
6640	1
6641	5
6642	6
6643	1
6644	2
6645	3
6646	4
6647	4
6648	4
6649	0
6650	1
6651	2
6652	2
6653	0
6654	2
6655	0
6656	3
6657	2
6658	1
6659	2
6660	1
6661	3
6662	4
6663	2
6664	1
6665	5
6666	2
6667	1
6668	3
6669	3
6670	2
6671	1
6672	1
6673	2
6674	2
6675	0
6676	1
6677	1
6678	2
6679	1
6680	1
6681	0
6682	1
6683	3
6684	0
6685	4
6686	4
6687	3
6688	0
6689	1
6690	5
6691	0
6692	4
6693	4
6694	0
6695	3
6696	3
6697	2
6698	1
6699	0
6700	0
6701	2
6702	3
6703	1
6704	3
6705	5
6706	0
6707	3
6708	5
6709	5
6710	1
6711	2
6712	2
6713	5
6714	1
6715	2
6716	3
6717	1
6718	2
6719	3
6720	4
6721	1
6722	2
6723	2
6724	1
6725	2
6726	3
6727	3
6728	4
6729	2
6730	1
6731	5
6732	4
6733	1
6734	1
6735	1
6736	2
6737	4
6738	2
6739	2
6740	5
6741	5
6742	4
6743	3
6744	5
6745	2
6746	3
6747	4
6748	5
6749	4
6750	3
6751	5
6752	2
6753	5
6754	4
6755	2
6756	0
6757	5
6758	2
6759	3
6760	4
6761	3
6762	8
6763	1
6764	6
6765	1
6766	4
6767	1
6768	2
6769	3
6770	5
6771	3
6772	1
6773	3
6774	2
6775	1
6776	1
6777	4
6778	3
6779	1
6780	5
6781	1
6782	3
6783	5
6784	3
6785	2
6786	1
6787	1
6788	4
6789	3
6790	1
6791	1
6792	7
6793	1
6794	4
6795	6
6796	3
6797	7
6798	0
6799	5
6800	3
6801	1
6802	4
6803	3
6804	1
6805	4
6806	2
6807	3
6808	4
6809	6
6810	3
6811	4
6812	2
6813	3
6814	4
6815	4
6816	5
6817	2
6818	5
6819	7
6820	3
6821	3
6822	3
6823	3
6824	1
6825	2
6826	3
6827	2
6828	3
6829	3
6830	8
6831	3
6832	2
6833	3
6834	5
6835	5
6836	1
6837	6
6838	6
6839	7
6840	4
6841	7
6842	1
6843	3
6844	6
6845	4
6846	1
6847	2
6848	3
6849	2
6850	7
6851	8
6852	2
6853	2
6854	2
6855	5
6856	4
6857	4
6858	6
6859	3
6860	2
6861	3
6862	3
6863	6
6864	3
6865	5
6866	2
6867	4
6868	3
6869	4
6870	10
6871	5
6872	4
6873	7
6874	6
6875	2
6876	5
6877	1
6878	4
6879	4
6880	3
6881	4
6882	1
6883	5
6884	3
6885	3
6886	1
6887	7
6888	4
6889	4
6890	1
6891	1
6892	8
6893	5
6894	5
6895	5
6896	3
6897	5
6898	2
6899	3
6900	4
6901	4
6902	1
6903	4
6904	9
6905	0
6906	2
6907	2
6908	5
6909	4
6910	1
6911	3
6912	4
6913	8
6914	6
6915	2
6916	3
6917	3
6918	1
6919	3
6920	1
6921	7
6922	4
6923	4
6924	8
6925	2
6926	3
6927	5
6928	6
6929	3
6930	5
6931	1
6932	2
6933	3
6934	0
6935	3
6936	4
6937	6
6938	4
6939	7
6940	4
6941	2
6942	5
6943	7
6944	2
6945	3
6946	4
6947	0
6948	1
6949	5
6950	3
6951	1
6952	4
6953	5
6954	1
6955	0
6956	3
6957	2
6958	4
6959	3
6960	3
6961	2
6962	2
6963	3
6964	2
6965	2
6966	5
6967	1
6968	4
6969	3
6970	4
6971	4
6972	2
6973	2
6974	4
6975	6
6976	2
6977	3
6978	1
6979	5
6980	2
6981	2
6982	2
6983	4
6984	5
6985	4
6986	5
6987	3
6988	1
6989	5
6990	7
6991	7
6992	4
6993	2
6994	2
6995	0
6996	4
6997	3
6998	3
6999	6
7000	8
7001	6
7002	2
7003	4
7004	5
7005	5
7006	3
7007	5
7008	4
7009	4
7010	5
7011	4
7012	6
7013	7
7014	7
7015	4
7016	1
7017	3
7018	2
7019	3
7020	3
7021	3
7022	3
7023	7
7024	0
7025	0
7026	4
7027	3
7028	2
7029	1
7030	5
7031	4
7032	3
7033	1
7034	7
7035	5
7036	4
7037	3
7038	2
7039	6
7040	2
7041	0
7042	5
7043	8
7044	6
7045	4
7046	8
7047	3
7048	4
7049	2
7050	5
7051	1
7052	6
7053	4
7054	6
7055	2
7056	1
7057	4
7058	2
7059	1
7060	3
7061	1
7062	4
7063	6
7064	2
7065	0
7066	8
7067	2
7068	2
7069	4
7070	2
7071	3
7072	3
7073	3
7074	3
7075	6
7076	5
7077	3
7078	5
7079	2
7080	8
7081	1
7082	3
7083	4
7084	0
7085	2
7086	7
7087	6
7088	1
7089	7
7090	2
7091	7
7092	2
7093	4
7094	1
7095	6
7096	3
7097	5
7098	3
7099	10
7100	5
7101	6
7102	5
7103	4
7104	6
7105	5
7106	5
7107	4
7108	1
7109	6
7110	4
7111	5
7112	5
7113	5
7114	4
7115	4
7116	3
7117	7
7118	5
7119	0
7120	5
7121	2
7122	3
7123	4
7124	4
7125	1
7126	7
7127	4
7128	4
7129	6
7130	4
7131	2
7132	5
7133	4
7134	5
7135	4
7136	6
7137	3
7138	7
7139	0
7140	4
7141	1
7142	6
7143	8
7144	7
7145	8
7146	2
7147	3
7148	6
7149	7
7150	2
7151	4
7152	3
7153	3
7154	4
7155	3
7156	2
7157	5
7158	8
7159	6
7160	5
7161	2
7162	5
7163	2
7164	6
7165	4
7166	6
7167	6
7168	3
7169	4
7170	3
7171	8
7172	5
7173	7
7174	4
7175	2
7176	3
7177	6
7178	3
7179	3
7180	8
7181	4
7182	3
7183	7
7184	2
7185	1
7186	8
7187	5
7188	6
7189	2
7190	4
7191	2
7192	5
7193	7
7194	2
7195	4
7196	4
7197	0
7198	6
7199	1
7200	3
7201	2
7202	4
7203	2
7204	2
7205	5
7206	1
7207	3
7208	4
7209	5
7210	4
7211	6
7212	2
7213	7
7214	2
7215	3
7216	4
7217	6
7218	4
7219	1
7220	5
7221	5
7222	4
7223	4
7224	4
7225	5
7226	5
7227	4
7228	3
7229	6
7230	3
7231	5
7232	5
7233	6
7234	5
7235	4
7236	4
7237	3
7238	4
7239	5
7240	5
7241	2
7242	2
7243	3
7244	4
7245	5
7246	1
7247	6
7248	4
7249	5
7250	6
7251	3
7252	11
7253	7
7254	4
7255	5
7256	5
7257	6
7258	4
7259	5
7260	3
7261	2
7262	3
7263	6
7264	5
7265	1
7266	3
7267	2
7268	4
7269	0
7270	4
7271	6
7272	3
7273	6
7274	9
7275	2
7276	4
7277	6
7278	3
7279	2
7280	3
7281	1
7282	5
7283	2
7284	6
7285	3
7286	2
7287	3
7288	2
7289	3
7290	0
7291	1
7292	3
7293	6
7294	6
7295	8
7296	5
7297	4
7298	3
7299	7
7300	3
7301	1
7302	3
7303	6
7304	1
7305	5
7306	4
7307	3
7308	5
7309	1
7310	1
7311	4
7312	2
7313	1
7314	3
7315	5
7316	4
7317	2
7318	4
7319	4
7320	5
7321	2
7322	4
7323	4
7324	3
7325	5
7326	4
7327	5
7328	1
7329	4
7330	4
7331	10
7332	4
7333	6
7334	5
7335	1
7336	6
7337	2
7338	6
7339	3
7340	3
7341	3
7342	6
7343	5
7344	2
7345	0
7346	5
7347	6
7348	1
7349	5
7350	6
7351	5
7352	3
7353	5
7354	6
7355	2
7356	1
7357	4
7358	9
7359	3
7360	1
7361	4
7362	5
7363	3
7364	3
7365	5
7366	8
7367	4
7368	4
7369	6
7370	9
7371	5
7372	4
7373	4
7374	5
7375	3
7376	0
7377	4
7378	6
7379	3
7380	2
7381	1
7382	4
7383	5
7384	9
7385	3
7386	2
7387	4
7388	6
7389	2
7390	4
7391	6
7392	5
7393	6
7394	5
7395	3
7396	6
7397	1
7398	3
7399	7
7400	1
7401	7
7402	3
7403	5
7404	5
7405	1
7406	1
7407	5
7408	7
7409	3
7410	4
7411	5
7412	4
7413	4
7414	2
7415	5
7416	3
7417	6
7418	0
7419	7
7420	5
7421	3
7422	3
7423	9
7424	2
7425	4
7426	4
7427	5
7428	3
7429	5
7430	4
7431	5
7432	5
7433	3
7434	5
7435	5
7436	5
7437	3
7438	1
7439	2
7440	3
7441	3
7442	2
7443	3
7444	5
7445	1
7446	5
7447	3
7448	3
7449	3
7450	4
7451	2
7452	4
7453	2
7454	2
7455	4
7456	4
7457	6
7458	5
7459	3
7460	3
7461	4
7462	4
7463	4
7464	3
7465	1
7466	4
7467	5
7468	3
7469	2
7470	7
7471	3
7472	5
7473	2
7474	3
7475	3
7476	3
7477	5
7478	4
7479	3
7480	1
7481	3
7482	3
7483	2
7484	4
7485	3
7486	3
7487	1
7488	8
7489	3
7490	3
7491	3
7492	2
7493	6
7494	4
7495	3
7496	3
7497	7
7498	6
7499	4
7500	2
7501	5
7502	7
7503	5
7504	5
7505	1
7506	5
7507	2
7508	1
7509	7
7510	4
7511	3
7512	1
7513	1
7514	2
7515	5
7516	10
7517	7
7518	8
7519	7
7520	5
7521	5
7522	5
7523	10
7524	3
7525	8
7526	3
7527	2
7528	3
7529	5
7530	3
7531	5
7532	4
7533	6
7534	6
7535	4
7536	5
7537	5
7538	9
7539	4
7540	2
7541	4
7542	1
7543	5
7544	6
7545	3
7546	6
7547	7
7548	3
7549	5
7550	6
7551	8
7552	7
7553	3
7554	4
7555	2
7556	1
7557	4
7558	5
7559	3
7560	3
7561	4
7562	6
7563	3
7564	1
7565	7
7566	4
7567	2
7568	4
7569	5
7570	2
7571	2
7572	2
7573	6
7574	4
7575	3
7576	5
7577	3
7578	4
7579	2
7580	1
7581	2
7582	4
7583	6
7584	9
7585	4
7586	3
7587	4
7588	4
7589	6
7590	8
7591	4
7592	5
7593	3
7594	5
7595	2
7596	3
7597	4
7598	3
7599	2
7600	1
7601	5
7602	4
7603	3
7604	3
7605	3
7606	6
7607	3
7608	5
7609	2
7610	6
7611	5
7612	2
7613	6
7614	5
7615	8
7616	4
7617	2
7618	2
7619	4
7620	5
7621	5
7622	4
7623	6
7624	8
7625	4
7626	5
7627	4
7628	5
7629	6
7630	7
7631	4
7632	4
7633	8
7634	4
7635	3
7636	5
7637	1
7638	5
7639	4
7640	4
7641	1
7642	2
7643	2
7644	3
7645	3
7646	1
7647	4
7648	5
7649	3
7650	4
7651	6
7652	3
7653	4
7654	7
7655	4
7656	1
7657	3
7658	1
7659	5
7660	4
7661	9
7662	7
7663	7
7664	4
7665	3
7666	1
7667	3
7668	5
7669	4
7670	2
7671	6
7672	4
7673	3
7674	7
7675	3
7676	2
7677	4
7678	1
7679	2
7680	1
7681	8
7682	6
7683	6
7684	4
7685	2
7686	2
7687	2
7688	8
7689	6
7690	7
7691	9
7692	4
7693	5
7694	6
7695	5
7696	7
7697	3
7698	3
7699	5
7700	7
7701	2
7702	3
7703	4
7704	3
7705	4
7706	10
7707	1
7708	9
7709	6
7710	6
7711	4
7712	5
7713	6
7714	7
7715	4
7716	3
7717	5
7718	7
7719	6
7720	5
7721	6
7722	5
7723	4
7724	8
7725	6
7726	5
7727	6
7728	5
7729	3
7730	10
7731	8
7732	3
7733	6
7734	5
7735	11
7736	4
7737	8
7738	15
7739	1
7740	6
7741	4
7742	7
7743	5
7744	1
7745	4
7746	5
7747	8
7748	3
7749	6
7750	5
7751	5
7752	6
7753	6
7754	8
7755	8
7756	4
7757	5
7758	5
7759	7
7760	8
7761	4
7762	11
7763	4
7764	5
7765	8
7766	7
7767	2
7768	4
7769	5
7770	5
7771	4
7772	2
7773	2
7774	5
7775	8
7776	5
7777	6
7778	5
7779	5
7780	3
7781	4
7782	8
7783	7
7784	6
7785	3
7786	3
7787	1
7788	6
7789	3
7790	4
7791	3
7792	3
7793	4
7794	1
7795	2
7796	4
7797	4
7798	4
7799	6
7800	4
7801	4
7802	2
7803	6
7804	1
7805	2
7806	3
7807	5
7808	1
7809	1
7810	6
7811	2
7812	2
7813	4
7814	3
7815	5
7816	5
7817	5
7818	6
7819	2
7820	5
7821	6
7822	2
7823	5
7824	5
7825	5
7826	3
7827	1
7828	2
7829	4
7830	5
7831	4
7832	1
7833	5
7834	4
7835	3
7836	4
7837	2
7838	9
7839	8
7840	9
7841	7
7842	3
7843	6
7844	7
7845	3
7846	0
7847	5
7848	6
7849	5
7850	6
7851	10
7852	8
7853	6
7854	6
7855	3
7856	9
7857	4
7858	10
7859	4
7860	6
7861	7
7862	10
7863	5
7864	5
7865	4
7866	5
7867	6
7868	4
7869	9
7870	11
7871	4
7872	11
7873	6
7874	5
7875	11
7876	4
7877	5
7878	11
7879	7
7880	7
7881	9
7882	8
7883	5
7884	10
7885	7
7886	7
7887	11
7888	11
7889	11
7890	9
7891	15
7892	4
7893	6
7894	5
7895	9
7896	6
7897	6
7898	5
7899	8
7900	9
7901	6
7902	4
7903	10
7904	5
7905	8
7906	4
7907	4
7908	3
7909	5
7910	8
7911	3
7912	3
7913	10
7914	8
7915	5
7916	3
7917	5
7918	10
7919	7
7920	9
7921	6
7922	8
7923	11
7924	9
7925	4
7926	1
7927	5
7928	5
7929	6
7930	13
7931	3
7932	5
7933	5
7934	5
7935	9
7936	4
7937	4
7938	2
7939	4
7940	5
7941	7
7942	7
7943	5
7944	6
7945	2
7946	2
7947	4
7948	6
7949	6
7950	10
7951	7
7952	4
7953	8
7954	7
7955	5
7956	7
7957	6
7958	3
7959	6
7960	3
7961	7
7962	7
7963	5
7964	4
7965	7
7966	9
7967	7
7968	8
7969	4
7970	14
7971	4
7972	4
7973	2
7974	3
7975	2
7976	5
7977	8
7978	5
7979	5
7980	2
7981	4
7982	2
7983	5
7984	6
7985	3
7986	3
7987	0
7988	5
7989	6
7990	4
7991	3
7992	5
7993	1
7994	3
7995	4
7996	6
7997	3
7998	2
7999	0
8000	4
8001	5
8002	3
8003	5
8004	4
8005	4
8006	3
8007	9
8008	2
8009	1
8010	2
8011	4
8012	6
8013	7
8014	3
8015	4
8016	5
8017	2
8018	0
8019	4
8020	1
8021	6
8022	3
8023	4
8024	5
8025	5
8026	5
8027	5
8028	7
8029	2
8030	2
8031	5
8032	4
8033	2
8034	1
8035	0
8036	2
8037	4
8038	3
8039	6
8040	3
8041	4
8042	1
8043	2
8044	4
8045	2
8046	4
8047	7
8048	1
8049	5
8050	3
8051	7
8052	6
8053	8
8054	4
8055	3
8056	1
8057	3
8058	1
8059	2
8060	7
8061	7
8062	8
8063	4
8064	0
8065	5
8066	3
8067	5
8068	2
8069	5
8070	6
8071	7
8072	3
8073	2
8074	6
8075	2
8076	6
8077	1
8078	7
8079	6
8080	8
8081	5
8082	6
8083	7
8084	5
8085	5
8086	2
8087	3
8088	4
8089	3
8090	8
8091	5
8092	11
8093	0
8094	1
8095	4
8096	3
8097	8
8098	3
8099	5
8100	6
8101	3
8102	3
8103	5
8104	6
8105	5
8106	4
8107	9
8108	2
8109	4
8110	1
8111	5
8112	6
8113	4
8114	3
8115	4
8116	4
8117	4
8118	5
8119	5
8120	4
8121	1
8122	3
8123	1
8124	4
8125	4
8126	5
8127	3
8128	5
8129	4
8130	2
8131	4
8132	2
8133	1
8134	1
8135	3
8136	6
8137	3
8138	5
8139	5
8140	6
8141	2
8142	6
8143	3
8144	4
8145	4
8146	5
8147	5
8148	4
8149	4
8150	3
8151	3
8152	2
8153	5
8154	4
8155	4
8156	3
8157	7
8158	4
8159	5
8160	2
8161	3
8162	1
8163	1
8164	2
8165	5
8166	2
8167	1
8168	4
8169	1
8170	2
8171	5
8172	4
8173	3
8174	3
8175	2
8176	5
8177	3
8178	6
8179	8
8180	5
8181	2
8182	2
8183	6
8184	5
8185	3
8186	3
8187	4
8188	3
8189	3
8190	2
8191	5
8192	4
8193	2
8194	1
8195	2
8196	1
8197	3
8198	3
8199	1
8200	1
8201	3
8202	6
8203	0
8204	2
8205	2
8206	6
8207	3
8208	5
8209	0
8210	6
8211	5
8212	1
8213	4
8214	2
8215	6
8216	2
8217	4
8218	2
8219	3
8220	4
8221	1
8222	7
8223	4
8224	2
8225	5
8226	4
8227	1
8228	4
8229	2
8230	3
8231	1
8232	3
8233	4
8234	3
8235	1
8236	5
8237	1
8238	3
8239	2
8240	3
8241	2
8242	2
8243	3
8244	0
8245	4
8246	2
8247	1
8248	2
8249	4
8250	3
8251	5
8252	5
8253	4
8254	2
8255	3
8256	4
8257	1
8258	1
8259	5
8260	2
8261	2
8262	2
8263	4
8264	2
8265	4
8266	3
8267	5
8268	4
8269	3
8270	5
8271	7
8272	2
8273	1
8274	3
8275	1
8276	4
8277	3
8278	4
8279	2
8280	3
8281	3
8282	3
8283	1
8284	4
8285	3
8286	4
8287	3
8288	4
8289	1
8290	3
8291	2
8292	2
8293	1
8294	1
8295	1
8296	5
8297	3
8298	2
8299	3
8300	4
8301	4
8302	4
8303	4
8304	3
8305	1
8306	3
8307	2
8308	3
8309	2
8310	1
8311	1
8312	5
8313	5
8314	2
8315	0
8316	3
8317	2
8318	1
8319	1
8320	1
8321	1
8322	0
8323	2
8324	3
8325	7
8326	1
8327	0
8328	1
8329	5
8330	0
8331	1
8332	2
8333	3
8334	2
8335	1
8336	2
8337	2
8338	2
8339	6
8340	2
8341	1
8342	2
8343	2
8344	6
8345	5
8346	2
8347	1
8348	2
8349	2
8350	1
8351	2
8352	1
8353	2
8354	1
8355	2
8356	2
8357	4
8358	1
8359	5
8360	3
8361	4
8362	4
8363	5
8364	3
8365	1
8366	2
8367	3
8368	3
8369	0
8370	3
8371	4
8372	4
8373	2
8374	3
8375	2
8376	2
8377	0
8378	2
8379	5
8380	2
8381	1
8382	1
8383	1
8384	4
8385	5
8386	0
8387	4
8388	2
8389	0
8390	3
8391	0
8392	1
8393	1
8394	1
8395	2
8396	1
8397	3
8398	1
8399	3
8400	4
8401	0
8402	1
8403	1
8404	0
8405	1
8406	4
8407	1
8408	2
8409	1
8410	1
8411	1
8412	4
8413	3
8414	3
8415	4
8416	1
8417	0
8418	3
8419	0
8420	1
8421	3
8422	2
8423	3
8424	1
8425	1
8426	3
8427	3
8428	1
8429	2
8430	2
8431	2
8432	3
8433	5
8434	1
8435	1
8436	1
8437	3
8438	2
8439	5
8440	2
8441	1
8442	0
8443	2
8444	2
8445	3
8446	1
8447	1
8448	1
8449	1
8450	3
8451	1
8452	0
8453	3
8454	1
8455	0
8456	2
8457	4
8458	1
8459	1
8460	4
8461	1
8462	1
8463	5
8464	1
8465	2
8466	1
8467	2
8468	2
8469	0
8470	2
8471	2
8472	1
8473	3
8474	0
8475	0
8476	1
8477	1
8478	2
8479	1
8480	1
8481	0
8482	2
8483	1
8484	1
8485	0
8486	1
8487	5
8488	2
8489	0
8490	1
8491	1
8492	2
8493	2
8494	1
8495	3
8496	3
8497	1
8498	0
8499	2
8500	2
8501	2
8502	0
8503	3
8504	0
8505	1
8506	2
8507	5
8508	1
8509	2
8510	1
8511	0
8512	1
8513	0
8514	2
8515	1
8516	0
8517	3
8518	2
8519	1
8520	2
8521	1
8522	1
8523	1
8524	2
8525	2
8526	0
8527	3
8528	2
8529	3
8530	0
8531	0
8532	3
8533	0
8534	2
8535	2
8536	1
8537	2
8538	2
8539	2
8540	4
8541	2
8542	1
8543	2
8544	1
8545	3
8546	4
8547	3
8548	0
8549	1
8550	3
8551	1
8552	2
8553	2
8554	0
8555	4
8556	1
8557	1
8558	4
8559	0
8560	2
8561	1
8562	2
8563	3
8564	2
8565	1
8566	3
8567	1
8568	1
8569	0
8570	2
8571	2
8572	2
8573	0
8574	3
8575	4
8576	1
8577	0
8578	0
8579	2
8580	1
8581	2
8582	0
8583	1
8584	1
8585	0
8586	2
8587	2
8588	2
8589	3
8590	4
8591	2
8592	1
8593	0
8594	1
8595	0
8596	0
8597	0
8598	1
8599	1
8600	2
8601	2
8602	1
8603	1
8604	0
8605	0
8606	0
8607	1
8608	2
8609	2
8610	1
8611	1
8612	0
8613	0
8614	3
8615	1
8616	0
8617	2
8618	1
8619	0
8620	0
8621	1
8622	1
8623	1
8624	1
8625	2
8626	3
8627	1
8628	1
8629	3
8630	2
8631	1
8632	0
8633	1
8634	2
8635	3
8636	1
8637	5
8638	2
8639	3
8640	1
8641	2
8642	2
8643	4
8644	0
8645	1
8646	1
8647	1
8648	3
8649	0
8650	0
8651	2
8652	1
8653	0
8654	0
8655	1
8656	1
8657	2
8658	1
8659	2
8660	0
8661	0
8662	1
8663	2
8664	0
8665	2
8666	2
8667	1
8668	3
8669	2
8670	2
8671	0
8672	1
8673	0
8674	1
8675	1
8676	2
8677	0
8678	1
8679	0
8680	1
8681	0
8682	0
8683	1
8684	1
8685	1
8686	1
8687	1
8688	3
8689	0
8690	2
8691	2
8692	3
8693	4
8694	2
8695	2
8696	2
8697	2
8698	0
8699	1
8700	1
8701	0
8702	0
8703	3
8704	4
8705	4
8706	2
8707	0
8708	2
8709	3
8710	4
8711	2
8712	2
8713	1
8714	1
8715	1
8716	2
8717	2
8718	2
8719	2
8720	1
8721	3
8722	8
8723	0
8724	2
8725	1
8726	3
8727	3
8728	3
8729	0
8730	1
8731	0
8732	2
8733	1
8734	3
8735	3
8736	6
8737	2
8738	1
8739	1
8740	0
8741	0
8742	2
8743	4
8744	3
8745	0
8746	1
8747	0
8748	2
8749	1
8750	0
8751	1
8752	0
8753	0
8754	0
8755	1
8756	2
8757	3
8758	3
8759	1
8760	1
8761	4
8762	0
8763	1
8764	3
8765	2
8766	3
8767	0
8768	1
8769	3
8770	2
8771	1
8772	2
8773	3
8774	2
8775	2
8776	1
8777	2
8778	0
8779	5
8780	0
8781	1
8782	2
8783	0
8784	3
8785	2
8786	1
8787	2
8788	2
8789	1
8790	0
8791	3
8792	2
8793	1
8794	2
8795	1
8796	3
8797	0
8798	0
8799	2
8800	3
8801	0
8802	0
8803	3
8804	1
8805	0
8806	0
8807	1
8808	1
8809	1
8810	1
8811	2
8812	1
8813	1
8814	4
8815	2
8816	1
8817	1
8818	1
8819	4
8820	1
8821	2
8822	0
8823	0
8824	3
8825	0
8826	1
8827	4
8828	0
8829	3
8830	3
8831	2
8832	1
8833	0
8834	3
8835	1
8836	0
8837	2
8838	0
8839	0
8840	0
8841	0
8842	2
8843	2
8844	1
8845	2
8846	1
8847	0
8848	0
8849	0
8850	0
8851	5
8852	2
8853	1
8854	2
8855	0
8856	5
8857	2
8858	3
8859	0
8860	2
8861	2
8862	2
8863	1
8864	2
8865	3
8866	1
8867	2
8868	5
8869	3
8870	1
8871	4
8872	1
8873	1
8874	4
8875	1
8876	1
8877	0
8878	2
8879	3
8880	1
8881	2
8882	1
8883	0
8884	3
8885	1
8886	4
8887	3
8888	1
8889	1
8890	3
8891	1
8892	1
8893	4
8894	1
8895	0
8896	0
8897	1
8898	0
8899	2
8900	1
8901	0
8902	1
8903	3
8904	3
8905	1
8906	1
8907	2
8908	1
8909	1
8910	2
8911	3
8912	5
8913	1
8914	1
8915	0
8916	3
8917	0
8918	1
8919	2
8920	1
8921	2
8922	1
8923	1
8924	2
8925	1
8926	2
8927	0
8928	1
8929	3
8930	1
8931	2
8932	1
8933	2
8934	0
8935	0
8936	0
8937	2
8938	3
8939	1
8940	3
8941	1
8942	1
8943	4
8944	3
8945	0
8946	2
8947	0
8948	2
8949	1
8950	0
8951	1
8952	2
8953	1
8954	0
8955	4
8956	0
8957	2
8958	0
8959	3
8960	2
8961	0
8962	1
8963	0
8964	0
8965	3
8966	0
8967	1
8968	3
8969	2
8970	3
8971	2
8972	0
8973	1
8974	1
8975	1
8976	3
8977	1
8978	2
8979	1
8980	2
8981	0
8982	3
8983	0
8984	1
8985	0
8986	1
8987	3
8988	2
8989	3
8990	2
8991	0
8992	0
8993	3
8994	1
8995	2
8996	1
8997	0
8998	1
8999	1
9000	2
9001	3
9002	4
9003	1
9004	0
9005	1
9006	1
9007	1
9008	0
9009	2
9010	2
9011	1
9012	2
9013	2
9014	3
9015	1
9016	0
9017	0
9018	2
9019	0
9020	1
9021	0
9022	1
9023	1
9024	2
9025	3
9026	1
9027	3
9028	3
9029	0
9030	0
9031	1
9032	1
9033	3
9034	1
9035	3
9036	1
9037	2
9038	2
9039	1
9040	2
9041	0
9042	2
9043	1
9044	1
9045	1
9046	2
9047	1
9048	3
9049	2
9050	2
9051	2
9052	1
9053	1
9054	1
9055	1
9056	3
9057	0
9058	0
9059	0
9060	1
9061	1
9062	1
9063	2
9064	3
9065	0
9066	1
9067	2
9068	1
9069	2
9070	1
9071	0
9072	2
9073	1
9074	1
9075	3
9076	0
9077	0
9078	1
9079	0
9080	2
9081	0
9082	1
9083	2
9084	4
9085	1
9086	2
9087	3
9088	1
9089	1
9090	1
9091	1
9092	1
9093	1
9094	0
9095	2
9096	2
9097	1
9098	4
9099	1
9100	0
9101	1
9102	0
9103	1
9104	0
9105	2
9106	0
9107	2
9108	1
9109	1
9110	1
9111	1
9112	2
9113	1
9114	1
9115	2
9116	1
9117	1
9118	2
9119	0
9120	5
9121	0
9122	0
9123	1
9124	0
9125	2
9126	2
9127	1
9128	1
9129	0
9130	1
9131	1
9132	0
9133	1
9134	1
9135	1
9136	0
9137	1
9138	2
9139	1
9140	1
9141	4
9142	0
9143	0
9144	1
9145	0
9146	0
9147	1
9148	1
9149	1
9150	1
9151	1
9152	1
9153	0
9154	0
9155	2
9156	4
9157	3
9158	1
9159	2
9160	4
9161	0
9162	0
9163	1
9164	0
9165	0
9166	1
9167	2
9168	0
9169	1
9170	1
9171	2
9172	2
9173	1
9174	2
9175	1
9176	0
9177	0
9178	1
9179	0
9180	1
9181	1
9182	0
9183	1
9184	0
9185	1
9186	0
9187	1
9188	2
9189	2
9190	2
9191	1
9192	2
9193	0
9194	2
9195	3
9196	1
9197	0
9198	1
9199	0
9200	1
9201	3
9202	3
9203	2
9204	1
9205	0
9206	0
9207	0
9208	0
9209	2
9210	1
9211	2
9212	0
9213	2
9214	1
9215	0
9216	2
9217	1
9218	1
9219	2
9220	1
9221	1
9222	1
9223	1
9224	0
9225	1
9226	1
9227	2
9228	3
9229	2
9230	2
9231	0
9232	2
9233	1
9234	2
9235	1
9236	1
9237	0
9238	2
9239	0
9240	2
9241	0
9242	0
9243	2
9244	1
9245	1
9246	1
9247	2
9248	1
9249	2
9250	1
9251	0
9252	3
9253	2
9254	2
9255	1
9256	1
9257	0
9258	0
9259	1
9260	0
9261	1
9262	1
9263	2
9264	2
9265	1
9266	2
9267	1
9268	2
9269	2
9270	0
9271	1
9272	0
9273	0
9274	0
9275	1
9276	0
9277	0
9278	1
9279	0
9280	1
9281	2
9282	0
9283	1
9284	2
9285	2
9286	1
9287	3
9288	4
9289	3
9290	4
9291	1
9292	0
9293	1
9294	3
9295	1
9296	0
9297	2
9298	2
9299	0
9300	3
9301	2
9302	0
9303	0
9304	0
9305	1
9306	0
9307	0
9308	2
9309	2
9310	1
9311	2
9312	1
9313	1
9314	2
9315	1
9316	0
9317	0
9318	2
9319	0
9320	1
9321	1
9322	3
9323	1
9324	0
9325	0
9326	2
9327	1
9328	1
9329	2
9330	3
9331	0
9332	1
9333	0
9334	1
9335	0
9336	1
9337	1
9338	1
9339	0
9340	1
9341	2
9342	3
9343	1
9344	1
9345	1
9346	0
9347	1
9348	1
9349	2
9350	1
9351	0
9352	1
9353	0
9354	0
9355	3
9356	2
9357	3
9358	1
9359	2
9360	4
9361	2
9362	3
9363	1
9364	3
9365	0
9366	2
9367	0
9368	2
9369	0
9370	2
9371	1
9372	0
9373	1
9374	0
9375	1
9376	2
9377	0
9378	0
9379	1
9380	2
9381	1
9382	1
9383	2
9384	2
9385	1
9386	1
9387	0
9388	2
9389	1
9390	1
9391	2
9392	1
9393	0
9394	2
9395	1
9396	1
9397	1
9398	1
9399	1
9400	2
9401	4
9402	1
9403	2
9404	2
9405	2
9406	3
9407	5
9408	2
9409	0
9410	2
9411	1
9412	0
9413	1
9414	0
9415	1
9416	0
9417	1
9418	0
9419	5
9420	0
9421	3
9422	0
9423	1
9424	2
9425	1
9426	2
9427	4
9428	2
9429	2
9430	1
9431	2
9432	0
9433	1
9434	2
9435	1
9436	2
9437	2
9438	4
9439	1
9440	3
9441	1
9442	4
9443	0
9444	3
9445	1
9446	2
9447	1
9448	1
9449	0
9450	2
9451	0
9452	1
9453	3
9454	0
9455	0
9456	4
9457	0
9458	0
9459	0
9460	0
9461	2
9462	1
9463	0
9464	2
9465	0
9466	1
9467	2
9468	0
9469	0
9470	1
9471	0
9472	2
9473	0
9474	1
9475	0
9476	0
9477	0
9478	1
9479	0
9480	2
9481	0
9482	2
9483	1
9484	0
9485	2
9486	5
9487	3
9488	5
9489	0
9490	0
9491	2
9492	2
9493	1
9494	0
9495	3
9496	0
9497	1
9498	3
9499	1
9500	2
9501	2
9502	0
9503	0
9504	3
9505	3
9506	2
9507	1
9508	1
9509	1
9510	0
9511	1
9512	2
9513	2
9514	1
9515	2
9516	2
9517	2
9518	2
9519	1
9520	1
9521	2
9522	1
9523	2
9524	2
9525	3
9526	1
9527	1
9528	1
9529	2
9530	1
9531	1
9532	0
9533	1
9534	2
9535	0
9536	3
9537	0
9538	1
9539	3
9540	1
9541	1
9542	2
9543	2
9544	0
9545	1
9546	1
9547	2
9548	1
9549	2
9550	1
9551	2
9552	1
9553	0
9554	2
9555	2
9556	2
9557	1
9558	1
9559	2
9560	1
9561	2
9562	1
9563	1
9564	0
9565	2
9566	0
9567	2
9568	2
9569	0
9570	2
9571	0
9572	0
9573	2
9574	0
9575	0
9576	1
9577	1
9578	2
9579	2
9580	0
9581	2
9582	3
9583	0
9584	1
9585	0
9586	2
9587	3
9588	0
9589	1
9590	3
9591	2
9592	0
9593	2
9594	1
9595	1
9596	2
9597	0
9598	1
9599	1
9600	1
9601	2
9602	0
9603	1
9604	0
9605	0
9606	2
9607	0
9608	0
9609	3
9610	2
9611	0
9612	0
9613	1
9614	0
9615	1
9616	2
9617	3
9618	1
9619	1
9620	0
9621	4
9622	1
9623	2
9624	0
9625	0
9626	2
9627	0
9628	1
9629	3
9630	0
9631	0
9632	1
9633	2
9634	1
9635	1
9636	1
9637	0
9638	3
9639	3
9640	1
9641	0
9642	1
9643	1
9644	2
9645	2
9646	2
9647	2
9648	0
9649	0
9650	2
9651	0
9652	2
9653	5
9654	1
9655	1
9656	1
9657	0
9658	1
9659	4
9660	1
9661	2
9662	1
9663	1
9664	1
9665	1
9666	2
9667	0
9668	3
9669	2
9670	0
9671	3
9672	2
9673	1
9674	2
9675	1
9676	2
9677	1
9678	1
9679	0
9680	2
9681	2
9682	0
9683	0
9684	0
9685	0
9686	2
9687	4
9688	2
9689	1
9690	1
9691	2
9692	2
9693	1
9694	2
9695	0
9696	0
9697	3
9698	3
9699	2
9700	1
9701	2
9702	1
9703	0
9704	3
9705	2
9706	2
9707	0
9708	3
9709	1
9710	2
9711	0
9712	1
9713	2
9714	2
9715	1
9716	1
9717	0
9718	0
9719	0
9720	2
9721	1
9722	0
9723	0
9724	2
9725	2
9726	1
9727	1
9728	1
9729	2
9730	2
9731	2
9732	0
9733	3
9734	2
9735	1
9736	0
9737	2
9738	1
9739	3
9740	2
9741	0
9742	0
9743	0
9744	1
9745	3
9746	1
9747	1
9748	1
9749	0
9750	3
9751	1
9752	2
9753	4
9754	1
9755	0
9756	2
9757	1
9758	1
9759	1
9760	4
9761	2
9762	0
9763	1
9764	0
9765	2
9766	1
9767	0
9768	3
9769	1
9770	1
9771	3
9772	1
9773	1
9774	1
9775	1
9776	2
9777	1
9778	2
9779	0
9780	0
9781	3
9782	0
9783	0
9784	0
9785	0
9786	1
9787	0
9788	1
9789	1
9790	2
9791	1
9792	0
9793	0
9794	1
9795	0
9796	1
9797	1
9798	0
9799	1
9800	0
9801	2
9802	1
9803	1
9804	1
9805	2
9806	2
9807	0
9808	2
9809	4
9810	1
9811	0
9812	3
9813	2
9814	0
9815	0
9816	1
9817	2
9818	1
9819	0
9820	3
9821	0
9822	0
9823	1
9824	2
9825	1
9826	0
9827	1
9828	1
9829	0
9830	0
9831	2
9832	1
9833	0
9834	3
9835	1
9836	0
9837	1
9838	0
9839	2
9840	1
9841	0
9842	2
9843	2
9844	0
9845	3
9846	0
9847	1
9848	1
9849	0
9850	0
9851	1
9852	3
9853	4
9854	1
9855	1
9856	0
9857	3
9858	6
9859	2
9860	4
9861	5
9862	1
9863	2
9864	1
9865	3
9866	1
9867	1
9868	1
9869	5
9870	2
9871	3
9872	0
9873	1
9874	3
9875	4
9876	4
9877	1
9878	2
9879	2
9880	1
9881	2
9882	2
9883	2
9884	1
9885	2
9886	2
9887	3
9888	4
9889	1
9890	2
9891	2
9892	0
9893	3
9894	2
9895	1
9896	0
9897	2
9898	4
9899	5
9900	2
9901	1
9902	1
9903	3
9904	2
9905	1
9906	3
9907	2
9908	2
9909	2
9910	1
9911	1
9912	1
9913	0
9914	2
9915	2
9916	3
9917	1
9918	0
9919	1
9920	3
9921	1
9922	1
9923	0
9924	2
9925	1
9926	2
9927	2
9928	0
9929	1
9930	4
9931	3
9932	3
9933	2
9934	2
9935	0
9936	0
9937	3
9938	2
9939	0
9940	1
9941	0
9942	2
9943	1
9944	0
9945	1
9946	1
9947	3
9948	2
9949	1
9950	1
9951	3
9952	0
9953	1
9954	1
9955	1
9956	1
9957	2
9958	3
9959	3
9960	1
9961	0
9962	1
9963	2
9964	2
9965	0
9966	0
9967	1
9968	0
9969	0
9970	0
9971	2
9972	4
9973	3
9974	0
9975	1
9976	1
9977	1
9978	1
9979	1
9980	2
9981	0
9982	0
9983	1
9984	2
9985	2
9986	1
9987	2
9988	0
9989	5
9990	1
9991	3
9992	2
9993	0
9994	2
9995	0
9996	1
9997	1
9998	0
9999	0
10000	4
