1	331752757
2	9321135
3	3581270
4	3003972
5	2850249
6	3032646
7	3283689
8	3623063
9	4081655
10	4718865
11	5547782
12	6564499
13	7709157
14	8869311
15	9927420
16	10751201
17	11233554
18	11318946
19	10987199
20	10292374
21	9284255
22	8110204
23	6851619
24	5630264
25	4485718
26	3475521
27	2624878
28	1944560
29	1415186
30	1014329
31	719536
32	514760
33	373003
34	276584
35	214235
36	170617
37	142650
38	123249
39	110303
40	100457
41	94041
42	87130
43	80997
44	76058
45	70258
46	65294
47	60955
48	56051
49	52356
50	48856
51	45961
52	43536
53	40836
54	38441
55	36669
56	35173
57	33472
58	31614
59	30713
60	29940
61	29334
62	28673
63	27493
64	26551
65	25577
66	25133
67	23978
68	23142
69	22601
70	21414
71	21142
72	20331
73	19771
74	19156
75	18835
76	17957
77	17478
78	16845
79	16615
80	16238
81	15739
82	15268
83	14775
84	14337
85	14012
86	13873
87	13500
88	13536
89	13239
90	12880
91	12466
92	12122
93	12060
94	11754
95	11520
96	11260
97	11024
98	11009
99	10725
100	10503
101	10455
102	10299
103	10084
104	9919
105	9614
106	9537
107	9410
108	9223
109	9117
110	8854
111	8833
112	8658
113	8588
114	8292
115	8132
116	8089
117	8089
118	7865
119	7689
120	7747
121	7656
122	7347
123	7166
124	7077
125	7037
126	7065
127	6723
128	6716
129	6460
130	6298
131	6206
132	6051
133	6029
134	5933
135	5838
136	5780
137	5541
138	5557
139	5448
140	5098
141	5264
142	5261
143	5014
144	4906
145	4766
146	4773
147	4678
148	4681
149	4626
150	4491
151	4452
152	4371
153	4368
154	4286
155	4139
156	4113
157	4121
158	4029
159	4125
160	3990
161	3838
162	3753
163	3897
164	3864
165	3697
166	3764
167	3708
168	3613
169	3791
170	3666
171	3692
172	3662
173	3544
174	3518
175	3493
176	3587
177	3480
178	3438
179	3458
180	3574
181	3460
182	3515
183	3348
184	3415
185	3319
186	3255
187	3278
188	3273
189	3277
190	3252
191	3152
192	3137
193	3087
194	3126
195	3118
196	3035
197	3041
198	2962
199	3071
200	2932
201	3069
202	2981
203	3021
204	2968
205	2935
206	2917
207	2740
208	2865
209	2790
210	2784
211	2719
212	2715
213	2701
214	2638
215	2632
216	2701
217	2645
218	2694
219	2642
220	2546
221	2636
222	2534
223	2423
224	2513
225	2564
226	2373
227	2504
228	2457
229	2442
230	2412
231	2441
232	2374
233	2424
234	2307
235	2282
236	2231
237	2200
238	2137
239	2196
240	2073
241	2060
242	2048
243	2133
244	2031
245	2079
246	2036
247	2043
248	1935
249	1956
250	1955
251	1890
252	1833
253	1802
254	1757
255	1765
256	1704
257	1741
258	1684
259	1666
260	1615
261	1505
262	1605
263	1515
264	1520
265	1499
266	1404
267	1464
268	1536
269	1535
270	1451
271	1414
272	1381
273	1413
274	1317
275	1406
276	1324
277	1280
278	1311
279	1348
280	1323
281	1228
282	1299
283	1277
284	1231
285	1251
286	1144
287	1174
288	1192
289	1169
290	1231
291	1190
292	1266
293	1149
294	1150
295	1143
296	1104
297	1117
298	1054
299	1062
300	1036
301	1018
302	1030
303	1055
304	1028
305	1060
306	1016
307	1002
308	1014
309	992
310	1018
311	983
312	960
313	932
314	952
315	892
316	863
317	865
318	877
319	886
320	922
321	917
322	970
323	901
324	916
325	891
326	897
327	863
328	873
329	878
330	852
331	908
332	839
333	855
334	781
335	791
336	840
337	821
338	833
339	817
340	836
341	809
342	803
343	776
344	775
345	742
346	772
347	750
348	759
349	746
350	734
351	775
352	733
353	691
354	758
355	732
356	678
357	737
358	732
359	720
360	694
361	694
362	704
363	710
364	629
365	673
366	704
367	668
368	683
369	698
370	696
371	672
372	637
373	672
374	698
375	625
376	604
377	640
378	613
379	661
380	629
381	640
382	651
383	578
384	651
385	649
386	596
387	607
388	582
389	580
390	558
391	596
392	612
393	603
394	615
395	579
396	569
397	596
398	581
399	601
400	605
401	567
402	601
403	536
404	560
405	562
406	550
407	555
408	523
409	494
410	523
411	554
412	558
413	565
414	557
415	514
416	535
417	567
418	529
419	520
420	514
421	507
422	514
423	471
424	463
425	471
426	449
427	468
428	447
429	478
430	456
431	463
432	456
433	443
434	451
435	443
436	460
437	437
438	440
439	448
440	436
441	450
442	505
443	435
444	459
445	475
446	475
447	432
448	413
449	451
450	405
451	398
452	416
453	424
454	401
455	427
456	400
457	412
458	383
459	412
460	427
461	388
462	403
463	400
464	383
465	406
466	402
467	370
468	394
469	380
470	401
471	398
472	371
473	375
474	378
475	403
476	408
477	342
478	388
479	341
480	385
481	360
482	365
483	361
484	364
485	379
486	355
487	379
488	370
489	365
490	355
491	370
492	359
493	393
494	351
495	353
496	325
497	330
498	331
499	327
500	368
501	351
502	315
503	347
504	361
505	330
506	350
507	384
508	352
509	376
510	361
511	365
512	339
513	342
514	366
515	343
516	353
517	352
518	348
519	348
520	317
521	323
522	336
523	335
524	337
525	321
526	345
527	315
528	320
529	295
530	326
531	331
532	333
533	324
534	321
535	348
536	347
537	327
538	310
539	328
540	319
541	325
542	304
543	321
544	302
545	306
546	295
547	312
548	302
549	318
550	275
551	308
552	289
553	344
554	304
555	338
556	310
557	307
558	281
559	296
560	306
561	332
562	293
563	296
564	297
565	315
566	312
567	281
568	298
569	296
570	295
571	278
572	288
573	286
574	300
575	277
576	276
577	292
578	272
579	282
580	308
581	311
582	284
583	305
584	278
585	310
586	301
587	275
588	294
589	287
590	286
591	288
592	264
593	291
594	276
595	288
596	313
597	264
598	302
599	282
600	277
601	301
602	285
603	286
604	290
605	294
606	272
607	261
608	279
609	269
610	283
611	299
612	282
613	295
614	302
615	269
616	308
617	291
618	262
619	260
620	257
621	280
622	279
623	274
624	284
625	259
626	265
627	281
628	272
629	268
630	282
631	275
632	263
633	278
634	251
635	263
636	254
637	215
638	251
639	226
640	222
641	217
642	277
643	222
644	198
645	234
646	212
647	245
648	243
649	249
650	209
651	238
652	232
653	222
654	213
655	216
656	185
657	222
658	199
659	217
660	209
661	220
662	227
663	199
664	183
665	181
666	213
667	184
668	205
669	233
670	194
671	211
672	204
673	218
674	231
675	200
676	210
677	182
678	226
679	223
680	197
681	216
682	200
683	184
684	213
685	211
686	220
687	202
688	213
689	192
690	211
691	202
692	186
693	195
694	183
695	183
696	196
697	199
698	215
699	182
700	195
701	164
702	172
703	193
704	178
705	185
706	188
707	182
708	184
709	200
710	187
711	208
712	195
713	175
714	195
715	188
716	200
717	201
718	188
719	197
720	206
721	207
722	197
723	191
724	189
725	188
726	169
727	184
728	182
729	197
730	168
731	169
732	176
733	183
734	177
735	189
736	197
737	204
738	192
739	184
740	181
741	178
742	204
743	198
744	178
745	199
746	198
747	168
748	167
749	198
750	194
751	177
752	181
753	218
754	167
755	195
756	200
757	177
758	185
759	190
760	149
761	177
762	180
763	182
764	175
765	177
766	171
767	164
768	183
769	178
770	171
771	176
772	216
773	192
774	146
775	187
776	184
777	161
778	179
779	184
780	176
781	187
782	167
783	182
784	184
785	191
786	176
787	161
788	164
789	184
790	171
791	166
792	159
793	159
794	140
795	178
796	167
797	182
798	172
799	173
800	163
801	170
802	165
803	185
804	164
805	180
806	160
807	181
808	174
809	172
810	167
811	166
812	177
813	153
814	147
815	151
816	144
817	146
818	166
819	153
820	174
821	169
822	158
823	136
824	150
825	150
826	137
827	147
828	146
829	151
830	130
831	152
832	140
833	156
834	158
835	154
836	140
837	148
838	141
839	137
840	153
841	158
842	160
843	154
844	147
845	155
846	163
847	147
848	165
849	127
850	141
851	160
852	135
853	138
854	147
855	138
856	144
857	135
858	138
859	137
860	150
861	117
862	136
863	143
864	150
865	160
866	157
867	148
868	141
869	164
870	150
871	147
872	159
873	140
874	119
875	133
876	147
877	125
878	124
879	123
880	132
881	119
882	136
883	126
884	122
885	123
886	128
887	145
888	131
889	130
890	124
891	160
892	134
893	138
894	136
895	145
896	140
897	124
898	130
899	155
900	136
901	144
902	128
903	118
904	118
905	145
906	127
907	129
908	112
909	120
910	129
911	124
912	131
913	114
914	125
915	123
916	117
917	120
918	106
919	124
920	129
921	128
922	114
923	152
924	113
925	136
926	123
927	120
928	154
929	119
930	129
931	124
932	139
933	132
934	148
935	133
936	134
937	143
938	110
939	128
940	143
941	114
942	121
943	117
944	125
945	119
946	116
947	115
948	110
949	138
950	118
951	107
952	109
953	103
954	127
955	139
956	114
957	113
958	126
959	120
960	130
961	112
962	120
963	113
964	112
965	115
966	130
967	113
968	116
969	112
970	111
971	131
972	125
973	123
974	88
975	113
976	90
977	99
978	137
979	99
980	109
981	137
982	114
983	132
984	129
985	110
986	114
987	100
988	103
989	111
990	92
991	116
992	129
993	111
994	109
995	96
996	113
997	101
998	111
999	112
1000	121
1001	104
1002	103
1003	95
1004	108
1005	92
1006	104
1007	109
1008	89
1009	88
1010	102
1011	98
1012	95
1013	97
1014	82
1015	97
1016	95
1017	99
1018	81
1019	83
1020	99
1021	96
1022	87
1023	73
1024	87
1025	97
1026	86
1027	96
1028	84
1029	82
1030	85
1031	99
1032	108
1033	75
1034	92
1035	97
1036	102
1037	75
1038	75
1039	73
1040	91
1041	75
1042	81
1043	77
1044	77
1045	74
1046	66
1047	51
1048	67
1049	72
1050	71
1051	75
1052	72
1053	67
1054	78
1055	72
1056	60
1057	74
1058	84
1059	71
1060	73
1061	65
1062	81
1063	88
1064	78
1065	64
1066	73
1067	70
1068	72
1069	66
1070	71
1071	71
1072	65
1073	61
1074	74
1075	72
1076	71
1077	69
1078	58
1079	66
1080	71
1081	68
1082	58
1083	62
1084	78
1085	63
1086	85
1087	71
1088	69
1089	64
1090	63
1091	57
1092	65
1093	69
1094	90
1095	68
1096	65
1097	66
1098	63
1099	60
1100	63
1101	73
1102	53
1103	63
1104	55
1105	63
1106	56
1107	47
1108	60
1109	57
1110	61
1111	67
1112	61
1113	51
1114	59
1115	54
1116	70
1117	49
1118	68
1119	61
1120	64
1121	68
1122	56
1123	53
1124	60
1125	64
1126	52
1127	58
1128	63
1129	64
1130	49
1131	68
1132	66
1133	70
1134	43
1135	50
1136	56
1137	77
1138	64
1139	52
1140	60
1141	60
1142	57
1143	56
1144	65
1145	62
1146	61
1147	58
1148	48
1149	57
1150	46
1151	54
1152	59
1153	48
1154	59
1155	45
1156	53
1157	64
1158	52
1159	59
1160	57
1161	85
1162	56
1163	70
1164	68
1165	57
1166	61
1167	42
1168	50
1169	60
1170	61
1171	52
1172	57
1173	71
1174	56
1175	62
1176	64
1177	52
1178	48
1179	52
1180	51
1181	59
1182	58
1183	57
1184	46
1185	59
1186	60
1187	60
1188	43
1189	58
1190	51
1191	60
1192	59
1193	56
1194	65
1195	57
1196	59
1197	51
1198	58
1199	61
1200	58
1201	62
1202	55
1203	64
1204	60
1205	54
1206	59
1207	62
1208	72
1209	60
1210	63
1211	42
1212	55
1213	53
1214	59
1215	53
1216	54
1217	62
1218	63
1219	67
1220	50
1221	54
1222	47
1223	45
1224	60
1225	63
1226	49
1227	60
1228	68
1229	55
1230	52
1231	55
1232	59
1233	51
1234	48
1235	54
1236	58
1237	58
1238	43
1239	33
1240	49
1241	52
1242	46
1243	41
1244	47
1245	63
1246	41
1247	50
1248	50
1249	56
1250	46
1251	43
1252	48
1253	49
1254	50
1255	44
1256	51
1257	52
1258	45
1259	50
1260	51
1261	47
1262	63
1263	58
1264	55
1265	32
1266	56
1267	56
1268	53
1269	47
1270	49
1271	35
1272	63
1273	41
1274	47
1275	55
1276	52
1277	48
1278	61
1279	47
1280	53
1281	48
1282	38
1283	56
1284	41
1285	62
1286	67
1287	38
1288	56
1289	55
1290	42
1291	54
1292	52
1293	42
1294	45
1295	63
1296	53
1297	49
1298	46
1299	54
1300	49
1301	42
1302	46
1303	58
1304	57
1305	48
1306	51
1307	58
1308	44
1309	43
1310	63
1311	48
1312	35
1313	46
1314	54
1315	39
1316	48
1317	45
1318	44
1319	50
1320	59
1321	50
1322	59
1323	55
1324	41
1325	50
1326	56
1327	43
1328	54
1329	42
1330	52
1331	48
1332	56
1333	64
1334	54
1335	53
1336	55
1337	37
1338	46
1339	59
1340	56
1341	53
1342	37
1343	50
1344	42
1345	53
1346	54
1347	47
1348	56
1349	56
1350	49
1351	65
1352	60
1353	56
1354	35
1355	56
1356	52
1357	45
1358	36
1359	40
1360	54
1361	56
1362	53
1363	51
1364	37
1365	51
1366	42
1367	45
1368	39
1369	58
1370	44
1371	53
1372	39
1373	46
1374	41
1375	51
1376	46
1377	44
1378	52
1379	51
1380	54
1381	46
1382	42
1383	51
1384	43
1385	51
1386	47
1387	57
1388	51
1389	57
1390	56
1391	59
1392	48
1393	47
1394	47
1395	52
1396	56
1397	35
1398	49
1399	55
1400	48
1401	47
1402	44
1403	47
1404	46
1405	58
1406	36
1407	50
1408	38
1409	46
1410	34
1411	43
1412	44
1413	39
1414	47
1415	44
1416	38
1417	43
1418	50
1419	43
1420	50
1421	42
1422	56
1423	42
1424	49
1425	56
1426	57
1427	55
1428	44
1429	40
1430	42
1431	45
1432	52
1433	39
1434	51
1435	51
1436	41
1437	43
1438	31
1439	42
1440	40
1441	47
1442	44
1443	35
1444	39
1445	44
1446	46
1447	35
1448	53
1449	61
1450	46
1451	51
1452	40
1453	34
1454	43
1455	48
1456	41
1457	53
1458	46
1459	50
1460	40
1461	40
1462	43
1463	57
1464	65
1465	43
1466	45
1467	30
1468	50
1469	60
1470	41
1471	49
1472	44
1473	42
1474	48
1475	50
1476	53
1477	52
1478	49
1479	44
1480	44
1481	52
1482	53
1483	42
1484	56
1485	52
1486	59
1487	45
1488	49
1489	50
1490	45
1491	51
1492	38
1493	50
1494	35
1495	42
1496	31
1497	55
1498	41
1499	47
1500	43
1501	44
1502	47
1503	42
1504	60
1505	39
1506	59
1507	50
1508	50
1509	44
1510	51
1511	46
1512	46
1513	50
1514	51
1515	51
1516	53
1517	46
1518	51
1519	49
1520	47
1521	39
1522	35
1523	46
1524	38
1525	51
1526	46
1527	58
1528	44
1529	56
1530	50
1531	51
1532	51
1533	55
1534	48
1535	43
1536	60
1537	55
1538	36
1539	69
1540	47
1541	57
1542	40
1543	53
1544	48
1545	41
1546	40
1547	55
1548	49
1549	37
1550	39
1551	48
1552	40
1553	34
1554	48
1555	39
1556	43
1557	43
1558	40
1559	44
1560	38
1561	52
1562	38
1563	54
1564	44
1565	52
1566	56
1567	50
1568	49
1569	59
1570	38
1571	44
1572	52
1573	48
1574	49
1575	43
1576	50
1577	60
1578	49
1579	40
1580	48
1581	52
1582	40
1583	51
1584	38
1585	47
1586	61
1587	52
1588	44
1589	59
1590	54
1591	34
1592	55
1593	39
1594	42
1595	56
1596	48
1597	56
1598	47
1599	44
1600	58
1601	60
1602	41
1603	57
1604	38
1605	46
1606	60
1607	42
1608	61
1609	56
1610	51
1611	56
1612	49
1613	47
1614	46
1615	50
1616	47
1617	68
1618	48
1619	41
1620	49
1621	38
1622	57
1623	51
1624	54
1625	49
1626	54
1627	67
1628	50
1629	48
1630	53
1631	51
1632	47
1633	38
1634	53
1635	51
1636	47
1637	54
1638	46
1639	52
1640	51
1641	54
1642	67
1643	67
1644	38
1645	56
1646	55
1647	60
1648	44
1649	50
1650	49
1651	46
1652	44
1653	44
1654	42
1655	55
1656	46
1657	49
1658	35
1659	46
1660	38
1661	52
1662	51
1663	55
1664	49
1665	58
1666	50
1667	48
1668	42
1669	59
1670	47
1671	41
1672	58
1673	54
1674	49
1675	69
1676	41
1677	66
1678	66
1679	63
1680	55
1681	57
1682	50
1683	52
1684	44
1685	49
1686	46
1687	60
1688	42
1689	50
1690	56
1691	58
1692	49
1693	54
1694	56
1695	43
1696	48
1697	54
1698	45
1699	52
1700	57
1701	52
1702	43
1703	53
1704	51
1705	50
1706	46
1707	51
1708	48
1709	40
1710	46
1711	38
1712	58
1713	39
1714	48
1715	56
1716	39
1717	42
1718	43
1719	43
1720	50
1721	40
1722	36
1723	55
1724	43
1725	23
1726	51
1727	41
1728	46
1729	40
1730	39
1731	47
1732	48
1733	32
1734	51
1735	56
1736	47
1737	41
1738	42
1739	52
1740	44
1741	51
1742	42
1743	45
1744	49
1745	45
1746	41
1747	53
1748	44
1749	44
1750	38
1751	47
1752	45
1753	42
1754	43
1755	50
1756	44
1757	45
1758	45
1759	38
1760	43
1761	33
1762	45
1763	47
1764	45
1765	37
1766	36
1767	33
1768	33
1769	35
1770	35
1771	43
1772	33
1773	26
1774	38
1775	31
1776	37
1777	32
1778	25
1779	33
1780	47
1781	50
1782	40
1783	33
1784	42
1785	43
1786	37
1787	26
1788	39
1789	34
1790	38
1791	33
1792	39
1793	40
1794	35
1795	31
1796	48
1797	48
1798	43
1799	39
1800	44
1801	35
1802	44
1803	34
1804	40
1805	41
1806	46
1807	44
1808	51
1809	35
1810	41
1811	45
1812	31
1813	24
1814	38
1815	45
1816	40
1817	32
1818	51
1819	40
1820	47
1821	31
1822	32
1823	49
1824	38
1825	35
1826	39
1827	61
1828	42
1829	38
1830	38
1831	42
1832	41
1833	33
1834	54
1835	40
1836	40
1837	46
1838	38
1839	37
1840	39
1841	41
1842	50
1843	43
1844	33
1845	41
1846	43
1847	37
1848	34
1849	31
1850	44
1851	47
1852	36
1853	51
1854	48
1855	46
1856	42
1857	44
1858	40
1859	46
1860	30
1861	57
1862	45
1863	32
1864	50
1865	38
1866	32
1867	35
1868	46
1869	43
1870	38
1871	43
1872	42
1873	42
1874	38
1875	42
1876	40
1877	26
1878	44
1879	45
1880	47
1881	31
1882	34
1883	45
1884	49
1885	32
1886	35
1887	44
1888	41
1889	40
1890	33
1891	51
1892	41
1893	37
1894	42
1895	39
1896	38
1897	29
1898	36
1899	34
1900	39
1901	43
1902	41
1903	34
1904	35
1905	42
1906	35
1907	27
1908	34
1909	36
1910	33
1911	32
1912	37
1913	45
1914	28
1915	26
1916	31
1917	23
1918	28
1919	23
1920	38
1921	37
1922	34
1923	37
1924	34
1925	36
1926	28
1927	37
1928	28
1929	33
1930	27
1931	24
1932	37
1933	23
1934	42
1935	40
1936	30
1937	23
1938	30
1939	30
1940	33
1941	29
1942	36
1943	39
1944	30
1945	40
1946	41
1947	17
1948	24
1949	27
1950	31
1951	28
1952	40
1953	35
1954	35
1955	31
1956	33
1957	34
1958	32
1959	26
1960	35
1961	29
1962	35
1963	27
1964	29
1965	29
1966	39
1967	34
1968	28
1969	36
1970	36
1971	36
1972	36
1973	32
1974	46
1975	42
1976	40
1977	30
1978	29
1979	26
1980	27
1981	45
1982	34
1983	39
1984	25
1985	32
1986	36
1987	34
1988	36
1989	35
1990	29
1991	34
1992	33
1993	29
1994	39
1995	32
1996	24
1997	28
1998	33
1999	27
2000	30
2001	30
2002	30
2003	41
2004	31
2005	36
2006	21
2007	22
2008	26
2009	28
2010	35
2011	26
2012	30
2013	35
2014	26
2015	34
2016	31
2017	31
2018	35
2019	33
2020	20
2021	27
2022	37
2023	29
2024	32
2025	26
2026	37
2027	25
2028	32
2029	29
2030	31
2031	41
2032	33
2033	27
2034	26
2035	27
2036	36
2037	30
2038	24
2039	26
2040	33
2041	34
2042	27
2043	34
2044	23
2045	41
2046	27
2047	30
2048	34
2049	34
2050	35
2051	33
2052	36
2053	35
2054	39
2055	27
2056	27
2057	28
2058	33
2059	32
2060	25
2061	30
2062	33
2063	30
2064	20
2065	29
2066	25
2067	33
2068	26
2069	30
2070	32
2071	31
2072	32
2073	22
2074	34
2075	30
2076	26
2077	29
2078	20
2079	22
2080	25
2081	18
2082	25
2083	28
2084	27
2085	20
2086	32
2087	18
2088	30
2089	27
2090	17
2091	26
2092	38
2093	33
2094	26
2095	33
2096	23
2097	22
2098	27
2099	19
2100	33
2101	30
2102	29
2103	32
2104	23
2105	25
2106	27
2107	22
2108	26
2109	35
2110	24
2111	14
2112	36
2113	21
2114	36
2115	32
2116	29
2117	25
2118	22
2119	25
2120	23
2121	30
2122	25
2123	25
2124	36
2125	27
2126	35
2127	22
2128	37
2129	21
2130	26
2131	25
2132	28
2133	25
2134	31
2135	32
2136	26
2137	23
2138	30
2139	33
2140	23
2141	25
2142	17
2143	31
2144	28
2145	29
2146	29
2147	29
2148	27
2149	25
2150	31
2151	26
2152	32
2153	31
2154	19
2155	28
2156	24
2157	33
2158	28
2159	24
2160	26
2161	36
2162	23
2163	28
2164	28
2165	29
2166	33
2167	24
2168	31
2169	25
2170	35
2171	27
2172	35
2173	20
2174	33
2175	24
2176	17
2177	29
2178	35
2179	29
2180	37
2181	29
2182	30
2183	30
2184	32
2185	22
2186	20
2187	25
2188	35
2189	26
2190	27
2191	34
2192	32
2193	24
2194	19
2195	33
2196	33
2197	34
2198	23
2199	32
2200	25
2201	22
2202	39
2203	37
2204	28
2205	36
2206	22
2207	40
2208	21
2209	31
2210	35
2211	36
2212	37
2213	33
2214	41
2215	29
2216	29
2217	36
2218	26
2219	33
2220	41
2221	29
2222	30
2223	30
2224	35
2225	42
2226	36
2227	41
2228	26
2229	31
2230	32
2231	22
2232	31
2233	27
2234	30
2235	27
2236	33
2237	50
2238	37
2239	37
2240	37
2241	38
2242	38
2243	33
2244	33
2245	42
2246	38
2247	39
2248	41
2249	39
2250	38
2251	35
2252	31
2253	24
2254	27
2255	36
2256	27
2257	34
2258	36
2259	39
2260	35
2261	32
2262	37
2263	31
2264	30
2265	41
2266	35
2267	28
2268	30
2269	29
2270	22
2271	22
2272	32
2273	30
2274	31
2275	31
2276	28
2277	30
2278	28
2279	39
2280	26
2281	19
2282	30
2283	36
2284	19
2285	23
2286	27
2287	28
2288	23
2289	29
2290	30
2291	30
2292	21
2293	23
2294	23
2295	18
2296	27
2297	21
2298	21
2299	24
2300	23
2301	28
2302	23
2303	26
2304	25
2305	24
2306	28
2307	21
2308	27
2309	21
2310	33
2311	32
2312	36
2313	36
2314	27
2315	32
2316	24
2317	35
2318	25
2319	33
2320	37
2321	31
2322	36
2323	41
2324	37
2325	28
2326	33
2327	25
2328	37
2329	27
2330	27
2331	33
2332	28
2333	30
2334	40
2335	33
2336	37
2337	44
2338	33
2339	24
2340	27
2341	29
2342	31
2343	25
2344	29
2345	28
2346	36
2347	33
2348	36
2349	35
2350	31
2351	26
2352	29
2353	33
2354	22
2355	27
2356	41
2357	27
2358	26
2359	24
2360	25
2361	25
2362	35
2363	28
2364	33
2365	34
2366	19
2367	31
2368	25
2369	32
2370	42
2371	32
2372	37
2373	39
2374	29
2375	37
2376	31
2377	38
2378	32
2379	23
2380	26
2381	30
2382	35
2383	28
2384	28
2385	28
2386	41
2387	33
2388	35
2389	33
2390	46
2391	35
2392	36
2393	34
2394	41
2395	34
2396	39
2397	36
2398	34
2399	50
2400	32
2401	25
2402	43
2403	28
2404	36
2405	34
2406	32
2407	39
2408	25
2409	36
2410	30
2411	34
2412	38
2413	39
2414	31
2415	30
2416	29
2417	24
2418	30
2419	33
2420	27
2421	35
2422	40
2423	44
2424	25
2425	33
2426	43
2427	35
2428	28
2429	34
2430	29
2431	38
2432	40
2433	35
2434	34
2435	37
2436	24
2437	23
2438	34
2439	31
2440	31
2441	37
2442	43
2443	35
2444	30
2445	27
2446	24
2447	40
2448	32
2449	35
2450	28
2451	29
2452	36
2453	33
2454	23
2455	36
2456	25
2457	24
2458	23
2459	28
2460	33
2461	33
2462	18
2463	29
2464	19
2465	25
2466	37
2467	28
2468	32
2469	16
2470	27
2471	25
2472	29
2473	28
2474	23
2475	23
2476	30
2477	26
2478	33
2479	17
2480	24
2481	17
2482	37
2483	23
2484	26
2485	21
2486	22
2487	21
2488	21
2489	28
2490	34
2491	24
2492	31
2493	21
2494	28
2495	32
2496	23
2497	30
2498	34
2499	30
2500	25
2501	28
2502	23
2503	31
2504	28
2505	28
2506	21
2507	20
2508	20
2509	30
2510	29
2511	21
2512	28
2513	24
2514	31
2515	28
2516	32
2517	20
2518	39
2519	32
2520	26
2521	32
2522	33
2523	28
2524	27
2525	35
2526	31
2527	31
2528	26
2529	29
2530	27
2531	33
2532	30
2533	41
2534	28
2535	27
2536	34
2537	24
2538	24
2539	35
2540	27
2541	29
2542	29
2543	27
2544	27
2545	23
2546	30
2547	28
2548	19
2549	28
2550	24
2551	18
2552	32
2553	28
2554	36
2555	28
2556	25
2557	27
2558	36
2559	28
2560	19
2561	33
2562	29
2563	31
2564	24
2565	19
2566	33
2567	26
2568	34
2569	34
2570	20
2571	20
2572	17
2573	27
2574	29
2575	33
2576	29
2577	24
2578	30
2579	24
2580	19
2581	17
2582	21
2583	20
2584	24
2585	31
2586	19
2587	29
2588	30
2589	17
2590	25
2591	21
2592	26
2593	14
2594	25
2595	19
2596	21
2597	11
2598	23
2599	24
2600	17
2601	22
2602	20
2603	19
2604	20
2605	23
2606	17
2607	21
2608	16
2609	17
2610	22
2611	19
2612	17
2613	18
2614	28
2615	16
2616	25
2617	23
2618	28
2619	20
2620	15
2621	26
2622	16
2623	17
2624	21
2625	22
2626	25
2627	15
2628	24
2629	26
2630	20
2631	17
2632	22
2633	21
2634	20
2635	21
2636	20
2637	10
2638	28
2639	29
2640	34
2641	24
2642	26
2643	19
2644	21
2645	18
2646	22
2647	24
2648	29
2649	26
2650	28
2651	27
2652	17
2653	22
2654	15
2655	18
2656	17
2657	24
2658	32
2659	12
2660	25
2661	27
2662	22
2663	21
2664	31
2665	23
2666	32
2667	32
2668	28
2669	31
2670	34
2671	26
2672	32
2673	34
2674	38
2675	24
2676	30
2677	30
2678	31
2679	29
2680	34
2681	22
2682	19
2683	30
2684	27
2685	23
2686	26
2687	29
2688	24
2689	34
2690	20
2691	29
2692	29
2693	31
2694	29
2695	27
2696	24
2697	28
2698	27
2699	29
2700	22
2701	31
2702	24
2703	37
2704	37
2705	19
2706	30
2707	21
2708	23
2709	30
2710	36
2711	21
2712	22
2713	26
2714	23
2715	25
2716	35
2717	24
2718	34
2719	21
2720	18
2721	27
2722	20
2723	29
2724	27
2725	30
2726	28
2727	24
2728	35
2729	20
2730	27
2731	22
2732	24
2733	27
2734	27
2735	17
2736	31
2737	23
2738	18
2739	19
2740	25
2741	26
2742	18
2743	28
2744	18
2745	31
2746	25
2747	23
2748	27
2749	23
2750	21
2751	25
2752	13
2753	23
2754	20
2755	12
2756	21
2757	26
2758	27
2759	21
2760	21
2761	32
2762	25
2763	21
2764	19
2765	23
2766	20
2767	22
2768	18
2769	29
2770	16
2771	20
2772	14
2773	15
2774	21
2775	29
2776	23
2777	28
2778	24
2779	11
2780	20
2781	34
2782	22
2783	24
2784	29
2785	23
2786	15
2787	26
2788	17
2789	22
2790	18
2791	19
2792	20
2793	23
2794	14
2795	23
2796	22
2797	19
2798	22
2799	12
2800	14
2801	13
2802	31
2803	17
2804	22
2805	23
2806	12
2807	19
2808	34
2809	22
2810	18
2811	22
2812	19
2813	33
2814	23
2815	22
2816	28
2817	19
2818	23
2819	22
2820	17
2821	17
2822	13
2823	19
2824	23
2825	18
2826	17
2827	25
2828	22
2829	11
2830	14
2831	21
2832	13
2833	23
2834	17
2835	23
2836	16
2837	19
2838	26
2839	25
2840	18
2841	13
2842	19
2843	18
2844	25
2845	19
2846	11
2847	20
2848	18
2849	12
2850	21
2851	14
2852	18
2853	19
2854	32
2855	18
2856	18
2857	21
2858	20
2859	21
2860	20
2861	16
2862	20
2863	19
2864	11
2865	19
2866	18
2867	16
2868	20
2869	16
2870	18
2871	11
2872	17
2873	18
2874	26
2875	27
2876	19
2877	22
2878	14
2879	24
2880	17
2881	20
2882	16
2883	26
2884	20
2885	21
2886	19
2887	11
2888	20
2889	20
2890	14
2891	18
2892	17
2893	24
2894	17
2895	16
2896	16
2897	12
2898	14
2899	13
2900	15
2901	11
2902	18
2903	11
2904	14
2905	16
2906	17
2907	14
2908	17
2909	8
2910	12
2911	20
2912	11
2913	16
2914	26
2915	17
2916	19
2917	9
2918	10
2919	16
2920	15
2921	17
2922	19
2923	17
2924	20
2925	17
2926	10
2927	15
2928	18
2929	16
2930	18
2931	20
2932	12
2933	10
2934	16
2935	14
2936	18
2937	13
2938	11
2939	16
2940	12
2941	15
2942	20
2943	17
2944	20
2945	17
2946	12
2947	12
2948	20
2949	16
2950	17
2951	18
2952	20
2953	18
2954	19
2955	14
2956	21
2957	15
2958	16
2959	12
2960	18
2961	27
2962	19
2963	17
2964	14
2965	21
2966	12
2967	11
2968	13
2969	22
2970	18
2971	12
2972	22
2973	16
2974	16
2975	11
2976	18
2977	11
2978	13
2979	11
2980	16
2981	25
2982	15
2983	15
2984	25
2985	19
2986	17
2987	16
2988	19
2989	14
2990	12
2991	20
2992	14
2993	10
2994	23
2995	12
2996	13
2997	24
2998	22
2999	21
3000	20
3001	10
3002	22
3003	20
3004	17
3005	12
3006	26
3007	16
3008	17
3009	24
3010	11
3011	18
3012	12
3013	19
3014	16
3015	15
3016	10
3017	20
3018	12
3019	14
3020	16
3021	20
3022	10
3023	18
3024	14
3025	24
3026	19
3027	17
3028	17
3029	20
3030	19
3031	25
3032	13
3033	16
3034	13
3035	27
3036	19
3037	23
3038	22
3039	17
3040	12
3041	15
3042	18
3043	13
3044	13
3045	17
3046	16
3047	11
3048	22
3049	24
3050	14
3051	10
3052	10
3053	18
3054	15
3055	11
3056	12
3057	14
3058	19
3059	17
3060	10
3061	12
3062	21
3063	8
3064	12
3065	15
3066	13
3067	18
3068	14
3069	11
3070	19
3071	13
3072	21
3073	11
3074	17
3075	13
3076	15
3077	14
3078	15
3079	18
3080	16
3081	17
3082	19
3083	9
3084	9
3085	13
3086	17
3087	7
3088	9
3089	11
3090	14
3091	8
3092	13
3093	19
3094	15
3095	14
3096	17
3097	14
3098	15
3099	19
3100	7
3101	14
3102	11
3103	10
3104	15
3105	16
3106	12
3107	13
3108	11
3109	11
3110	17
3111	11
3112	16
3113	12
3114	20
3115	18
3116	7
3117	18
3118	10
3119	20
3120	6
3121	14
3122	10
3123	10
3124	8
3125	13
3126	10
3127	9
3128	19
3129	11
3130	12
3131	14
3132	16
3133	14
3134	14
3135	11
3136	11
3137	14
3138	13
3139	13
3140	17
3141	8
3142	9
3143	11
3144	21
3145	8
3146	12
3147	12
3148	7
3149	14
3150	8
3151	10
3152	9
3153	10
3154	7
3155	14
3156	11
3157	12
3158	10
3159	8
3160	14
3161	18
3162	7
3163	16
3164	9
3165	8
3166	11
3167	6
3168	10
3169	24
3170	7
3171	4
3172	10
3173	8
3174	8
3175	9
3176	12
3177	16
3178	16
3179	22
3180	14
3181	13
3182	11
3183	11
3184	10
3185	14
3186	12
3187	9
3188	5
3189	11
3190	12
3191	9
3192	12
3193	8
3194	7
3195	10
3196	6
3197	5
3198	16
3199	12
3200	6
3201	5
3202	9
3203	6
3204	5
3205	11
3206	6
3207	8
3208	9
3209	11
3210	6
3211	5
3212	9
3213	6
3214	7
3215	12
3216	9
3217	11
3218	2
3219	4
3220	6
3221	6
3222	11
3223	14
3224	8
3225	7
3226	10
3227	12
3228	8
3229	10
3230	11
3231	10
3232	6
3233	12
3234	5
3235	8
3236	7
3237	4
3238	13
3239	12
3240	5
3241	11
3242	7
3243	5
3244	5
3245	12
3246	7
3247	5
3248	17
3249	6
3250	10
3251	6
3252	8
3253	6
3254	6
3255	11
3256	15
3257	5
3258	10
3259	7
3260	6
3261	9
3262	11
3263	10
3264	8
3265	13
3266	9
3267	10
3268	12
3269	7
3270	9
3271	9
3272	9
3273	15
3274	10
3275	14
3276	7
3277	7
3278	7
3279	10
3280	10
3281	10
3282	10
3283	8
3284	7
3285	12
3286	8
3287	5
3288	12
3289	7
3290	4
3291	6
3292	16
3293	8
3294	11
3295	9
3296	2
3297	10
3298	13
3299	8
3300	4
3301	5
3302	8
3303	6
3304	9
3305	8
3306	8
3307	8
3308	11
3309	10
3310	7
3311	12
3312	7
3313	7
3314	7
3315	4
3316	12
3317	9
3318	6
3319	4
3320	7
3321	4
3322	12
3323	3
3324	2
3325	10
3326	11
3327	6
3328	7
3329	8
3330	8
3331	5
3332	8
3333	12
3334	4
3335	10
3336	6
3337	6
3338	6
3339	7
3340	7
3341	9
3342	7
3343	6
3344	3
3345	4
3346	9
3347	5
3348	3
3349	4
3350	5
3351	10
3352	2
3353	7
3354	8
3355	3
3356	5
3357	6
3358	6
3359	8
3360	4
3361	4
3362	7
3363	6
3364	8
3365	5
3366	5
3367	8
3368	8
3369	6
3370	4
3371	6
3372	4
3373	6
3374	8
3375	5
3376	2
3377	4
3378	6
3379	5
3380	8
3381	5
3382	2
3383	5
3384	5
3385	8
3386	5
3387	7
3388	3
3389	8
3390	6
3391	3
3392	1
3393	5
3394	8
3395	2
3396	2
3397	5
3398	3
3399	4
3400	8
3401	9
3402	7
3403	1
3404	5
3405	2
3406	6
3407	3
3408	5
3409	6
3410	10
3411	6
3412	8
3413	6
3414	2
3415	5
3416	4
3417	4
3418	8
3419	5
3420	8
3421	5
3422	7
3423	6
3424	10
3425	5
3426	8
3427	5
3428	6
3429	5
3430	6
3431	3
3432	9
3433	9
3434	5
3435	7
3436	5
3437	9
3438	3
3439	3
3440	3
3441	6
3442	7
3443	7
3444	10
3445	6
3446	5
3447	4
3448	6
3449	1
3450	5
3451	5
3452	4
3453	8
3454	6
3455	6
3456	10
3457	6
3458	5
3459	5
3460	8
3461	8
3462	5
3463	8
3464	8
3465	2
3466	3
3467	10
3468	8
3469	6
3470	7
3471	7
3472	9
3473	6
3474	8
3475	4
3476	4
3477	3
3478	4
3479	8
3480	3
3481	14
3482	10
3483	5
3484	6
3485	3
3486	10
3487	8
3488	4
3489	7
3490	4
3491	6
3492	6
3493	2
3494	7
3495	5
3496	5
3497	6
3498	3
3499	2
3500	3
3501	6
3502	2
3503	10
3504	10
3505	9
3506	5
3507	6
3508	4
3509	4
3510	3
3511	4
3512	2
3513	4
3514	1
3515	3
3516	7
3517	8
3518	7
3519	4
3520	4
3521	6
3522	1
3523	5
3524	3
3525	9
3526	7
3527	6
3528	7
3529	6
3530	11
3531	4
3532	3
3533	4
3534	5
3535	0
3536	9
3537	5
3538	4
3539	5
3540	5
3541	9
3542	2
3543	8
3544	6
3545	6
3546	5
3547	6
3548	4
3549	8
3550	6
3551	4
3552	8
3553	8
3554	5
3555	6
3556	6
3557	5
3558	9
3559	4
3560	3
3561	3
3562	4
3563	11
3564	7
3565	4
3566	3
3567	7
3568	8
3569	5
3570	11
3571	7
3572	7
3573	8
3574	8
3575	5
3576	6
3577	5
3578	3
3579	4
3580	3
3581	8
3582	4
3583	4
3584	4
3585	5
3586	3
3587	7
3588	5
3589	5
3590	3
3591	8
3592	6
3593	6
3594	5
3595	6
3596	10
3597	9
3598	5
3599	3
3600	5
3601	3
3602	6
3603	2
3604	4
3605	6
3606	8
3607	8
3608	5
3609	2
3610	6
3611	2
3612	6
3613	3
3614	8
3615	6
3616	4
3617	3
3618	9
3619	7
3620	6
3621	6
3622	7
3623	4
3624	6
3625	2
3626	4
3627	2
3628	7
3629	3
3630	2
3631	6
3632	3
3633	6
3634	7
3635	9
3636	4
3637	3
3638	4
3639	7
3640	5
3641	7
3642	3
3643	7
3644	5
3645	10
3646	3
3647	9
3648	6
3649	10
3650	3
3651	4
3652	7
3653	5
3654	9
3655	4
3656	4
3657	8
3658	1
3659	4
3660	7
3661	2
3662	4
3663	2
3664	4
3665	5
3666	4
3667	3
3668	5
3669	3
3670	8
3671	4
3672	5
3673	9
3674	6
3675	8
3676	2
3677	11
3678	9
3679	7
3680	3
3681	3
3682	6
3683	10
3684	3
3685	6
3686	10
3687	4
3688	6
3689	5
3690	2
3691	5
3692	7
3693	4
3694	8
3695	4
3696	4
3697	5
3698	8
3699	3
3700	7
3701	2
3702	6
3703	3
3704	2
3705	7
3706	5
3707	6
3708	9
3709	4
3710	3
3711	6
3712	7
3713	6
3714	6
3715	8
3716	5
3717	7
3718	4
3719	7
3720	6
3721	7
3722	5
3723	4
3724	0
3725	7
3726	3
3727	7
3728	6
3729	3
3730	7
3731	7
3732	2
3733	2
3734	2
3735	1
3736	5
3737	7
3738	6
3739	5
3740	9
3741	5
3742	8
3743	4
3744	6
3745	3
3746	3
3747	10
3748	3
3749	6
3750	3
3751	5
3752	3
3753	5
3754	4
3755	7
3756	4
3757	4
3758	10
3759	1
3760	5
3761	1
3762	2
3763	5
3764	3
3765	3
3766	5
3767	10
3768	4
3769	10
3770	2
3771	6
3772	3
3773	2
3774	4
3775	9
3776	9
3777	4
3778	4
3779	10
3780	10
3781	5
3782	6
3783	4
3784	6
3785	5
3786	6
3787	4
3788	6
3789	5
3790	7
3791	7
3792	6
3793	0
3794	7
3795	4
3796	3
3797	2
3798	10
3799	3
3800	4
3801	9
3802	3
3803	6
3804	4
3805	4
3806	4
3807	1
3808	8
3809	7
3810	1
3811	5
3812	2
3813	3
3814	2
3815	7
3816	3
3817	2
3818	2
3819	6
3820	5
3821	8
3822	6
3823	3
3824	5
3825	2
3826	4
3827	7
3828	1
3829	6
3830	5
3831	4
3832	3
3833	3
3834	8
3835	4
3836	5
3837	7
3838	4
3839	2
3840	5
3841	4
3842	1
3843	4
3844	2
3845	7
3846	2
3847	6
3848	7
3849	5
3850	5
3851	6
3852	1
3853	4
3854	8
3855	7
3856	5
3857	2
3858	2
3859	5
3860	5
3861	3
3862	3
3863	3
3864	8
3865	6
3866	7
3867	10
3868	2
3869	4
3870	0
3871	3
3872	5
3873	9
3874	9
3875	6
3876	6
3877	7
3878	5
3879	11
3880	5
3881	7
3882	5
3883	4
3884	4
3885	8
3886	5
3887	3
3888	7
3889	8
3890	5
3891	6
3892	4
3893	3
3894	9
3895	6
3896	5
3897	5
3898	2
3899	3
3900	6
3901	3
3902	3
3903	4
3904	4
3905	5
3906	4
3907	7
3908	1
3909	4
3910	2
3911	7
3912	7
3913	3
3914	11
3915	2
3916	6
3917	4
3918	2
3919	7
3920	8
3921	8
3922	7
3923	7
3924	7
3925	2
3926	3
3927	9
3928	4
3929	6
3930	4
3931	1
3932	2
3933	2
3934	8
3935	3
3936	9
3937	4
3938	8
3939	3
3940	4
3941	12
3942	9
3943	3
3944	0
3945	9
3946	6
3947	8
3948	7
3949	3
3950	4
3951	4
3952	4
3953	0
3954	3
3955	5
3956	3
3957	7
3958	2
3959	3
3960	5
3961	5
3962	2
3963	5
3964	3
3965	4
3966	5
3967	0
3968	7
3969	3
3970	2
3971	3
3972	4
3973	2
3974	5
3975	3
3976	4
3977	6
3978	5
3979	4
3980	3
3981	4
3982	3
3983	3
3984	2
3985	7
3986	4
3987	5
3988	5
3989	6
3990	3
3991	5
3992	5
3993	2
3994	3
3995	7
3996	6
3997	9
3998	4
3999	4
4000	2
4001	2
4002	5
4003	3
4004	3
4005	3
4006	5
4007	4
4008	6
4009	4
4010	4
4011	8
4012	1
4013	6
4014	8
4015	1
4016	3
4017	6
4018	8
4019	3
4020	3
4021	1
4022	2
4023	4
4024	5
4025	6
4026	1
4027	5
4028	1
4029	2
4030	1
4031	7
4032	3
4033	7
4034	4
4035	4
4036	3
4037	4
4038	4
4039	3
4040	4
4041	2
4042	3
4043	3
4044	9
4045	2
4046	1
4047	4
4048	9
4049	3
4050	0
4051	7
4052	3
4053	3
4054	6
4055	5
4056	5
4057	8
4058	5
4059	5
4060	3
4061	6
4062	4
4063	6
4064	2
4065	2
4066	2
4067	3
4068	5
4069	1
4070	2
4071	2
4072	4
4073	2
4074	6
4075	4
4076	4
4077	2
4078	3
4079	3
4080	6
4081	3
4082	3
4083	3
4084	3
4085	5
4086	5
4087	5
4088	4
4089	4
4090	2
4091	2
4092	3
4093	4
4094	4
4095	4
4096	3
4097	8
4098	5
4099	5
4100	4
4101	7
4102	0
4103	3
4104	5
4105	7
4106	4
4107	2
4108	4
4109	2
4110	6
4111	8
4112	4
4113	7
4114	4
4115	5
4116	5
4117	4
4118	2
4119	5
4120	3
4121	4
4122	3
4123	5
4124	4
4125	1
4126	7
4127	3
4128	8
4129	5
4130	4
4131	8
4132	4
4133	2
4134	3
4135	2
4136	6
4137	2
4138	6
4139	3
4140	9
4141	9
4142	4
4143	6
4144	2
4145	5
4146	2
4147	2
4148	6
4149	5
4150	2
4151	8
4152	6
4153	3
4154	1
4155	4
4156	3
4157	2
4158	6
4159	5
4160	4
4161	7
4162	7
4163	5
4164	2
4165	4
4166	7
4167	3
4168	5
4169	6
4170	5
4171	2
4172	3
4173	3
4174	3
4175	4
4176	3
4177	4
4178	3
4179	6
4180	4
4181	1
4182	3
4183	6
4184	3
4185	2
4186	4
4187	2
4188	4
4189	3
4190	3
4191	7
4192	1
4193	4
4194	4
4195	2
4196	7
4197	4
4198	6
4199	3
4200	3
4201	5
4202	2
4203	3
4204	4
4205	4
4206	1
4207	8
4208	5
4209	6
4210	5
4211	3
4212	2
4213	2
4214	0
4215	5
4216	5
4217	6
4218	4
4219	2
4220	5
4221	6
4222	4
4223	6
4224	6
4225	5
4226	5
4227	9
4228	6
4229	4
4230	2
4231	5
4232	3
4233	3
4234	3
4235	3
4236	8
4237	2
4238	8
4239	5
4240	8
4241	4
4242	10
4243	1
4244	6
4245	5
4246	8
4247	2
4248	8
4249	6
4250	2
4251	4
4252	3
4253	3
4254	6
4255	7
4256	0
4257	8
4258	5
4259	7
4260	4
4261	2
4262	1
4263	5
4264	1
4265	4
4266	1
4267	5
4268	3
4269	4
4270	3
4271	4
4272	4
4273	5
4274	4
4275	2
4276	4
4277	6
4278	4
4279	3
4280	5
4281	3
4282	4
4283	3
4284	2
4285	5
4286	7
4287	4
4288	4
4289	9
4290	5
4291	2
4292	2
4293	5
4294	5
4295	4
4296	6
4297	0
4298	1
4299	3
4300	5
4301	1
4302	4
4303	5
4304	8
4305	2
4306	4
4307	3
4308	4
4309	5
4310	0
4311	3
4312	3
4313	5
4314	7
4315	4
4316	5
4317	5
4318	1
4319	5
4320	3
4321	2
4322	1
4323	2
4324	5
4325	3
4326	9
4327	4
4328	2
4329	2
4330	5
4331	5
4332	6
4333	6
4334	5
4335	7
4336	5
4337	6
4338	2
4339	3
4340	0
4341	5
4342	0
4343	6
4344	4
4345	3
4346	4
4347	6
4348	1
4349	7
4350	7
4351	2
4352	3
4353	2
4354	5
4355	6
4356	5
4357	3
4358	6
4359	3
4360	4
4361	5
4362	5
4363	6
4364	2
4365	2
4366	3
4367	1
4368	4
4369	2
4370	0
4371	5
4372	4
4373	2
4374	10
4375	4
4376	2
4377	5
4378	3
4379	5
4380	3
4381	5
4382	3
4383	2
4384	3
4385	3
4386	3
4387	3
4388	1
4389	3
4390	0
4391	3
4392	2
4393	4
4394	3
4395	3
4396	4
4397	4
4398	2
4399	0
4400	6
4401	4
4402	3
4403	1
4404	4
4405	6
4406	2
4407	0
4408	2
4409	4
4410	3
4411	6
4412	6
4413	4
4414	2
4415	5
4416	4
4417	1
4418	2
4419	5
4420	5
4421	4
4422	3
4423	4
4424	3
4425	4
4426	8
4427	3
4428	7
4429	3
4430	2
4431	3
4432	3
4433	4
4434	7
4435	4
4436	5
4437	4
4438	5
4439	5
4440	2
4441	4
4442	3
4443	6
4444	6
4445	1
4446	1
4447	5
4448	3
4449	4
4450	3
4451	4
4452	3
4453	5
4454	5
4455	2
4456	5
4457	3
4458	4
4459	5
4460	6
4461	4
4462	8
4463	2
4464	4
4465	8
4466	1
4467	1
4468	3
4469	1
4470	4
4471	2
4472	6
4473	4
4474	2
4475	2
4476	3
4477	6
4478	6
4479	1
4480	1
4481	6
4482	4
4483	6
4484	3
4485	4
4486	4
4487	8
4488	2
4489	6
4490	4
4491	6
4492	5
4493	7
4494	1
4495	5
4496	7
4497	4
4498	4
4499	5
4500	3
4501	0
4502	0
4503	7
4504	7
4505	5
4506	3
4507	2
4508	1
4509	3
4510	6
4511	7
4512	2
4513	3
4514	6
4515	10
4516	5
4517	3
4518	3
4519	4
4520	3
4521	5
4522	5
4523	6
4524	5
4525	6
4526	7
4527	2
4528	2
4529	2
4530	7
4531	4
4532	9
4533	3
4534	6
4535	0
4536	2
4537	4
4538	3
4539	7
4540	4
4541	5
4542	6
4543	7
4544	7
4545	4
4546	4
4547	4
4548	2
4549	6
4550	4
4551	3
4552	2
4553	7
4554	3
4555	4
4556	2
4557	3
4558	4
4559	4
4560	3
4561	6
4562	6
4563	2
4564	3
4565	7
4566	3
4567	6
4568	7
4569	4
4570	2
4571	4
4572	2
4573	6
4574	6
4575	4
4576	2
4577	3
4578	6
4579	4
4580	5
4581	6
4582	3
4583	2
4584	5
4585	5
4586	3
4587	7
4588	2
4589	5
4590	6
4591	2
4592	9
4593	5
4594	5
4595	2
4596	4
4597	3
4598	2
4599	0
4600	1
4601	2
4602	4
4603	7
4604	4
4605	3
4606	2
4607	10
4608	5
4609	7
4610	6
4611	6
4612	5
4613	5
4614	5
4615	8
4616	2
4617	4
4618	1
4619	9
4620	10
4621	2
4622	4
4623	1
4624	3
4625	2
4626	1
4627	9
4628	3
4629	7
4630	7
4631	3
4632	5
4633	2
4634	2
4635	5
4636	3
4637	3
4638	3
4639	4
4640	3
4641	1
4642	5
4643	5
4644	4
4645	4
4646	5
4647	5
4648	5
4649	4
4650	2
4651	2
4652	2
4653	6
4654	2
4655	7
4656	5
4657	3
4658	6
4659	1
4660	3
4661	1
4662	3
4663	2
4664	3
4665	4
4666	3
4667	5
4668	3
4669	4
4670	4
4671	3
4672	4
4673	7
4674	2
4675	3
4676	8
4677	5
4678	0
4679	4
4680	3
4681	6
4682	4
4683	5
4684	2
4685	1
4686	5
4687	1
4688	1
4689	3
4690	4
4691	4
4692	3
4693	3
4694	3
4695	3
4696	7
4697	7
4698	4
4699	7
4700	3
4701	5
4702	5
4703	5
4704	4
4705	4
4706	3
4707	4
4708	6
4709	5
4710	5
4711	8
4712	5
4713	3
4714	1
4715	5
4716	7
4717	8
4718	4
4719	3
4720	2
4721	2
4722	3
4723	4
4724	7
4725	5
4726	5
4727	4
4728	5
4729	7
4730	6
4731	3
4732	6
4733	6
4734	3
4735	3
4736	7
4737	3
4738	1
4739	4
4740	5
4741	1
4742	1
4743	5
4744	3
4745	0
4746	7
4747	4
4748	4
4749	3
4750	5
4751	4
4752	5
4753	2
4754	7
4755	6
4756	3
4757	4
4758	2
4759	4
4760	2
4761	3
4762	6
4763	2
4764	4
4765	6
4766	4
4767	6
4768	3
4769	4
4770	4
4771	1
4772	3
4773	4
4774	3
4775	6
4776	3
4777	5
4778	4
4779	2
4780	5
4781	4
4782	8
4783	3
4784	5
4785	3
4786	2
4787	7
4788	2
4789	6
4790	4
4791	6
4792	6
4793	4
4794	2
4795	3
4796	2
4797	8
4798	3
4799	3
4800	7
4801	3
4802	3
4803	3
4804	4
4805	3
4806	5
4807	3
4808	8
4809	6
4810	5
4811	5
4812	7
4813	3
4814	6
4815	2
4816	5
4817	2
4818	2
4819	1
4820	3
4821	5
4822	5
4823	2
4824	5
4825	2
4826	5
4827	1
4828	2
4829	0
4830	8
4831	1
4832	1
4833	1
4834	7
4835	4
4836	4
4837	6
4838	0
4839	2
4840	3
4841	3
4842	3
4843	3
4844	2
4845	3
4846	6
4847	2
4848	5
4849	2
4850	4
4851	5
4852	5
4853	2
4854	4
4855	7
4856	5
4857	2
4858	5
4859	1
4860	4
4861	4
4862	5
4863	0
4864	2
4865	3
4866	3
4867	5
4868	6
4869	4
4870	4
4871	1
4872	5
4873	6
4874	1
4875	7
4876	5
4877	4
4878	8
4879	2
4880	2
4881	4
4882	3
4883	1
4884	2
4885	1
4886	5
4887	0
4888	6
4889	2
4890	3
4891	4
4892	9
4893	7
4894	1
4895	1
4896	5
4897	2
4898	4
4899	3
4900	4
4901	1
4902	6
4903	5
4904	6
4905	2
4906	0
4907	5
4908	4
4909	3
4910	1
4911	2
4912	5
4913	2
4914	1
4915	3
4916	6
4917	5
4918	3
4919	4
4920	4
4921	6
4922	4
4923	4
4924	7
4925	5
4926	4
4927	5
4928	1
4929	1
4930	3
4931	4
4932	3
4933	5
4934	2
4935	5
4936	0
4937	4
4938	2
4939	4
4940	4
4941	2
4942	1
4943	2
4944	6
4945	4
4946	1
4947	6
4948	2
4949	4
4950	4
4951	5
4952	0
4953	5
4954	2
4955	4
4956	2
4957	4
4958	5
4959	5
4960	4
4961	4
4962	4
4963	3
4964	2
4965	3
4966	1
4967	2
4968	5
4969	4
4970	7
4971	2
4972	2
4973	2
4974	2
4975	2
4976	3
4977	2
4978	3
4979	5
4980	2
4981	0
4982	4
4983	1
4984	2
4985	1
4986	6
4987	3
4988	3
4989	1
4990	6
4991	4
4992	4
4993	1
4994	1
4995	5
4996	3
4997	3
4998	3
4999	3
5000	1
5001	2
5002	0
5003	3
5004	4
5005	2
5006	0
5007	2
5008	6
5009	5
5010	8
5011	1
5012	2
5013	3
5014	7
5015	2
5016	2
5017	4
5018	6
5019	3
5020	3
5021	2
5022	0
5023	5
5024	3
5025	5
5026	3
5027	3
5028	2
5029	3
5030	5
5031	3
5032	9
5033	3
5034	8
5035	5
5036	4
5037	4
5038	3
5039	5
5040	2
5041	2
5042	1
5043	2
5044	3
5045	3
5046	5
5047	0
5048	5
5049	2
5050	3
5051	8
5052	6
5053	2
5054	2
5055	3
5056	2
5057	2
5058	4
5059	7
5060	2
5061	3
5062	3
5063	2
5064	3
5065	2
5066	3
5067	1
5068	4
5069	4
5070	0
5071	2
5072	2
5073	6
5074	4
5075	2
5076	4
5077	7
5078	2
5079	4
5080	4
5081	3
5082	3
5083	1
5084	2
5085	6
5086	3
5087	2
5088	0
5089	1
5090	5
5091	1
5092	5
5093	1
5094	5
5095	5
5096	3
5097	11
5098	4
5099	5
5100	6
5101	3
5102	3
5103	6
5104	3
5105	4
5106	5
5107	6
5108	3
5109	4
5110	4
5111	4
5112	5
5113	3
5114	1
5115	4
5116	4
5117	0
5118	4
5119	5
5120	4
5121	4
5122	2
5123	4
5124	2
5125	2
5126	0
5127	1
5128	0
5129	3
5130	5
5131	0
5132	2
5133	2
5134	5
5135	2
5136	2
5137	4
5138	2
5139	3
5140	5
5141	3
5142	5
5143	2
5144	5
5145	4
5146	3
5147	3
5148	3
5149	2
5150	1
5151	1
5152	2
5153	3
5154	3
5155	4
5156	3
5157	4
5158	4
5159	5
5160	1
5161	1
5162	4
5163	1
5164	2
5165	2
5166	3
5167	2
5168	2
5169	5
5170	0
5171	8
5172	4
5173	3
5174	4
5175	4
5176	4
5177	4
5178	4
5179	2
5180	1
5181	3
5182	3
5183	4
5184	1
5185	7
5186	6
5187	0
5188	7
5189	2
5190	4
5191	1
5192	3
5193	4
5194	3
5195	5
5196	5
5197	0
5198	4
5199	3
5200	2
5201	3
5202	3
5203	3
5204	3
5205	3
5206	3
5207	1
5208	1
5209	3
5210	2
5211	3
5212	2
5213	4
5214	2
5215	5
5216	7
5217	3
5218	2
5219	3
5220	2
5221	3
5222	1
5223	5
5224	3
5225	2
5226	7
5227	3
5228	1
5229	2
5230	3
5231	5
5232	6
5233	5
5234	4
5235	3
5236	4
5237	5
5238	4
5239	4
5240	4
5241	5
5242	1
5243	3
5244	5
5245	3
5246	7
5247	1
5248	3
5249	4
5250	2
5251	5
5252	4
5253	6
5254	1
5255	3
5256	3
5257	6
5258	0
5259	3
5260	5
5261	6
5262	3
5263	2
5264	7
5265	5
5266	3
5267	0
5268	4
5269	11
5270	3
5271	5
5272	4
5273	3
5274	3
5275	4
5276	6
5277	4
5278	0
5279	6
5280	3
5281	3
5282	3
5283	1
5284	2
5285	1
5286	5
5287	3
5288	4
5289	4
5290	4
5291	3
5292	4
5293	6
5294	3
5295	3
5296	7
5297	5
5298	5
5299	3
5300	2
5301	3
5302	1
5303	7
5304	7
5305	5
5306	4
5307	6
5308	2
5309	2
5310	4
5311	4
5312	2
5313	4
5314	4
5315	4
5316	1
5317	9
5318	6
5319	4
5320	3
5321	2
5322	2
5323	1
5324	3
5325	3
5326	6
5327	4
5328	4
5329	5
5330	1
5331	3
5332	1
5333	5
5334	5
5335	3
5336	6
5337	5
5338	3
5339	7
5340	3
5341	3
5342	3
5343	6
5344	7
5345	2
5346	2
5347	3
5348	4
5349	5
5350	3
5351	7
5352	5
5353	3
5354	7
5355	5
5356	4
5357	1
5358	1
5359	6
5360	5
5361	0
5362	2
5363	0
5364	0
5365	2
5366	1
5367	1
5368	4
5369	2
5370	4
5371	4
5372	2
5373	2
5374	4
5375	5
5376	3
5377	5
5378	4
5379	6
5380	2
5381	1
5382	4
5383	5
5384	5
5385	1
5386	4
5387	3
5388	2
5389	3
5390	0
5391	2
5392	3
5393	5
5394	3
5395	3
5396	4
5397	5
5398	5
5399	2
5400	2
5401	4
5402	2
5403	4
5404	1
5405	2
5406	1
5407	4
5408	5
5409	1
5410	3
5411	1
5412	5
5413	8
5414	4
5415	3
5416	2
5417	3
5418	1
5419	2
5420	4
5421	1
5422	4
5423	4
5424	3
5425	3
5426	3
5427	1
5428	1
5429	4
5430	4
5431	4
5432	1
5433	1
5434	4
5435	10
5436	6
5437	5
5438	1
5439	2
5440	3
5441	4
5442	5
5443	3
5444	3
5445	1
5446	4
5447	3
5448	2
5449	6
5450	4
5451	4
5452	1
5453	2
5454	6
5455	5
5456	5
5457	4
5458	5
5459	1
5460	7
5461	9
5462	5
5463	4
5464	3
5465	1
5466	9
5467	6
5468	5
5469	7
5470	3
5471	4
5472	5
5473	5
5474	4
5475	6
5476	5
5477	3
5478	2
5479	9
5480	3
5481	8
5482	6
5483	5
5484	1
5485	3
5486	4
5487	6
5488	3
5489	2
5490	3
5491	3
5492	5
5493	4
5494	6
5495	3
5496	5
5497	4
5498	4
5499	1
5500	4
5501	4
5502	5
5503	7
5504	4
5505	7
5506	2
5507	3
5508	4
5509	5
5510	6
5511	6
5512	2
5513	6
5514	7
5515	7
5516	2
5517	6
5518	2
5519	4
5520	4
5521	5
5522	3
5523	3
5524	8
5525	7
5526	3
5527	0
5528	7
5529	8
5530	3
5531	6
5532	10
5533	2
5534	4
5535	2
5536	3
5537	2
5538	2
5539	4
5540	4
5541	3
5542	3
5543	6
5544	4
5545	1
5546	4
5547	2
5548	5
5549	6
5550	3
5551	5
5552	3
5553	2
5554	3
5555	6
5556	3
5557	3
5558	3
5559	5
5560	1
5561	3
5562	6
5563	5
5564	0
5565	5
5566	1
5567	6
5568	0
5569	2
5570	3
5571	2
5572	2
5573	2
5574	2
5575	1
5576	5
5577	7
5578	2
5579	3
5580	4
5581	4
5582	6
5583	0
5584	3
5585	2
5586	2
5587	2
5588	5
5589	3
5590	4
5591	1
5592	2
5593	2
5594	2
5595	6
5596	1
5597	1
5598	2
5599	4
5600	7
5601	3
5602	3
5603	3
5604	5
5605	1
5606	1
5607	1
5608	3
5609	7
5610	4
5611	1
5612	5
5613	6
5614	2
5615	3
5616	3
5617	1
5618	2
5619	4
5620	3
5621	5
5622	2
5623	2
5624	2
5625	5
5626	0
5627	2
5628	1
5629	2
5630	2
5631	3
5632	0
5633	4
5634	2
5635	4
5636	3
5637	1
5638	3
5639	5
5640	4
5641	1
5642	3
5643	2
5644	1
5645	2
5646	1
5647	3
5648	4
5649	3
5650	3
5651	2
5652	2
5653	4
5654	6
5655	1
5656	3
5657	6
5658	3
5659	2
5660	6
5661	5
5662	2
5663	4
5664	1
5665	1
5666	2
5667	6
5668	3
5669	1
5670	4
5671	7
5672	4
5673	1
5674	0
5675	3
5676	5
5677	1
5678	6
5679	2
5680	3
5681	2
5682	7
5683	3
5684	0
5685	6
5686	2
5687	2
5688	4
5689	4
5690	1
5691	3
5692	2
5693	0
5694	2
5695	2
5696	4
5697	4
5698	2
5699	3
5700	3
5701	2
5702	5
5703	4
5704	0
5705	3
5706	2
5707	3
5708	3
5709	5
5710	1
5711	2
5712	2
5713	2
5714	2
5715	2
5716	1
5717	5
5718	3
5719	2
5720	7
5721	3
5722	3
5723	4
5724	1
5725	2
5726	2
5727	2
5728	1
5729	2
5730	4
5731	5
5732	3
5733	3
5734	4
5735	1
5736	2
5737	5
5738	1
5739	2
5740	1
5741	3
5742	0
5743	2
5744	1
5745	4
5746	3
5747	3
5748	1
5749	3
5750	4
5751	5
5752	2
5753	4
5754	1
5755	7
5756	0
5757	4
5758	3
5759	4
5760	2
5761	2
5762	1
5763	5
5764	4
5765	4
5766	4
5767	1
5768	6
5769	3
5770	1
5771	10
5772	6
5773	4
5774	1
5775	1
5776	0
5777	3
5778	1
5779	2
5780	1
5781	1
5782	4
5783	5
5784	6
5785	4
5786	4
5787	3
5788	5
5789	2
5790	1
5791	3
5792	1
5793	1
5794	5
5795	4
5796	2
5797	5
5798	3
5799	5
5800	6
5801	3
5802	6
5803	4
5804	1
5805	3
5806	1
5807	4
5808	4
5809	5
5810	3
5811	2
5812	2
5813	4
5814	5
5815	3
5816	2
5817	3
5818	0
5819	4
5820	3
5821	5
5822	1
5823	6
5824	3
5825	3
5826	3
5827	2
5828	5
5829	2
5830	1
5831	4
5832	1
5833	4
5834	5
5835	2
5836	5
5837	4
5838	4
5839	1
5840	5
5841	4
5842	4
5843	3
5844	2
5845	2
5846	5
5847	3
5848	1
5849	2
5850	4
5851	2
5852	5
5853	5
5854	4
5855	2
5856	1
5857	1
5858	2
5859	3
5860	5
5861	5
5862	0
5863	1
5864	6
5865	4
5866	3
5867	3
5868	4
5869	4
5870	2
5871	1
5872	3
5873	5
5874	1
5875	0
5876	5
5877	2
5878	0
5879	2
5880	1
5881	4
5882	1
5883	1
5884	1
5885	2
5886	2
5887	4
5888	5
5889	5
5890	4
5891	3
5892	2
5893	2
5894	3
5895	2
5896	4
5897	3
5898	3
5899	0
5900	3
5901	4
5902	1
5903	2
5904	1
5905	7
5906	3
5907	3
5908	4
5909	2
5910	2
5911	4
5912	3
5913	2
5914	6
5915	1
5916	3
5917	1
5918	1
5919	3
5920	6
5921	5
5922	3
5923	4
5924	0
5925	2
5926	2
5927	2
5928	1
5929	1
5930	5
5931	2
5932	0
5933	2
5934	1
5935	3
5936	3
5937	2
5938	0
5939	3
5940	2
5941	2
5942	0
5943	3
5944	2
5945	2
5946	3
5947	1
5948	4
5949	1
5950	4
5951	2
5952	4
5953	2
5954	2
5955	2
5956	4
5957	2
5958	2
5959	1
5960	4
5961	3
5962	2
5963	3
5964	2
5965	2
5966	1
5967	0
5968	0
5969	2
5970	0
5971	2
5972	4
5973	1
5974	3
5975	2
5976	3
5977	1
5978	2
5979	0
5980	2
5981	2
5982	1
5983	4
5984	3
5985	0
5986	5
5987	4
5988	4
5989	0
5990	3
5991	1
5992	4
5993	4
5994	7
5995	3
5996	2
5997	3
5998	1
5999	3
6000	3
6001	3
6002	2
6003	4
6004	4
6005	1
6006	1
6007	4
6008	0
6009	4
6010	2
6011	1
6012	2
6013	2
6014	1
6015	2
6016	2
6017	5
6018	6
6019	2
6020	4
6021	3
6022	2
6023	0
6024	2
6025	3
6026	5
6027	2
6028	2
6029	2
6030	1
6031	4
6032	4
6033	2
6034	1
6035	2
6036	4
6037	2
6038	5
6039	2
6040	2
6041	1
6042	5
6043	2
6044	2
6045	1
6046	3
6047	3
6048	4
6049	3
6050	3
6051	2
6052	4
6053	2
6054	3
6055	2
6056	1
6057	4
6058	2
6059	2
6060	2
6061	4
6062	2
6063	2
6064	2
6065	1
6066	1
6067	2
6068	2
6069	7
6070	3
6071	2
6072	2
6073	1
6074	1
6075	2
6076	1
6077	0
6078	0
6079	1
6080	0
6081	4
6082	3
6083	2
6084	4
6085	3
6086	1
6087	1
6088	4
6089	2
6090	2
6091	4
6092	4
6093	3
6094	1
6095	2
6096	3
6097	0
6098	1
6099	4
6100	2
6101	1
6102	2
6103	0
6104	3
6105	2
6106	2
6107	4
6108	3
6109	3
6110	1
6111	5
6112	5
6113	2
6114	6
6115	3
6116	2
6117	2
6118	4
6119	1
6120	1
6121	4
6122	3
6123	1
6124	1
6125	2
6126	0
6127	3
6128	1
6129	4
6130	3
6131	4
6132	1
6133	1
6134	3
6135	2
6136	1
6137	0
6138	3
6139	2
6140	1
6141	3
6142	4
6143	3
6144	2
6145	4
6146	2
6147	1
6148	3
6149	2
6150	3
6151	2
6152	3
6153	4
6154	2
6155	3
6156	5
6157	4
6158	2
6159	1
6160	3
6161	2
6162	1
6163	2
6164	1
6165	2
6166	3
6167	3
6168	3
6169	6
6170	0
6171	2
6172	2
6173	4
6174	2
6175	3
6176	1
6177	3
6178	1
6179	4
6180	3
6181	3
6182	3
6183	4
6184	5
6185	3
6186	3
6187	2
6188	3
6189	1
6190	4
6191	2
6192	2
6193	2
6194	1
6195	2
6196	3
6197	5
6198	2
6199	7
6200	2
6201	4
6202	0
6203	3
6204	3
6205	3
6206	5
6207	2
6208	4
6209	3
6210	6
6211	1
6212	2
6213	4
6214	0
6215	2
6216	2
6217	4
6218	4
6219	0
6220	1
6221	5
6222	4
6223	2
6224	2
6225	1
6226	4
6227	2
6228	2
6229	1
6230	2
6231	3
6232	3
6233	3
6234	1
6235	3
6236	2
6237	1
6238	2
6239	1
6240	0
6241	5
6242	1
6243	4
6244	3
6245	2
6246	2
6247	5
6248	4
6249	1
6250	1
6251	3
6252	2
6253	1
6254	5
6255	4
6256	2
6257	3
6258	4
6259	2
6260	3
6261	4
6262	2
6263	1
6264	4
6265	3
6266	5
6267	6
6268	6
6269	7
6270	7
6271	2
6272	3
6273	3
6274	6
6275	2
6276	4
6277	9
6278	4
6279	5
6280	2
6281	6
6282	3
6283	4
6284	7
6285	3
6286	1
6287	2
6288	5
6289	3
6290	5
6291	6
6292	2
6293	1
6294	5
6295	3
6296	7
6297	1
6298	6
6299	3
6300	5
6301	7
6302	7
6303	5
6304	9
6305	5
6306	4
6307	6
6308	5
6309	5
6310	7
6311	3
6312	4
6313	3
6314	3
6315	5
6316	4
6317	7
6318	4
6319	5
6320	6
6321	1
6322	6
6323	1
6324	4
6325	2
6326	2
6327	3
6328	5
6329	4
6330	8
6331	6
6332	1
6333	1
6334	6
6335	6
6336	1
6337	3
6338	5
6339	5
6340	8
6341	5
6342	6
6343	12
6344	4
6345	6
6346	2
6347	4
6348	5
6349	6
6350	6
6351	2
6352	4
6353	6
6354	7
6355	2
6356	7
6357	4
6358	8
6359	5
6360	6
6361	2
6362	4
6363	7
6364	6
6365	6
6366	2
6367	2
6368	4
6369	3
6370	4
6371	3
6372	5
6373	7
6374	5
6375	6
6376	6
6377	3
6378	5
6379	2
6380	3
6381	5
6382	6
6383	3
6384	6
6385	3
6386	4
6387	7
6388	3
6389	7
6390	3
6391	7
6392	3
6393	7
6394	3
6395	10
6396	7
6397	5
6398	5
6399	7
6400	2
6401	5
6402	6
6403	4
6404	4
6405	4
6406	3
6407	3
6408	4
6409	8
6410	6
6411	6
6412	0
6413	5
6414	7
6415	6
6416	7
6417	6
6418	7
6419	5
6420	5
6421	4
6422	7
6423	7
6424	4
6425	6
6426	1
6427	8
6428	3
6429	4
6430	8
6431	2
6432	6
6433	5
6434	5
6435	6
6436	4
6437	10
6438	4
6439	4
6440	5
6441	4
6442	2
6443	1
6444	6
6445	3
6446	4
6447	2
6448	4
6449	6
6450	3
6451	5
6452	8
6453	1
6454	6
6455	4
6456	6
6457	3
6458	8
6459	6
6460	3
6461	5
6462	9
6463	3
6464	4
6465	5
6466	2
6467	4
6468	5
6469	8
6470	8
6471	3
6472	6
6473	3
6474	5
6475	0
6476	10
6477	5
6478	5
6479	2
6480	6
6481	3
6482	1
6483	3
6484	5
6485	6
6486	3
6487	5
6488	3
6489	4
6490	1
6491	5
6492	3
6493	4
6494	5
6495	4
6496	6
6497	2
6498	10
6499	11
6500	4
6501	8
6502	2
6503	6
6504	5
6505	5
6506	1
6507	7
6508	0
6509	3
6510	3
6511	4
6512	7
6513	8
6514	5
6515	2
6516	5
6517	2
6518	5
6519	5
6520	3
6521	1
6522	4
6523	8
6524	7
6525	7
6526	2
6527	1
6528	2
6529	4
6530	5
6531	2
6532	5
6533	4
6534	3
6535	2
6536	7
6537	8
6538	7
6539	5
6540	4
6541	6
6542	4
6543	5
6544	5
6545	2
6546	4
6547	4
6548	4
6549	7
6550	3
6551	6
6552	6
6553	3
6554	6
6555	7
6556	0
6557	0
6558	7
6559	7
6560	9
6561	5
6562	3
6563	6
6564	3
6565	4
6566	9
6567	7
6568	5
6569	5
6570	6
6571	5
6572	7
6573	7
6574	7
6575	4
6576	5
6577	8
6578	1
6579	2
6580	5
6581	3
6582	6
6583	4
6584	8
6585	5
6586	5
6587	4
6588	11
6589	3
6590	2
6591	3
6592	9
6593	7
6594	2
6595	6
6596	9
6597	4
6598	6
6599	7
6600	4
6601	5
6602	7
6603	4
6604	6
6605	5
6606	3
6607	4
6608	4
6609	8
6610	1
6611	6
6612	7
6613	9
6614	4
6615	4
6616	4
6617	9
6618	9
6619	10
6620	2
6621	3
6622	3
6623	4
6624	4
6625	0
6626	7
6627	9
6628	1
6629	8
6630	2
6631	3
6632	4
6633	6
6634	6
6635	5
6636	3
6637	3
6638	3
6639	4
6640	5
6641	4
6642	5
6643	0
6644	3
6645	6
6646	3
6647	4
6648	5
6649	4
6650	1
6651	3
6652	7
6653	7
6654	4
6655	5
6656	5
6657	5
6658	2
6659	2
6660	3
6661	8
6662	3
6663	3
6664	6
6665	7
6666	4
6667	6
6668	6
6669	4
6670	6
6671	5
6672	4
6673	1
6674	4
6675	2
6676	5
6677	8
6678	1
6679	7
6680	4
6681	4
6682	4
6683	5
6684	5
6685	5
6686	4
6687	8
6688	5
6689	4
6690	7
6691	9
6692	10
6693	4
6694	6
6695	1
6696	4
6697	7
6698	5
6699	5
6700	12
6701	7
6702	10
6703	7
6704	3
6705	6
6706	5
6707	7
6708	6
6709	3
6710	6
6711	3
6712	5
6713	7
6714	10
6715	7
6716	6
6717	5
6718	4
6719	8
6720	4
6721	7
6722	9
6723	4
6724	6
6725	4
6726	4
6727	4
6728	8
6729	5
6730	1
6731	6
6732	5
6733	5
6734	5
6735	4
6736	7
6737	1
6738	3
6739	6
6740	5
6741	2
6742	3
6743	4
6744	1
6745	4
6746	7
6747	5
6748	6
6749	7
6750	4
6751	9
6752	6
6753	3
6754	4
6755	6
6756	5
6757	8
6758	5
6759	6
6760	4
6761	4
6762	5
6763	7
6764	7
6765	0
6766	6
6767	8
6768	3
6769	5
6770	5
6771	6
6772	8
6773	3
6774	8
6775	10
6776	3
6777	4
6778	7
6779	6
6780	8
6781	7
6782	8
6783	6
6784	5
6785	8
6786	5
6787	5
6788	9
6789	5
6790	7
6791	2
6792	6
6793	4
6794	7
6795	6
6796	4
6797	5
6798	2
6799	4
6800	9
6801	3
6802	5
6803	8
6804	2
6805	7
6806	6
6807	4
6808	5
6809	3
6810	9
6811	3
6812	3
6813	7
6814	5
6815	5
6816	7
6817	7
6818	8
6819	8
6820	11
6821	1
6822	4
6823	5
6824	9
6825	3
6826	2
6827	7
6828	8
6829	3
6830	9
6831	3
6832	11
6833	7
6834	7
6835	6
6836	5
6837	11
6838	6
6839	8
6840	4
6841	6
6842	2
6843	5
6844	4
6845	1
6846	5
6847	4
6848	3
6849	4
6850	7
6851	4
6852	6
6853	5
6854	6
6855	2
6856	3
6857	3
6858	7
6859	5
6860	3
6861	6
6862	7
6863	4
6864	6
6865	3
6866	2
6867	5
6868	4
6869	7
6870	6
6871	4
6872	3
6873	4
6874	1
6875	4
6876	6
6877	4
6878	2
6879	7
6880	3
6881	1
6882	3
6883	3
6884	6
6885	8
6886	4
6887	6
6888	5
6889	6
6890	5
6891	10
6892	5
6893	4
6894	3
6895	8
6896	5
6897	6
6898	4
6899	5
6900	1
6901	6
6902	3
6903	2
6904	3
6905	8
6906	4
6907	9
6908	2
6909	2
6910	1
6911	4
6912	3
6913	4
6914	2
6915	3
6916	7
6917	4
6918	3
6919	7
6920	3
6921	3
6922	2
6923	5
6924	7
6925	4
6926	4
6927	1
6928	5
6929	4
6930	6
6931	6
6932	1
6933	1
6934	3
6935	3
6936	4
6937	2
6938	4
6939	4
6940	5
6941	5
6942	7
6943	1
6944	9
6945	5
6946	7
6947	8
6948	6
6949	5
6950	4
6951	4
6952	4
6953	4
6954	3
6955	5
6956	2
6957	3
6958	5
6959	2
6960	4
6961	3
6962	4
6963	7
6964	3
6965	4
6966	3
6967	5
6968	2
6969	2
6970	6
6971	6
6972	5
6973	8
6974	4
6975	2
6976	1
6977	4
6978	4
6979	2
6980	3
6981	3
6982	6
6983	5
6984	1
6985	3
6986	6
6987	6
6988	5
6989	8
6990	4
6991	4
6992	6
6993	6
6994	2
6995	4
6996	3
6997	6
6998	0
6999	6
7000	7
7001	5
7002	9
7003	8
7004	5
7005	0
7006	4
7007	3
7008	2
7009	1
7010	3
7011	6
7012	5
7013	4
7014	4
7015	9
7016	3
7017	5
7018	1
7019	2
7020	5
7021	3
7022	2
7023	5
7024	2
7025	4
7026	7
7027	5
7028	0
7029	6
7030	3
7031	2
7032	2
7033	5
7034	6
7035	3
7036	4
7037	3
7038	8
7039	3
7040	4
7041	2
7042	3
7043	4
7044	9
7045	4
7046	3
7047	2
7048	3
7049	6
7050	3
7051	3
7052	6
7053	3
7054	7
7055	7
7056	2
7057	2
7058	9
7059	6
7060	5
7061	5
7062	3
7063	5
7064	1
7065	8
7066	4
7067	7
7068	3
7069	4
7070	4
7071	5
7072	7
7073	4
7074	2
7075	9
7076	4
7077	3
7078	4
7079	4
7080	6
7081	6
7082	2
7083	4
7084	4
7085	4
7086	3
7087	3
7088	6
7089	3
7090	5
7091	7
7092	3
7093	4
7094	7
7095	4
7096	7
7097	5
7098	5
7099	7
7100	9
7101	6
7102	6
7103	5
7104	5
7105	10
7106	6
7107	6
7108	6
7109	7
7110	2
7111	1
7112	4
7113	6
7114	7
7115	5
7116	5
7117	5
7118	5
7119	6
7120	4
7121	4
7122	8
7123	10
7124	7
7125	2
7126	6
7127	6
7128	4
7129	7
7130	6
7131	4
7132	2
7133	3
7134	4
7135	7
7136	7
7137	8
7138	4
7139	7
7140	4
7141	9
7142	7
7143	4
7144	3
7145	7
7146	2
7147	5
7148	6
7149	4
7150	7
7151	2
7152	2
7153	3
7154	5
7155	6
7156	6
7157	5
7158	3
7159	3
7160	3
7161	4
7162	3
7163	5
7164	4
7165	4
7166	2
7167	9
7168	3
7169	8
7170	4
7171	8
7172	6
7173	5
7174	5
7175	4
7176	6
7177	7
7178	1
7179	5
7180	0
7181	8
7182	5
7183	2
7184	8
7185	4
7186	6
7187	5
7188	2
7189	3
7190	4
7191	7
7192	3
7193	6
7194	6
7195	2
7196	2
7197	8
7198	4
7199	4
7200	11
7201	3
7202	4
7203	3
7204	4
7205	6
7206	5
7207	9
7208	2
7209	4
7210	5
7211	5
7212	4
7213	13
7214	4
7215	7
7216	6
7217	2
7218	3
7219	4
7220	5
7221	13
7222	5
7223	2
7224	4
7225	3
7226	4
7227	4
7228	3
7229	2
7230	7
7231	2
7232	6
7233	2
7234	2
7235	4
7236	6
7237	4
7238	4
7239	3
7240	5
7241	5
7242	2
7243	5
7244	5
7245	4
7246	3
7247	4
7248	3
7249	2
7250	7
7251	8
7252	5
7253	6
7254	7
7255	8
7256	5
7257	1
7258	3
7259	5
7260	3
7261	3
7262	4
7263	1
7264	1
7265	9
7266	4
7267	4
7268	4
7269	3
7270	6
7271	3
7272	6
7273	3
7274	2
7275	5
7276	4
7277	8
7278	2
7279	8
7280	1
7281	10
7282	9
7283	4
7284	4
7285	5
7286	4
7287	2
7288	5
7289	4
7290	2
7291	3
7292	2
7293	2
7294	2
7295	3
7296	3
7297	5
7298	5
7299	5
7300	2
7301	6
7302	2
7303	4
7304	6
7305	4
7306	6
7307	3
7308	3
7309	4
7310	6
7311	5
7312	5
7313	6
7314	3
7315	1
7316	1
7317	8
7318	3
7319	7
7320	4
7321	3
7322	2
7323	6
7324	5
7325	8
7326	5
7327	5
7328	5
7329	3
7330	5
7331	7
7332	5
7333	4
7334	5
7335	4
7336	9
7337	5
7338	3
7339	2
7340	4
7341	6
7342	4
7343	4
7344	5
7345	3
7346	4
7347	5
7348	6
7349	3
7350	4
7351	5
7352	5
7353	2
7354	5
7355	6
7356	3
7357	7
7358	5
7359	3
7360	5
7361	9
7362	4
7363	4
7364	7
7365	6
7366	4
7367	3
7368	3
7369	1
7370	2
7371	7
7372	3
7373	2
7374	6
7375	5
7376	7
7377	5
7378	6
7379	6
7380	3
7381	5
7382	5
7383	3
7384	4
7385	3
7386	3
7387	6
7388	4
7389	1
7390	7
7391	2
7392	9
7393	4
7394	6
7395	5
7396	6
7397	6
7398	6
7399	5
7400	7
7401	4
7402	3
7403	6
7404	8
7405	8
7406	11
7407	7
7408	5
7409	6
7410	4
7411	4
7412	8
7413	2
7414	7
7415	3
7416	7
7417	3
7418	3
7419	9
7420	6
7421	3
7422	6
7423	8
7424	8
7425	3
7426	8
7427	4
7428	4
7429	10
7430	3
7431	6
7432	10
7433	6
7434	1
7435	6
7436	8
7437	8
7438	6
7439	5
7440	2
7441	9
7442	5
7443	5
7444	6
7445	4
7446	2
7447	4
7448	6
7449	1
7450	8
7451	7
7452	2
7453	8
7454	5
7455	6
7456	4
7457	5
7458	2
7459	7
7460	3
7461	2
7462	8
7463	3
7464	6
7465	5
7466	3
7467	5
7468	2
7469	5
7470	5
7471	5
7472	6
7473	6
7474	5
7475	3
7476	3
7477	7
7478	10
7479	6
7480	1
7481	9
7482	6
7483	5
7484	4
7485	3
7486	9
7487	6
7488	3
7489	5
7490	5
7491	6
7492	9
7493	6
7494	4
7495	4
7496	7
7497	4
7498	7
7499	2
7500	3
7501	8
7502	7
7503	4
7504	9
7505	7
7506	5
7507	8
7508	1
7509	2
7510	8
7511	7
7512	5
7513	8
7514	4
7515	7
7516	4
7517	3
7518	4
7519	6
7520	7
7521	5
7522	5
7523	8
7524	8
7525	10
7526	5
7527	5
7528	2
7529	10
7530	8
7531	9
7532	2
7533	3
7534	8
7535	3
7536	5
7537	9
7538	7
7539	5
7540	6
7541	4
7542	2
7543	6
7544	6
7545	6
7546	6
7547	8
7548	12
7549	5
7550	2
7551	3
7552	8
7553	6
7554	5
7555	7
7556	5
7557	8
7558	4
7559	8
7560	8
7561	7
7562	7
7563	7
7564	5
7565	10
7566	3
7567	4
7568	9
7569	4
7570	5
7571	6
7572	3
7573	5
7574	4
7575	3
7576	6
7577	6
7578	6
7579	4
7580	6
7581	7
7582	7
7583	11
7584	3
7585	3
7586	12
7587	6
7588	0
7589	5
7590	4
7591	3
7592	10
7593	8
7594	4
7595	5
7596	8
7597	2
7598	4
7599	6
7600	8
7601	2
7602	6
7603	9
7604	4
7605	5
7606	4
7607	7
7608	5
7609	14
7610	4
7611	9
7612	11
7613	6
7614	6
7615	8
7616	14
7617	4
7618	6
7619	6
7620	9
7621	7
7622	9
7623	7
7624	9
7625	9
7626	8
7627	5
7628	3
7629	6
7630	10
7631	14
7632	4
7633	12
7634	12
7635	6
7636	5
7637	6
7638	5
7639	6
7640	6
7641	6
7642	8
7643	5
7644	10
7645	7
7646	9
7647	5
7648	5
7649	2
7650	8
7651	8
7652	5
7653	7
7654	7
7655	5
7656	1
7657	4
7658	2
7659	4
7660	8
7661	6
7662	2
7663	8
7664	5
7665	4
7666	3
7667	4
7668	4
7669	4
7670	4
7671	4
7672	5
7673	2
7674	2
7675	5
7676	7
7677	3
7678	6
7679	5
7680	5
7681	2
7682	7
7683	7
7684	11
7685	5
7686	3
7687	4
7688	5
7689	4
7690	9
7691	9
7692	3
7693	8
7694	4
7695	4
7696	2
7697	7
7698	8
7699	4
7700	4
7701	5
7702	3
7703	6
7704	5
7705	6
7706	3
7707	3
7708	4
7709	5
7710	3
7711	2
7712	6
7713	1
7714	9
7715	2
7716	6
7717	7
7718	4
7719	8
7720	4
7721	2
7722	2
7723	5
7724	3
7725	3
7726	3
7727	5
7728	3
7729	11
7730	2
7731	4
7732	0
7733	6
7734	5
7735	5
7736	3
7737	8
7738	4
7739	2
7740	4
7741	5
7742	9
7743	5
7744	3
7745	5
7746	7
7747	3
7748	4
7749	2
7750	6
7751	9
7752	5
7753	7
7754	7
7755	2
7756	6
7757	7
7758	4
7759	4
7760	6
7761	10
7762	4
7763	4
7764	4
7765	9
7766	4
7767	6
7768	9
7769	10
7770	4
7771	8
7772	7
7773	6
7774	7
7775	5
7776	4
7777	5
7778	6
7779	2
7780	6
7781	6
7782	8
7783	1
7784	8
7785	6
7786	6
7787	2
7788	3
7789	5
7790	3
7791	4
7792	7
7793	5
7794	7
7795	5
7796	0
7797	3
7798	6
7799	5
7800	7
7801	8
7802	4
7803	6
7804	4
7805	5
7806	8
7807	7
7808	6
7809	6
7810	6
7811	5
7812	5
7813	5
7814	5
7815	6
7816	7
7817	8
7818	2
7819	5
7820	6
7821	5
7822	5
7823	8
7824	3
7825	1
7826	3
7827	4
7828	13
7829	3
7830	2
7831	1
7832	3
7833	4
7834	4
7835	7
7836	3
7837	6
7838	5
7839	5
7840	7
7841	5
7842	7
7843	5
7844	6
7845	6
7846	2
7847	5
7848	4
7849	4
7850	2
7851	2
7852	7
7853	4
7854	8
7855	3
7856	3
7857	6
7858	2
7859	3
7860	9
7861	5
7862	7
7863	4
7864	1
7865	3
7866	3
7867	3
7868	5
7869	3
7870	4
7871	5
7872	4
7873	3
7874	5
7875	3
7876	3
7877	3
7878	5
7879	7
7880	5
7881	6
7882	8
7883	5
7884	4
7885	1
7886	3
7887	4
7888	4
7889	5
7890	4
7891	6
7892	3
7893	2
7894	3
7895	3
7896	6
7897	5
7898	5
7899	3
7900	5
7901	2
7902	7
7903	3
7904	6
7905	6
7906	6
7907	5
7908	1
7909	7
7910	0
7911	6
7912	1
7913	4
7914	4
7915	3
7916	5
7917	3
7918	3
7919	3
7920	4
7921	4
7922	10
7923	5
7924	2
7925	4
7926	3
7927	9
7928	4
7929	4
7930	6
7931	3
7932	12
7933	6
7934	3
7935	3
7936	4
7937	7
7938	3
7939	5
7940	5
7941	3
7942	7
7943	6
7944	6
7945	4
7946	2
7947	2
7948	5
7949	5
7950	8
7951	5
7952	10
7953	4
7954	5
7955	2
7956	2
7957	1
7958	4
7959	5
7960	8
7961	3
7962	6
7963	2
7964	6
7965	8
7966	3
7967	8
7968	7
7969	5
7970	5
7971	6
7972	7
7973	4
7974	1
7975	5
7976	9
7977	3
7978	8
7979	5
7980	4
7981	3
7982	5
7983	1
7984	11
7985	6
7986	8
7987	3
7988	5
7989	4
7990	11
7991	4
7992	6
7993	5
7994	2
7995	8
7996	5
7997	3
7998	2
7999	5
8000	1
8001	8
8002	7
8003	4
8004	3
8005	5
8006	5
8007	3
8008	6
8009	3
8010	5
8011	4
8012	5
8013	7
8014	6
8015	4
8016	6
8017	2
8018	4
8019	2
8020	4
8021	2
8022	4
8023	2
8024	3
8025	4
8026	5
8027	3
8028	5
8029	3
8030	5
8031	3
8032	2
8033	1
8034	4
8035	3
8036	2
8037	5
8038	5
8039	5
8040	5
8041	7
8042	3
8043	4
8044	3
8045	1
8046	3
8047	1
8048	5
8049	3
8050	2
8051	3
8052	7
8053	4
8054	4
8055	6
8056	4
8057	7
8058	2
8059	4
8060	7
8061	2
8062	2
8063	4
8064	7
8065	2
8066	5
8067	4
8068	5
8069	9
8070	4
8071	3
8072	8
8073	4
8074	4
8075	4
8076	3
8077	5
8078	7
8079	2
8080	4
8081	3
8082	7
8083	7
8084	3
8085	5
8086	8
8087	6
8088	6
8089	2
8090	4
8091	3
8092	5
8093	3
8094	5
8095	5
8096	4
8097	4
8098	9
8099	9
8100	5
8101	3
8102	2
8103	4
8104	8
8105	7
8106	0
8107	4
8108	3
8109	2
8110	2
8111	4
8112	3
8113	6
8114	6
8115	5
8116	5
8117	4
8118	6
8119	2
8120	5
8121	2
8122	3
8123	3
8124	4
8125	4
8126	9
8127	2
8128	8
8129	7
8130	3
8131	3
8132	3
8133	3
8134	3
8135	8
8136	1
8137	2
8138	6
8139	6
8140	6
8141	5
8142	4
8143	2
8144	3
8145	5
8146	4
8147	3
8148	4
8149	4
8150	6
8151	5
8152	4
8153	0
8154	6
8155	5
8156	2
8157	4
8158	3
8159	3
8160	6
8161	1
8162	6
8163	2
8164	4
8165	4
8166	4
8167	7
8168	2
8169	5
8170	8
8171	2
8172	1
8173	3
8174	2
8175	1
8176	1
8177	8
8178	4
8179	1
8180	5
8181	8
8182	2
8183	4
8184	5
8185	5
8186	4
8187	7
8188	2
8189	6
8190	3
8191	8
8192	6
8193	1
8194	3
8195	3
8196	6
8197	3
8198	7
8199	3
8200	3
8201	4
8202	4
8203	4
8204	8
8205	5
8206	5
8207	4
8208	3
8209	7
8210	3
8211	1
8212	3
8213	4
8214	3
8215	3
8216	5
8217	1
8218	3
8219	2
8220	1
8221	1
8222	5
8223	0
8224	2
8225	2
8226	2
8227	5
8228	1
8229	5
8230	4
8231	4
8232	1
8233	3
8234	1
8235	5
8236	1
8237	4
8238	5
8239	2
8240	2
8241	8
8242	1
8243	2
8244	4
8245	6
8246	3
8247	6
8248	5
8249	6
8250	1
8251	5
8252	7
8253	2
8254	5
8255	2
8256	4
8257	5
8258	2
8259	6
8260	6
8261	4
8262	4
8263	5
8264	5
8265	1
8266	3
8267	7
8268	6
8269	2
8270	3
8271	3
8272	3
8273	4
8274	3
8275	2
8276	2
8277	3
8278	3
8279	0
8280	3
8281	6
8282	1
8283	5
8284	2
8285	1
8286	3
8287	1
8288	4
8289	4
8290	3
8291	6
8292	6
8293	5
8294	4
8295	4
8296	2
8297	2
8298	5
8299	3
8300	2
8301	3
8302	3
8303	4
8304	2
8305	4
8306	4
8307	3
8308	0
8309	2
8310	4
8311	1
8312	3
8313	3
8314	5
8315	3
8316	5
8317	1
8318	3
8319	1
8320	3
8321	3
8322	5
8323	3
8324	3
8325	4
8326	4
8327	1
8328	4
8329	5
8330	4
8331	5
8332	3
8333	4
8334	3
8335	3
8336	2
8337	2
8338	3
8339	1
8340	1
8341	6
8342	2
8343	4
8344	2
8345	4
8346	2
8347	0
8348	1
8349	4
8350	2
8351	3
8352	4
8353	2
8354	5
8355	5
8356	5
8357	4
8358	2
8359	2
8360	5
8361	1
8362	3
8363	6
8364	4
8365	1
8366	3
8367	2
8368	4
8369	2
8370	2
8371	3
8372	2
8373	5
8374	0
8375	1
8376	2
8377	5
8378	2
8379	2
8380	0
8381	3
8382	4
8383	3
8384	2
8385	3
8386	3
8387	3
8388	5
8389	2
8390	1
8391	5
8392	1
8393	4
8394	3
8395	1
8396	1
8397	2
8398	2
8399	4
8400	6
8401	0
8402	3
8403	1
8404	1
8405	2
8406	3
8407	2
8408	0
8409	2
8410	3
8411	2
8412	2
8413	3
8414	1
8415	2
8416	2
8417	2
8418	3
8419	4
8420	4
8421	2
8422	1
8423	3
8424	3
8425	0
8426	0
8427	0
8428	0
8429	2
8430	2
8431	3
8432	1
8433	1
8434	3
8435	0
8436	0
8437	6
8438	2
8439	3
8440	1
8441	2
8442	2
8443	0
8444	1
8445	4
8446	0
8447	1
8448	0
8449	1
8450	1
8451	0
8452	0
8453	1
8454	6
8455	3
8456	0
8457	1
8458	1
8459	1
8460	4
8461	1
8462	2
8463	2
8464	2
8465	0
8466	0
8467	0
8468	2
8469	1
8470	1
8471	1
8472	4
8473	2
8474	0
8475	1
8476	1
8477	1
8478	3
8479	4
8480	2
8481	3
8482	0
8483	1
8484	1
8485	0
8486	2
8487	4
8488	1
8489	2
8490	1
8491	1
8492	2
8493	2
8494	1
8495	3
8496	1
8497	4
8498	2
8499	1
8500	6
8501	1
8502	1
8503	1
8504	2
8505	0
8506	9
8507	1
8508	3
8509	3
8510	1
8511	1
8512	1
8513	0
8514	1
8515	1
8516	2
8517	2
8518	0
8519	2
8520	2
8521	0
8522	1
8523	4
8524	2
8525	4
8526	2
8527	1
8528	2
8529	2
8530	4
8531	1
8532	0
8533	3
8534	2
8535	0
8536	3
8537	3
8538	0
8539	2
8540	3
8541	3
8542	0
8543	2
8544	5
8545	1
8546	9
8547	2
8548	0
8549	1
8550	3
8551	2
8552	1
8553	5
8554	4
8555	0
8556	4
8557	1
8558	2
8559	2
8560	0
8561	0
8562	4
8563	2
8564	2
8565	3
8566	0
8567	0
8568	1
8569	0
8570	2
8571	0
8572	4
8573	0
8574	1
8575	3
8576	3
8577	0
8578	0
8579	3
8580	4
8581	0
8582	1
8583	4
8584	2
8585	5
8586	2
8587	2
8588	2
8589	4
8590	2
8591	1
8592	4
8593	2
8594	3
8595	3
8596	1
8597	2
8598	5
8599	1
8600	2
8601	4
8602	3
8603	2
8604	1
8605	1
8606	5
8607	2
8608	5
8609	2
8610	1
8611	2
8612	3
8613	2
8614	1
8615	1
8616	2
8617	0
8618	2
8619	4
8620	2
8621	4
8622	2
8623	1
8624	0
8625	1
8626	1
8627	2
8628	2
8629	6
8630	0
8631	1
8632	1
8633	1
8634	3
8635	2
8636	1
8637	1
8638	3
8639	3
8640	3
8641	1
8642	1
8643	1
8644	2
8645	0
8646	1
8647	2
8648	2
8649	3
8650	2
8651	2
8652	0
8653	3
8654	0
8655	0
8656	2
8657	2
8658	1
8659	1
8660	0
8661	2
8662	1
8663	0
8664	3
8665	0
8666	1
8667	2
8668	2
8669	2
8670	2
8671	2
8672	2
8673	1
8674	2
8675	1
8676	2
8677	1
8678	1
8679	0
8680	2
8681	3
8682	1
8683	0
8684	3
8685	1
8686	2
8687	2
8688	3
8689	3
8690	0
8691	3
8692	4
8693	1
8694	1
8695	0
8696	0
8697	1
8698	1
8699	2
8700	1
8701	0
8702	3
8703	0
8704	1
8705	2
8706	0
8707	1
8708	1
8709	1
8710	2
8711	0
8712	1
8713	3
8714	1
8715	0
8716	0
8717	2
8718	1
8719	4
8720	0
8721	2
8722	5
8723	0
8724	0
8725	3
8726	0
8727	1
8728	2
8729	0
8730	1
8731	0
8732	1
8733	3
8734	4
8735	1
8736	0
8737	1
8738	2
8739	4
8740	0
8741	0
8742	2
8743	3
8744	3
8745	0
8746	3
8747	3
8748	1
8749	2
8750	1
8751	3
8752	1
8753	1
8754	1
8755	2
8756	0
8757	2
8758	3
8759	3
8760	0
8761	1
8762	5
8763	2
8764	2
8765	0
8766	1
8767	3
8768	0
8769	2
8770	5
8771	2
8772	1
8773	2
8774	0
8775	2
8776	1
8777	3
8778	3
8779	3
8780	2
8781	3
8782	4
8783	0
8784	3
8785	2
8786	1
8787	0
8788	3
8789	0
8790	1
8791	5
8792	3
8793	1
8794	0
8795	1
8796	3
8797	0
8798	2
8799	2
8800	0
8801	1
8802	3
8803	1
8804	0
8805	4
8806	3
8807	2
8808	4
8809	0
8810	1
8811	0
8812	2
8813	1
8814	3
8815	1
8816	1
8817	2
8818	3
8819	2
8820	1
8821	1
8822	2
8823	3
8824	1
8825	0
8826	3
8827	3
8828	2
8829	1
8830	2
8831	4
8832	3
8833	2
8834	2
8835	1
8836	1
8837	2
8838	2
8839	2
8840	0
8841	0
8842	1
8843	3
8844	0
8845	2
8846	1
8847	1
8848	0
8849	1
8850	2
8851	0
8852	0
8853	1
8854	2
8855	0
8856	2
8857	0
8858	1
8859	3
8860	2
8861	2
8862	2
8863	2
8864	2
8865	2
8866	1
8867	1
8868	2
8869	1
8870	0
8871	1
8872	0
8873	0
8874	1
8875	1
8876	0
8877	0
8878	1
8879	1
8880	2
8881	1
8882	0
8883	3
8884	2
8885	2
8886	1
8887	1
8888	0
8889	1
8890	3
8891	0
8892	1
8893	2
8894	1
8895	1
8896	2
8897	3
8898	0
8899	2
8900	1
8901	1
8902	1
8903	1
8904	0
8905	0
8906	0
8907	0
8908	1
8909	1
8910	1
8911	1
8912	1
8913	1
8914	2
8915	1
8916	3
8917	1
8918	0
8919	1
8920	1
8921	0
8922	2
8923	3
8924	1
8925	1
8926	0
8927	1
8928	3
8929	1
8930	2
8931	2
8932	0
8933	2
8934	4
8935	3
8936	0
8937	3
8938	1
8939	0
8940	5
8941	1
8942	1
8943	3
8944	1
8945	1
8946	2
8947	2
8948	3
8949	1
8950	2
8951	2
8952	2
8953	3
8954	0
8955	1
8956	2
8957	1
8958	1
8959	1
8960	2
8961	1
8962	4
8963	2
8964	2
8965	3
8966	0
8967	2
8968	1
8969	1
8970	1
8971	0
8972	5
8973	2
8974	5
8975	3
8976	1
8977	5
8978	0
8979	1
8980	2
8981	1
8982	1
8983	1
8984	2
8985	0
8986	3
8987	2
8988	1
8989	0
8990	3
8991	1
8992	3
8993	0
8994	4
8995	1
8996	3
8997	0
8998	3
8999	1
9000	1
9001	0
9002	1
9003	0
9004	1
9005	1
9006	2
9007	1
9008	2
9009	3
9010	2
9011	1
9012	2
9013	1
9014	0
9015	0
9016	2
9017	2
9018	1
9019	3
9020	2
9021	1
9022	0
9023	1
9024	3
9025	0
9026	2
9027	2
9028	1
9029	0
9030	0
9031	2
9032	0
9033	2
9034	1
9035	0
9036	0
9037	3
9038	2
9039	0
9040	1
9041	2
9042	3
9043	1
9044	0
9045	0
9046	3
9047	1
9048	1
9049	1
9050	1
9051	1
9052	3
9053	2
9054	1
9055	0
9056	0
9057	1
9058	0
9059	1
9060	1
9061	3
9062	3
9063	1
9064	1
9065	0
9066	0
9067	2
9068	1
9069	2
9070	0
9071	1
9072	0
9073	1
9074	2
9075	1
9076	2
9077	0
9078	0
9079	0
9080	3
9081	2
9082	0
9083	1
9084	1
9085	3
9086	0
9087	2
9088	3
9089	3
9090	2
9091	1
9092	1
9093	0
9094	1
9095	1
9096	0
9097	1
9098	2
9099	1
9100	1
9101	1
9102	0
9103	0
9104	4
9105	3
9106	1
9107	1
9108	2
9109	1
9110	0
9111	0
9112	3
9113	1
9114	1
9115	1
9116	4
9117	2
9118	0
9119	1
9120	1
9121	3
9122	0
9123	2
9124	2
9125	0
9126	0
9127	3
9128	0
9129	0
9130	0
9131	2
9132	1
9133	3
9134	1
9135	2
9136	0
9137	1
9138	0
9139	1
9140	0
9141	0
9142	0
9143	1
9144	2
9145	2
9146	0
9147	2
9148	0
9149	1
9150	1
9151	1
9152	0
9153	1
9154	1
9155	1
9156	4
9157	2
9158	1
9159	0
9160	3
9161	3
9162	1
9163	0
9164	0
9165	2
9166	0
9167	1
9168	2
9169	0
9170	0
9171	2
9172	0
9173	2
9174	0
9175	1
9176	3
9177	0
9178	1
9179	0
9180	0
9181	0
9182	1
9183	0
9184	1
9185	0
9186	1
9187	0
9188	0
9189	0
9190	0
9191	1
9192	2
9193	5
9194	0
9195	1
9196	2
9197	2
9198	0
9199	3
9200	1
9201	1
9202	2
9203	1
9204	0
9205	1
9206	5
9207	0
9208	1
9209	2
9210	0
9211	0
9212	2
9213	0
9214	1
9215	1
9216	1
9217	0
9218	0
9219	1
9220	2
9221	2
9222	0
9223	1
9224	2
9225	0
9226	1
9227	0
9228	2
9229	0
9230	1
9231	1
9232	0
9233	3
9234	2
9235	0
9236	3
9237	1
9238	2
9239	1
9240	0
9241	1
9242	1
9243	2
9244	2
9245	1
9246	0
9247	1
9248	1
9249	0
9250	0
9251	0
9252	1
9253	2
9254	1
9255	0
9256	1
9257	0
9258	1
9259	1
9260	2
9261	1
9262	2
9263	1
9264	0
9265	0
9266	1
9267	1
9268	1
9269	1
9270	2
9271	1
9272	1
9273	0
9274	3
9275	1
9276	0
9277	1
9278	0
9279	0
9280	0
9281	3
9282	2
9283	7
9284	0
9285	2
9286	1
9287	2
9288	2
9289	1
9290	2
9291	0
9292	3
9293	1
9294	2
9295	0
9296	2
9297	0
9298	4
9299	0
9300	2
9301	1
9302	0
9303	1
9304	1
9305	1
9306	1
9307	2
9308	4
9309	2
9310	1
9311	3
9312	0
9313	2
9314	0
9315	1
9316	0
9317	2
9318	2
9319	0
9320	1
9321	0
9322	0
9323	1
9324	0
9325	0
9326	1
9327	0
9328	2
9329	1
9330	0
9331	2
9332	0
9333	0
9334	1
9335	0
9336	1
9337	0
9338	0
9339	2
9340	2
9341	1
9342	1
9343	0
9344	0
9345	0
9346	3
9347	2
9348	2
9349	0
9350	2
9351	0
9352	0
9353	0
9354	0
9355	1
9356	0
9357	2
9358	1
9359	1
9360	0
9361	1
9362	2
9363	2
9364	1
9365	3
9366	0
9367	1
9368	1
9369	2
9370	0
9371	3
9372	2
9373	0
9374	1
9375	0
9376	0
9377	2
9378	2
9379	0
9380	3
9381	1
9382	1
9383	1
9384	0
9385	2
9386	0
9387	3
9388	1
9389	3
9390	1
9391	0
9392	0
9393	0
9394	0
9395	2
9396	0
9397	0
9398	0
9399	1
9400	1
9401	2
9402	0
9403	1
9404	0
9405	1
9406	0
9407	0
9408	1
9409	0
9410	2
9411	1
9412	0
9413	2
9414	0
9415	1
9416	0
9417	0
9418	0
9419	1
9420	1
9421	0
9422	2
9423	0
9424	0
9425	2
9426	0
9427	0
9428	1
9429	2
9430	0
9431	0
9432	2
9433	3
9434	2
9435	0
9436	1
9437	1
9438	0
9439	2
9440	0
9441	1
9442	0
9443	1
9444	1
9445	0
9446	0
9447	1
9448	1
9449	0
9450	2
9451	0
9452	3
9453	0
9454	1
9455	2
9456	1
9457	2
9458	1
9459	1
9460	0
9461	1
9462	1
9463	0
9464	2
9465	1
9466	0
9467	0
9468	0
9469	1
9470	0
9471	0
9472	0
9473	1
9474	1
9475	0
9476	0
9477	1
9478	0
9479	2
9480	0
9481	1
9482	0
9483	2
9484	1
9485	1
9486	1
9487	0
9488	1
9489	0
9490	2
9491	1
9492	0
9493	0
9494	0
9495	0
9496	0
9497	0
9498	2
9499	1
9500	1
9501	0
9502	1
9503	1
9504	0
9505	1
9506	2
9507	0
9508	0
9509	1
9510	2
9511	1
9512	1
9513	1
9514	0
9515	0
9516	2
9517	1
9518	0
9519	0
9520	0
9521	0
9522	2
9523	0
9524	0
9525	1
9526	1
9527	0
9528	0
9529	1
9530	1
9531	0
9532	1
9533	1
9534	0
9535	1
9536	1
9537	1
9538	2
9539	1
9540	0
9541	1
9542	1
9543	0
9544	1
9545	1
9546	1
9547	0
9548	2
9549	0
9550	1
9551	2
9552	1
9553	0
9554	0
9555	0
9556	1
9557	1
9558	0
9559	2
9560	0
9561	2
9562	1
9563	0
9564	2
9565	1
9566	0
9567	2
9568	1
9569	0
9570	0
9571	0
9572	1
9573	1
9574	4
9575	2
9576	1
9577	0
9578	0
9579	0
9580	1
9581	0
9582	0
9583	0
9584	0
9585	1
9586	1
9587	0
9588	0
9589	0
9590	3
9591	0
9592	1
9593	0
9594	1
9595	3
9596	2
9597	1
9598	0
9599	1
9600	3
9601	0
9602	1
9603	0
9604	0
9605	0
9606	2
9607	2
9608	0
9609	1
9610	3
9611	0
9612	3
9613	0
9614	0
9615	1
9616	0
9617	1
9618	2
9619	1
9620	0
9621	0
9622	0
9623	1
9624	1
9625	4
9626	1
9627	0
9628	0
9629	3
9630	0
9631	2
9632	2
9633	1
9634	2
9635	1
9636	1
9637	2
9638	2
9639	1
9640	1
9641	1
9642	0
9643	1
9644	0
9645	0
9646	0
9647	0
9648	0
9649	2
9650	0
9651	1
9652	2
9653	0
9654	1
9655	1
9656	0
9657	1
9658	1
9659	0
9660	0
9661	2
9662	2
9663	0
9664	1
9665	2
9666	0
9667	0
9668	0
9669	2
9670	1
9671	0
9672	0
9673	1
9674	0
9675	1
9676	1
9677	1
9678	1
9679	1
9680	1
9681	0
9682	1
9683	0
9684	0
9685	1
9686	2
9687	2
9688	0
9689	0
9690	1
9691	2
9692	0
9693	1
9694	1
9695	0
9696	0
9697	0
9698	0
9699	1
9700	1
9701	1
9702	1
9703	0
9704	0
9705	0
9706	0
9707	1
9708	1
9709	0
9710	1
9711	0
9712	3
9713	0
9714	3
9715	1
9716	2
9717	1
9718	2
9719	1
9720	1
9721	1
9722	0
9723	1
9724	1
9725	0
9726	0
9727	0
9728	2
9729	4
9730	0
9731	1
9732	1
9733	1
9734	1
9735	1
9736	3
9737	0
9738	3
9739	1
9740	1
9741	0
9742	2
9743	1
9744	1
9745	1
9746	2
9747	1
9748	2
9749	0
9750	1
9751	1
9752	1
9753	2
9754	1
9755	1
9756	1
9757	3
9758	1
9759	0
9760	3
9761	0
9762	1
9763	0
9764	0
9765	0
9766	2
9767	3
9768	3
9769	0
9770	0
9771	2
9772	0
9773	0
9774	0
9775	1
9776	0
9777	1
9778	2
9779	2
9780	2
9781	0
9782	2
9783	2
9784	0
9785	0
9786	1
9787	1
9788	2
9789	2
9790	0
9791	2
9792	1
9793	1
9794	1
9795	0
9796	1
9797	1
9798	1
9799	1
9800	1
9801	0
9802	0
9803	0
9804	2
9805	0
9806	1
9807	0
9808	0
9809	0
9810	1
9811	0
9812	2
9813	0
9814	2
9815	1
9816	0
9817	1
9818	1
9819	1
9820	3
9821	1
9822	0
9823	2
9824	0
9825	2
9826	1
9827	3
9828	0
9829	2
9830	1
9831	0
9832	2
9833	0
9834	1
9835	0
9836	1
9837	2
9838	0
9839	1
9840	0
9841	1
9842	1
9843	1
9844	0
9845	1
9846	1
9847	0
9848	1
9849	0
9850	1
9851	2
9852	1
9853	1
9854	2
9855	0
9856	2
9857	0
9858	1
9859	1
9860	0
9861	0
9862	2
9863	1
9864	1
9865	0
9866	2
9867	1
9868	0
9869	1
9870	2
9871	2
9872	1
9873	1
9874	2
9875	1
9876	0
9877	0
9878	1
9879	0
9880	1
9881	2
9882	0
9883	0
9884	0
9885	1
9886	0
9887	1
9888	0
9889	2
9890	2
9891	0
9892	0
9893	1
9894	1
9895	0
9896	0
9897	0
9898	0
9899	0
9900	2
9901	1
9902	0
9903	0
9904	1
9905	3
9906	0
9907	0
9908	1
9909	0
9910	0
9911	1
9912	0
9913	0
9914	0
9915	0
9916	0
9917	0
9918	2
9919	2
9920	0
9921	1
9922	2
9923	0
9924	2
9925	1
9926	1
9927	0
9928	0
9929	0
9930	0
9931	1
9932	0
9933	0
9934	0
9935	1
9936	0
9937	0
9938	0
9939	1
9940	3
9941	1
9942	2
9943	1
9944	0
9945	1
9946	2
9947	0
9948	2
9949	0
9950	1
9951	1
9952	2
9953	1
9954	2
9955	1
9956	0
9957	0
9958	1
9959	1
9960	0
9961	1
9962	0
9963	1
9964	1
9965	2
9966	1
9967	0
9968	0
9969	4
9970	0
9971	2
9972	2
9973	1
9974	0
9975	0
9976	0
9977	0
9978	0
9979	0
9980	1
9981	0
9982	2
9983	1
9984	1
9985	1
9986	0
9987	0
9988	2
9989	0
9990	1
9991	1
9992	0
9993	1
9994	3
9995	2
9996	2
9997	2
9998	2
9999	2
10000	0
