1	395431564
2	9730761
3	2732023
4	1536348
5	1151176
6	1342638
7	1825737
8	2565746
9	3462598
10	4408130
11	5286291
12	5992773
13	6439364
14	6621714
15	6574509
16	6364412
17	6073007
18	5798653
19	5613934
20	5549112
21	5596794
22	5729957
23	5916077
24	6086922
25	6224675
26	6278171
27	6203952
28	6017386
29	5715298
30	5320479
31	4854786
32	4334236
33	3793444
34	3257341
35	2745369
36	2279690
37	1857187
38	1488555
39	1176301
40	917621
41	704812
42	537499
43	405270
44	305381
45	229223
46	172520
47	132089
48	103284
49	83713
50	69099
51	58312
52	51091
53	46175
54	42016
55	39294
56	37224
57	35345
58	33757
59	32121
60	31591
61	29868
62	28636
63	27447
64	26118
65	24685
66	23853
67	22140
68	21659
69	20634
70	19531
71	18824
72	17847
73	17139
74	15775
75	15015
76	14417
77	14102
78	13527
79	13162
80	12551
81	12091
82	11783
83	11158
84	11160
85	10800
86	10616
87	10426
88	10008
89	9775
90	9677
91	9486
92	9407
93	9070
94	8990
95	8688
96	8315
97	8166
98	7627
99	7831
100	7492
101	7431
102	7069
103	6972
104	6885
105	6603
106	6401
107	6511
108	6269
109	6023
110	5835
111	5963
112	5525
113	5610
114	5338
115	5216
116	4930
117	4932
118	4815
119	4753
120	4724
121	4623
122	4563
123	4438
124	4507
125	4352
126	4415
127	4108
128	4038
129	3842
130	3949
131	3866
132	3837
133	3740
134	3570
135	3592
136	3373
137	3413
138	3295
139	3218
140	3018
141	3040
142	3246
143	3007
144	2955
145	2851
146	2857
147	2779
148	2847
149	2712
150	2826
151	2719
152	2755
153	2472
154	2633
155	2622
156	2621
157	2592
158	2549
159	2371
160	2455
161	2338
162	2353
163	2375
164	2235
165	2336
166	2235
167	2248
168	2168
169	2155
170	2020
171	2075
172	2028
173	2036
174	2001
175	2035
176	1910
177	1993
178	1870
179	1859
180	1792
181	1732
182	1741
183	1745
184	1757
185	1705
186	1675
187	1667
188	1653
189	1703
190	1609
191	1628
192	1505
193	1504
194	1528
195	1458
196	1503
197	1483
198	1503
199	1502
200	1506
201	1423
202	1362
203	1382
204	1329
205	1373
206	1351
207	1362
208	1336
209	1267
210	1235
211	1237
212	1259
213	1325
214	1236
215	1199
216	1180
217	1249
218	1229
219	1155
220	1198
221	1208
222	1152
223	1181
224	1149
225	1190
226	1148
227	1186
228	1176
229	1213
230	1199
231	1173
232	1198
233	1090
234	1132
235	1092
236	1088
237	1010
238	1027
239	1053
240	1015
241	1021
242	966
243	984
244	945
245	983
246	1013
247	1028
248	966
249	962
250	1026
251	991
252	959
253	983
254	990
255	961
256	958
257	933
258	858
259	900
260	875
261	905
262	895
263	884
264	856
265	746
266	794
267	759
268	760
269	790
270	774
271	758
272	744
273	766
274	804
275	794
276	745
277	733
278	748
279	739
280	743
281	753
282	741
283	742
284	730
285	737
286	774
287	698
288	717
289	701
290	658
291	640
292	633
293	646
294	649
295	687
296	665
297	645
298	676
299	641
300	661
301	622
302	603
303	609
304	591
305	565
306	603
307	587
308	571
309	560
310	538
311	588
312	605
313	506
314	539
315	515
316	493
317	533
318	514
319	496
320	501
321	496
322	543
323	565
324	518
325	592
326	561
327	589
328	574
329	586
330	530
331	510
332	487
333	489
334	505
335	489
336	514
337	494
338	505
339	559
340	511
341	541
342	560
343	550
344	528
345	493
346	501
347	477
348	523
349	470
350	489
351	500
352	489
353	447
354	479
355	516
356	496
357	492
358	491
359	523
360	505
361	506
362	525
363	519
364	505
365	536
366	463
367	510
368	469
369	475
370	459
371	486
372	511
373	444
374	467
375	494
376	450
377	469
378	413
379	490
380	487
381	482
382	488
383	483
384	472
385	490
386	465
387	440
388	435
389	391
390	445
391	438
392	436
393	460
394	413
395	433
396	413
397	434
398	431
399	421
400	406
401	403
402	454
403	405
404	406
405	401
406	379
407	386
408	399
409	391
410	385
411	439
412	382
413	379
414	380
415	338
416	388
417	378
418	343
419	364
420	362
421	369
422	372
423	401
424	381
425	367
426	321
427	346
428	351
429	313
430	318
431	344
432	321
433	343
434	354
435	356
436	355
437	346
438	335
439	270
440	328
441	289
442	285
443	273
444	296
445	297
446	291
447	232
448	297
449	274
450	308
451	297
452	288
453	256
454	267
455	243
456	258
457	284
458	243
459	248
460	218
461	220
462	250
463	232
464	255
465	212
466	216
467	207
468	223
469	211
470	225
471	225
472	218
473	256
474	220
475	252
476	236
477	200
478	248
479	195
480	213
481	229
482	208
483	191
484	192
485	217
486	200
487	220
488	223
489	220
490	220
491	214
492	221
493	195
494	219
495	205
496	217
497	173
498	205
499	213
500	219
501	233
502	213
503	193
504	221
505	231
506	180
507	200
508	219
509	175
510	202
511	189
512	190
513	229
514	193
515	190
516	199
517	194
518	192
519	184
520	189
521	182
522	174
523	171
524	186
525	177
526	187
527	194
528	163
529	193
530	176
531	191
532	186
533	155
534	173
535	177
536	169
537	162
538	166
539	172
540	188
541	180
542	179
543	165
544	166
545	223
546	194
547	158
548	168
549	178
550	176
551	166
552	160
553	165
554	156
555	167
556	173
557	156
558	167
559	147
560	144
561	171
562	156
563	120
564	156
565	150
566	137
567	147
568	145
569	133
570	129
571	160
572	163
573	126
574	132
575	131
576	121
577	136
578	154
579	137
580	138
581	137
582	152
583	121
584	141
585	158
586	137
587	156
588	163
589	140
590	139
591	136
592	136
593	152
594	132
595	138
596	139
597	128
598	136
599	121
600	138
601	139
602	127
603	146
604	128
605	129
606	122
607	138
608	126
609	145
610	139
611	133
612	123
613	141
614	126
615	124
616	114
617	128
618	109
619	116
620	116
621	120
622	134
623	114
624	110
625	118
626	141
627	100
628	85
629	126
630	108
631	105
632	114
633	111
634	120
635	110
636	133
637	119
638	100
639	135
640	117
641	124
642	125
643	127
644	127
645	116
646	105
647	126
648	101
649	106
650	115
651	83
652	121
653	133
654	105
655	120
656	115
657	144
658	134
659	128
660	113
661	123
662	124
663	108
664	96
665	88
666	117
667	118
668	105
669	127
670	97
671	119
672	94
673	147
674	123
675	136
676	97
677	113
678	106
679	100
680	107
681	101
682	118
683	117
684	107
685	106
686	97
687	98
688	111
689	84
690	97
691	105
692	103
693	105
694	103
695	102
696	105
697	110
698	96
699	114
700	107
701	104
702	87
703	99
704	92
705	111
706	97
707	98
708	79
709	95
710	106
711	90
712	95
713	114
714	90
715	103
716	104
717	85
718	119
719	92
720	109
721	93
722	94
723	91
724	111
725	87
726	99
727	94
728	94
729	82
730	85
731	108
732	99
733	97
734	104
735	95
736	93
737	103
738	89
739	100
740	106
741	97
742	85
743	78
744	87
745	97
746	91
747	97
748	107
749	104
750	79
751	102
752	88
753	95
754	103
755	95
756	82
757	102
758	85
759	79
760	74
761	86
762	104
763	80
764	82
765	93
766	97
767	80
768	81
769	81
770	76
771	80
772	76
773	79
774	85
775	76
776	70
777	84
778	100
779	100
780	71
781	101
782	83
783	76
784	74
785	77
786	81
787	84
788	81
789	74
790	87
791	96
792	74
793	80
794	82
795	75
796	66
797	83
798	76
799	73
800	86
801	79
802	93
803	91
804	87
805	82
806	80
807	78
808	78
809	91
810	84
811	101
812	87
813	97
814	86
815	80
816	69
817	92
818	68
819	83
820	101
821	77
822	81
823	86
824	76
825	79
826	82
827	86
828	70
829	82
830	59
831	87
832	66
833	67
834	72
835	63
836	59
837	83
838	61
839	55
840	86
841	67
842	88
843	64
844	63
845	77
846	77
847	65
848	57
849	77
850	67
851	66
852	74
853	63
854	74
855	65
856	60
857	72
858	65
859	79
860	69
861	68
862	57
863	65
864	52
865	62
866	63
867	58
868	56
869	68
870	60
871	67
872	75
873	68
874	67
875	66
876	52
877	65
878	83
879	70
880	84
881	67
882	71
883	55
884	92
885	70
886	64
887	62
888	67
889	58
890	70
891	86
892	68
893	77
894	65
895	85
896	71
897	69
898	67
899	67
900	72
901	60
902	71
903	69
904	74
905	74
906	80
907	87
908	83
909	72
910	72
911	55
912	52
913	61
914	74
915	65
916	64
917	72
918	51
919	61
920	51
921	65
922	73
923	82
924	70
925	61
926	66
927	65
928	52
929	71
930	65
931	66
932	72
933	72
934	70
935	74
936	64
937	66
938	65
939	59
940	62
941	79
942	61
943	71
944	68
945	57
946	81
947	78
948	66
949	75
950	76
951	82
952	60
953	56
954	76
955	65
956	75
957	81
958	65
959	73
960	65
961	73
962	68
963	75
964	66
965	56
966	63
967	52
968	71
969	56
970	66
971	64
972	59
973	77
974	69
975	60
976	63
977	71
978	60
979	58
980	60
981	50
982	84
983	44
984	58
985	58
986	64
987	53
988	64
989	49
990	47
991	52
992	63
993	56
994	52
995	62
996	56
997	71
998	59
999	70
1000	53
1001	74
1002	61
1003	48
1004	65
1005	63
1006	60
1007	67
1008	58
1009	59
1010	55
1011	70
1012	59
1013	45
1014	57
1015	53
1016	70
1017	65
1018	53
1019	69
1020	58
1021	52
1022	49
1023	55
1024	56
1025	73
1026	49
1027	66
1028	42
1029	50
1030	63
1031	52
1032	46
1033	61
1034	51
1035	75
1036	61
1037	57
1038	63
1039	61
1040	64
1041	65
1042	57
1043	49
1044	54
1045	54
1046	52
1047	53
1048	55
1049	57
1050	41
1051	61
1052	68
1053	63
1054	57
1055	64
1056	49
1057	58
1058	49
1059	53
1060	44
1061	60
1062	63
1063	59
1064	49
1065	51
1066	62
1067	48
1068	55
1069	56
1070	55
1071	50
1072	46
1073	73
1074	49
1075	56
1076	56
1077	57
1078	62
1079	65
1080	60
1081	49
1082	59
1083	51
1084	60
1085	61
1086	55
1087	51
1088	54
1089	55
1090	54
1091	58
1092	57
1093	54
1094	45
1095	44
1096	60
1097	53
1098	52
1099	58
1100	47
1101	44
1102	57
1103	52
1104	41
1105	51
1106	51
1107	53
1108	47
1109	39
1110	53
1111	37
1112	52
1113	36
1114	45
1115	41
1116	61
1117	47
1118	53
1119	49
1120	52
1121	45
1122	52
1123	41
1124	59
1125	51
1126	62
1127	53
1128	48
1129	51
1130	40
1131	64
1132	57
1133	63
1134	56
1135	62
1136	56
1137	55
1138	49
1139	43
1140	48
1141	53
1142	47
1143	49
1144	65
1145	55
1146	41
1147	45
1148	43
1149	54
1150	41
1151	38
1152	39
1153	44
1154	39
1155	43
1156	43
1157	53
1158	48
1159	44
1160	42
1161	46
1162	51
1163	48
1164	45
1165	45
1166	44
1167	51
1168	44
1169	48
1170	62
1171	52
1172	39
1173	39
1174	50
1175	52
1176	48
1177	40
1178	42
1179	61
1180	42
1181	61
1182	33
1183	47
1184	53
1185	42
1186	50
1187	38
1188	39
1189	51
1190	50
1191	47
1192	60
1193	45
1194	46
1195	53
1196	47
1197	41
1198	46
1199	46
1200	42
1201	34
1202	43
1203	43
1204	48
1205	55
1206	40
1207	32
1208	48
1209	48
1210	54
1211	64
1212	43
1213	53
1214	58
1215	45
1216	52
1217	40
1218	59
1219	59
1220	61
1221	39
1222	55
1223	43
1224	45
1225	50
1226	51
1227	43
1228	42
1229	50
1230	48
1231	51
1232	31
1233	44
1234	51
1235	44
1236	43
1237	44
1238	41
1239	45
1240	52
1241	50
1242	48
1243	49
1244	47
1245	37
1246	53
1247	45
1248	39
1249	44
1250	27
1251	45
1252	40
1253	46
1254	50
1255	46
1256	39
1257	31
1258	44
1259	34
1260	42
1261	37
1262	27
1263	33
1264	44
1265	35
1266	44
1267	38
1268	39
1269	55
1270	40
1271	42
1272	39
1273	54
1274	42
1275	44
1276	50
1277	40
1278	45
1279	47
1280	39
1281	60
1282	45
1283	52
1284	41
1285	42
1286	47
1287	46
1288	39
1289	39
1290	42
1291	43
1292	34
1293	47
1294	44
1295	46
1296	41
1297	50
1298	43
1299	40
1300	43
1301	46
1302	46
1303	53
1304	46
1305	52
1306	53
1307	57
1308	42
1309	41
1310	41
1311	54
1312	34
1313	28
1314	44
1315	47
1316	44
1317	39
1318	42
1319	39
1320	34
1321	31
1322	35
1323	42
1324	32
1325	36
1326	27
1327	41
1328	25
1329	26
1330	32
1331	37
1332	27
1333	35
1334	29
1335	43
1336	30
1337	29
1338	34
1339	31
1340	28
1341	34
1342	47
1343	29
1344	27
1345	33
1346	33
1347	27
1348	33
1349	26
1350	29
1351	34
1352	25
1353	39
1354	33
1355	41
1356	38
1357	31
1358	30
1359	36
1360	39
1361	32
1362	38
1363	25
1364	33
1365	22
1366	41
1367	35
1368	29
1369	29
1370	24
1371	40
1372	31
1373	31
1374	32
1375	21
1376	29
1377	40
1378	21
1379	27
1380	29
1381	27
1382	27
1383	37
1384	34
1385	34
1386	24
1387	22
1388	32
1389	33
1390	29
1391	29
1392	30
1393	38
1394	15
1395	27
1396	29
1397	26
1398	28
1399	27
1400	27
1401	35
1402	32
1403	30
1404	32
1405	25
1406	34
1407	19
1408	21
1409	32
1410	40
1411	29
1412	29
1413	24
1414	25
1415	27
1416	27
1417	14
1418	23
1419	27
1420	19
1421	22
1422	33
1423	24
1424	21
1425	19
1426	18
1427	33
1428	25
1429	25
1430	28
1431	31
1432	30
1433	33
1434	32
1435	35
1436	26
1437	22
1438	32
1439	28
1440	26
1441	22
1442	30
1443	23
1444	28
1445	25
1446	31
1447	23
1448	27
1449	34
1450	25
1451	35
1452	35
1453	20
1454	29
1455	34
1456	27
1457	34
1458	29
1459	27
1460	25
1461	31
1462	23
1463	31
1464	25
1465	30
1466	16
1467	25
1468	30
1469	26
1470	21
1471	30
1472	26
1473	17
1474	23
1475	25
1476	24
1477	24
1478	20
1479	26
1480	29
1481	20
1482	24
1483	23
1484	20
1485	22
1486	21
1487	25
1488	35
1489	24
1490	23
1491	28
1492	30
1493	23
1494	23
1495	32
1496	31
1497	30
1498	29
1499	18
1500	34
1501	26
1502	26
1503	33
1504	23
1505	32
1506	26
1507	37
1508	23
1509	21
1510	30
1511	23
1512	26
1513	28
1514	17
1515	26
1516	27
1517	34
1518	26
1519	29
1520	23
1521	21
1522	30
1523	36
1524	31
1525	41
1526	34
1527	19
1528	26
1529	44
1530	27
1531	28
1532	30
1533	21
1534	28
1535	35
1536	35
1537	36
1538	38
1539	33
1540	32
1541	42
1542	25
1543	28
1544	27
1545	21
1546	23
1547	30
1548	24
1549	27
1550	25
1551	14
1552	26
1553	20
1554	22
1555	27
1556	27
1557	32
1558	20
1559	21
1560	23
1561	27
1562	23
1563	30
1564	29
1565	16
1566	24
1567	16
1568	26
1569	21
1570	29
1571	21
1572	29
1573	26
1574	26
1575	19
1576	26
1577	27
1578	21
1579	32
1580	22
1581	17
1582	30
1583	26
1584	23
1585	23
1586	16
1587	24
1588	20
1589	18
1590	20
1591	20
1592	24
1593	33
1594	22
1595	18
1596	23
1597	27
1598	14
1599	16
1600	27
1601	20
1602	29
1603	17
1604	22
1605	15
1606	26
1607	18
1608	16
1609	14
1610	20
1611	21
1612	20
1613	15
1614	27
1615	17
1616	21
1617	32
1618	27
1619	22
1620	13
1621	21
1622	23
1623	22
1624	15
1625	29
1626	24
1627	19
1628	28
1629	21
1630	18
1631	23
1632	24
1633	25
1634	15
1635	19
1636	30
1637	24
1638	29
1639	29
1640	23
1641	31
1642	28
1643	22
1644	22
1645	21
1646	27
1647	18
1648	20
1649	22
1650	21
1651	34
1652	18
1653	20
1654	29
1655	11
1656	27
1657	23
1658	22
1659	20
1660	30
1661	26
1662	17
1663	26
1664	18
1665	22
1666	22
1667	23
1668	20
1669	29
1670	17
1671	20
1672	12
1673	19
1674	26
1675	20
1676	22
1677	20
1678	20
1679	25
1680	22
1681	18
1682	15
1683	20
1684	22
1685	12
1686	20
1687	19
1688	11
1689	14
1690	19
1691	19
1692	26
1693	18
1694	21
1695	25
1696	16
1697	21
1698	18
1699	23
1700	16
1701	14
1702	26
1703	18
1704	20
1705	13
1706	14
1707	19
1708	8
1709	21
1710	12
1711	19
1712	24
1713	20
1714	17
1715	14
1716	15
1717	17
1718	21
1719	11
1720	21
1721	16
1722	16
1723	12
1724	19
1725	9
1726	18
1727	16
1728	15
1729	16
1730	15
1731	14
1732	13
1733	21
1734	19
1735	19
1736	16
1737	15
1738	13
1739	15
1740	17
1741	12
1742	16
1743	13
1744	23
1745	19
1746	10
1747	20
1748	13
1749	14
1750	23
1751	18
1752	25
1753	16
1754	15
1755	14
1756	20
1757	11
1758	11
1759	17
1760	13
1761	17
1762	15
1763	15
1764	22
1765	19
1766	16
1767	15
1768	21
1769	14
1770	12
1771	17
1772	11
1773	25
1774	11
1775	21
1776	21
1777	16
1778	13
1779	23
1780	17
1781	21
1782	13
1783	24
1784	16
1785	19
1786	26
1787	27
1788	14
1789	19
1790	14
1791	18
1792	16
1793	20
1794	28
1795	20
1796	17
1797	28
1798	15
1799	13
1800	19
1801	25
1802	19
1803	13
1804	18
1805	19
1806	8
1807	11
1808	16
1809	21
1810	20
1811	19
1812	26
1813	16
1814	10
1815	13
1816	21
1817	20
1818	14
1819	20
1820	20
1821	12
1822	19
1823	24
1824	18
1825	16
1826	17
1827	19
1828	14
1829	17
1830	14
1831	18
1832	17
1833	21
1834	18
1835	15
1836	13
1837	17
1838	14
1839	16
1840	17
1841	23
1842	9
1843	13
1844	11
1845	22
1846	21
1847	28
1848	21
1849	15
1850	11
1851	18
1852	15
1853	19
1854	9
1855	21
1856	13
1857	15
1858	16
1859	22
1860	16
1861	13
1862	16
1863	17
1864	19
1865	9
1866	11
1867	10
1868	9
1869	17
1870	14
1871	18
1872	15
1873	16
1874	13
1875	21
1876	17
1877	14
1878	13
1879	14
1880	20
1881	17
1882	13
1883	20
1884	12
1885	24
1886	27
1887	14
1888	19
1889	15
1890	12
1891	13
1892	13
1893	12
1894	16
1895	18
1896	16
1897	14
1898	17
1899	16
1900	11
1901	16
1902	11
1903	16
1904	13
1905	15
1906	17
1907	13
1908	13
1909	15
1910	16
1911	15
1912	8
1913	20
1914	19
1915	15
1916	11
1917	7
1918	10
1919	20
1920	6
1921	18
1922	10
1923	15
1924	15
1925	15
1926	9
1927	18
1928	10
1929	16
1930	17
1931	16
1932	14
1933	15
1934	16
1935	9
1936	14
1937	14
1938	21
1939	21
1940	24
1941	18
1942	18
1943	14
1944	16
1945	20
1946	22
1947	18
1948	15
1949	17
1950	21
1951	32
1952	19
1953	15
1954	28
1955	13
1956	18
1957	20
1958	11
1959	20
1960	20
1961	19
1962	15
1963	19
1964	14
1965	15
1966	16
1967	15
1968	19
1969	22
1970	19
1971	18
1972	10
1973	16
1974	13
1975	12
1976	13
1977	13
1978	18
1979	11
1980	9
1981	10
1982	19
1983	10
1984	11
1985	15
1986	20
1987	13
1988	19
1989	14
1990	9
1991	13
1992	13
1993	8
1994	10
1995	11
1996	17
1997	10
1998	14
1999	12
2000	10
2001	12
2002	16
2003	10
2004	7
2005	16
2006	11
2007	12
2008	14
2009	11
2010	15
2011	18
2012	11
2013	18
2014	15
2015	14
2016	17
2017	17
2018	15
2019	15
2020	11
2021	15
2022	18
2023	10
2024	19
2025	18
2026	7
2027	16
2028	16
2029	20
2030	20
2031	21
2032	8
2033	13
2034	10
2035	19
2036	19
2037	17
2038	14
2039	17
2040	14
2041	10
2042	16
2043	22
2044	10
2045	18
2046	14
2047	12
2048	15
2049	11
2050	10
2051	14
2052	15
2053	16
2054	17
2055	12
2056	17
2057	11
2058	21
2059	15
2060	14
2061	21
2062	9
2063	15
2064	15
2065	10
2066	8
2067	14
2068	18
2069	13
2070	11
2071	16
2072	20
2073	15
2074	17
2075	13
2076	21
2077	9
2078	19
2079	15
2080	17
2081	13
2082	12
2083	14
2084	10
2085	14
2086	19
2087	12
2088	14
2089	24
2090	21
2091	17
2092	19
2093	20
2094	13
2095	12
2096	17
2097	20
2098	13
2099	15
2100	16
2101	15
2102	14
2103	20
2104	9
2105	10
2106	13
2107	16
2108	17
2109	17
2110	19
2111	19
2112	20
2113	19
2114	17
2115	11
2116	12
2117	19
2118	22
2119	25
2120	18
2121	18
2122	17
2123	11
2124	17
2125	14
2126	18
2127	18
2128	19
2129	16
2130	28
2131	16
2132	10
2133	9
2134	21
2135	18
2136	11
2137	23
2138	21
2139	12
2140	17
2141	17
2142	11
2143	21
2144	15
2145	19
2146	18
2147	14
2148	22
2149	12
2150	24
2151	13
2152	13
2153	23
2154	15
2155	16
2156	12
2157	13
2158	10
2159	21
2160	23
2161	13
2162	22
2163	29
2164	19
2165	18
2166	22
2167	21
2168	9
2169	14
2170	22
2171	14
2172	17
2173	19
2174	27
2175	15
2176	13
2177	19
2178	10
2179	17
2180	13
2181	27
2182	18
2183	31
2184	21
2185	17
2186	14
2187	14
2188	19
2189	21
2190	16
2191	19
2192	26
2193	13
2194	18
2195	16
2196	12
2197	17
2198	20
2199	10
2200	19
2201	17
2202	22
2203	18
2204	14
2205	19
2206	21
2207	16
2208	20
2209	8
2210	13
2211	12
2212	15
2213	18
2214	13
2215	12
2216	15
2217	13
2218	11
2219	15
2220	18
2221	15
2222	21
2223	19
2224	9
2225	22
2226	21
2227	17
2228	14
2229	13
2230	10
2231	23
2232	15
2233	15
2234	10
2235	8
2236	11
2237	16
2238	15
2239	15
2240	16
2241	10
2242	7
2243	17
2244	12
2245	17
2246	16
2247	15
2248	7
2249	17
2250	22
2251	12
2252	17
2253	9
2254	20
2255	12
2256	10
2257	22
2258	12
2259	24
2260	16
2261	14
2262	16
2263	14
2264	5
2265	14
2266	14
2267	11
2268	15
2269	18
2270	15
2271	8
2272	18
2273	13
2274	12
2275	16
2276	12
2277	16
2278	16
2279	16
2280	11
2281	14
2282	19
2283	12
2284	19
2285	16
2286	24
2287	17
2288	11
2289	16
2290	12
2291	16
2292	18
2293	11
2294	18
2295	14
2296	14
2297	13
2298	15
2299	20
2300	11
2301	16
2302	22
2303	10
2304	13
2305	15
2306	13
2307	15
2308	16
2309	14
2310	9
2311	16
2312	15
2313	16
2314	11
2315	13
2316	10
2317	11
2318	16
2319	20
2320	12
2321	12
2322	14
2323	10
2324	7
2325	16
2326	11
2327	12
2328	8
2329	12
2330	15
2331	11
2332	11
2333	8
2334	15
2335	8
2336	12
2337	12
2338	15
2339	8
2340	13
2341	14
2342	12
2343	8
2344	15
2345	12
2346	2
2347	13
2348	8
2349	2
2350	11
2351	14
2352	7
2353	8
2354	9
2355	15
2356	16
2357	12
2358	13
2359	14
2360	8
2361	7
2362	19
2363	14
2364	11
2365	16
2366	11
2367	15
2368	12
2369	9
2370	12
2371	15
2372	8
2373	13
2374	10
2375	4
2376	11
2377	12
2378	16
2379	8
2380	6
2381	9
2382	17
2383	14
2384	7
2385	20
2386	9
2387	19
2388	14
2389	15
2390	8
2391	12
2392	10
2393	8
2394	18
2395	12
2396	17
2397	19
2398	19
2399	7
2400	15
2401	14
2402	17
2403	12
2404	12
2405	18
2406	16
2407	12
2408	8
2409	6
2410	14
2411	9
2412	19
2413	9
2414	13
2415	10
2416	11
2417	13
2418	13
2419	17
2420	13
2421	14
2422	9
2423	10
2424	19
2425	16
2426	13
2427	13
2428	7
2429	11
2430	17
2431	15
2432	13
2433	8
2434	16
2435	13
2436	11
2437	13
2438	11
2439	14
2440	6
2441	6
2442	10
2443	16
2444	11
2445	11
2446	9
2447	9
2448	12
2449	7
2450	8
2451	12
2452	21
2453	11
2454	14
2455	10
2456	8
2457	5
2458	11
2459	8
2460	7
2461	12
2462	10
2463	7
2464	7
2465	10
2466	17
2467	15
2468	8
2469	12
2470	7
2471	12
2472	17
2473	8
2474	17
2475	6
2476	10
2477	7
2478	11
2479	10
2480	14
2481	9
2482	12
2483	7
2484	10
2485	8
2486	11
2487	13
2488	13
2489	15
2490	11
2491	12
2492	8
2493	17
2494	17
2495	9
2496	9
2497	11
2498	14
2499	14
2500	14
2501	18
2502	16
2503	10
2504	11
2505	13
2506	14
2507	6
2508	17
2509	10
2510	8
2511	8
2512	14
2513	11
2514	7
2515	8
2516	9
2517	7
2518	13
2519	13
2520	7
2521	12
2522	9
2523	7
2524	8
2525	14
2526	6
2527	17
2528	8
2529	9
2530	9
2531	8
2532	17
2533	8
2534	5
2535	7
2536	12
2537	12
2538	10
2539	8
2540	6
2541	10
2542	8
2543	4
2544	17
2545	13
2546	8
2547	11
2548	13
2549	7
2550	10
2551	11
2552	14
2553	8
2554	14
2555	12
2556	17
2557	9
2558	9
2559	7
2560	13
2561	6
2562	12
2563	9
2564	10
2565	15
2566	10
2567	12
2568	7
2569	8
2570	11
2571	15
2572	13
2573	16
2574	7
2575	17
2576	10
2577	10
2578	15
2579	11
2580	11
2581	15
2582	11
2583	17
2584	15
2585	15
2586	10
2587	17
2588	11
2589	10
2590	11
2591	13
2592	12
2593	13
2594	13
2595	13
2596	8
2597	11
2598	15
2599	11
2600	8
2601	12
2602	11
2603	9
2604	10
2605	8
2606	11
2607	4
2608	12
2609	10
2610	7
2611	9
2612	11
2613	15
2614	11
2615	12
2616	19
2617	8
2618	10
2619	7
2620	13
2621	8
2622	16
2623	12
2624	11
2625	15
2626	13
2627	12
2628	13
2629	11
2630	14
2631	20
2632	14
2633	7
2634	6
2635	14
2636	10
2637	14
2638	9
2639	11
2640	10
2641	14
2642	10
2643	20
2644	12
2645	13
2646	14
2647	13
2648	10
2649	11
2650	14
2651	12
2652	9
2653	14
2654	15
2655	16
2656	11
2657	19
2658	16
2659	13
2660	15
2661	12
2662	9
2663	9
2664	16
2665	13
2666	17
2667	13
2668	13
2669	19
2670	15
2671	13
2672	10
2673	12
2674	17
2675	14
2676	11
2677	19
2678	15
2679	10
2680	10
2681	9
2682	11
2683	19
2684	10
2685	10
2686	14
2687	14
2688	15
2689	19
2690	10
2691	14
2692	5
2693	10
2694	14
2695	12
2696	14
2697	10
2698	7
2699	10
2700	9
2701	14
2702	10
2703	16
2704	14
2705	14
2706	8
2707	10
2708	8
2709	10
2710	13
2711	14
2712	10
2713	11
2714	11
2715	11
2716	10
2717	13
2718	14
2719	15
2720	10
2721	4
2722	10
2723	13
2724	14
2725	10
2726	10
2727	15
2728	14
2729	10
2730	7
2731	11
2732	17
2733	11
2734	9
2735	7
2736	12
2737	12
2738	11
2739	11
2740	9
2741	4
2742	11
2743	9
2744	10
2745	8
2746	7
2747	13
2748	11
2749	7
2750	5
2751	12
2752	11
2753	11
2754	8
2755	13
2756	9
2757	14
2758	11
2759	11
2760	6
2761	12
2762	9
2763	14
2764	12
2765	8
2766	8
2767	12
2768	13
2769	12
2770	7
2771	5
2772	14
2773	11
2774	6
2775	7
2776	7
2777	6
2778	10
2779	6
2780	11
2781	11
2782	6
2783	14
2784	11
2785	10
2786	17
2787	8
2788	9
2789	2
2790	9
2791	12
2792	12
2793	8
2794	8
2795	3
2796	8
2797	13
2798	12
2799	8
2800	4
2801	7
2802	9
2803	8
2804	12
2805	4
2806	5
2807	8
2808	9
2809	16
2810	9
2811	7
2812	12
2813	12
2814	10
2815	9
2816	11
2817	9
2818	12
2819	11
2820	12
2821	7
2822	10
2823	12
2824	10
2825	7
2826	15
2827	6
2828	6
2829	8
2830	9
2831	5
2832	13
2833	8
2834	12
2835	13
2836	10
2837	9
2838	13
2839	8
2840	10
2841	8
2842	7
2843	17
2844	12
2845	10
2846	12
2847	6
2848	10
2849	5
2850	12
2851	5
2852	6
2853	13
2854	17
2855	16
2856	15
2857	9
2858	13
2859	13
2860	8
2861	11
2862	8
2863	11
2864	8
2865	12
2866	11
2867	11
2868	12
2869	12
2870	11
2871	11
2872	11
2873	5
2874	9
2875	16
2876	15
2877	11
2878	13
2879	9
2880	9
2881	23
2882	19
2883	17
2884	10
2885	9
2886	9
2887	12
2888	8
2889	9
2890	10
2891	10
2892	8
2893	13
2894	10
2895	10
2896	8
2897	11
2898	8
2899	21
2900	10
2901	10
2902	12
2903	9
2904	6
2905	8
2906	9
2907	10
2908	10
2909	16
2910	15
2911	6
2912	13
2913	9
2914	12
2915	10
2916	5
2917	7
2918	8
2919	3
2920	6
2921	6
2922	10
2923	10
2924	9
2925	6
2926	9
2927	5
2928	6
2929	10
2930	13
2931	5
2932	6
2933	8
2934	9
2935	10
2936	14
2937	6
2938	4
2939	9
2940	4
2941	10
2942	9
2943	7
2944	9
2945	11
2946	11
2947	9
2948	8
2949	5
2950	8
2951	12
2952	8
2953	6
2954	8
2955	7
2956	7
2957	8
2958	2
2959	7
2960	8
2961	10
2962	8
2963	5
2964	6
2965	10
2966	16
2967	7
2968	10
2969	7
2970	15
2971	9
2972	12
2973	12
2974	8
2975	8
2976	7
2977	11
2978	9
2979	16
2980	15
2981	5
2982	6
2983	5
2984	7
2985	12
2986	8
2987	3
2988	10
2989	10
2990	9
2991	15
2992	8
2993	11
2994	7
2995	10
2996	9
2997	11
2998	10
2999	9
3000	10
3001	9
3002	11
3003	12
3004	12
3005	8
3006	5
3007	8
3008	6
3009	8
3010	10
3011	5
3012	11
3013	3
3014	7
3015	7
3016	10
3017	7
3018	10
3019	10
3020	7
3021	13
3022	9
3023	7
3024	11
3025	9
3026	8
3027	10
3028	9
3029	7
3030	11
3031	5
3032	9
3033	8
3034	11
3035	12
3036	8
3037	9
3038	6
3039	12
3040	11
3041	9
3042	10
3043	10
3044	13
3045	14
3046	10
3047	8
3048	13
3049	12
3050	11
3051	8
3052	14
3053	9
3054	12
3055	11
3056	9
3057	8
3058	10
3059	14
3060	13
3061	14
3062	8
3063	6
3064	8
3065	9
3066	12
3067	10
3068	8
3069	11
3070	14
3071	12
3072	13
3073	9
3074	9
3075	7
3076	14
3077	9
3078	9
3079	11
3080	8
3081	4
3082	12
3083	14
3084	9
3085	15
3086	7
3087	6
3088	11
3089	15
3090	11
3091	13
3092	10
3093	10
3094	11
3095	8
3096	13
3097	8
3098	9
3099	17
3100	7
3101	13
3102	8
3103	12
3104	10
3105	14
3106	8
3107	14
3108	8
3109	12
3110	15
3111	11
3112	15
3113	13
3114	15
3115	10
3116	15
3117	13
3118	17
3119	16
3120	9
3121	13
3122	6
3123	8
3124	12
3125	10
3126	6
3127	11
3128	11
3129	8
3130	7
3131	6
3132	5
3133	10
3134	11
3135	10
3136	12
3137	5
3138	11
3139	10
3140	11
3141	4
3142	7
3143	9
3144	5
3145	10
3146	6
3147	8
3148	11
3149	12
3150	14
3151	13
3152	9
3153	16
3154	11
3155	9
3156	12
3157	8
3158	12
3159	10
3160	9
3161	9
3162	11
3163	9
3164	10
3165	11
3166	13
3167	6
3168	5
3169	10
3170	5
3171	6
3172	9
3173	14
3174	8
3175	8
3176	14
3177	4
3178	6
3179	9
3180	6
3181	5
3182	9
3183	7
3184	8
3185	9
3186	7
3187	8
3188	7
3189	6
3190	6
3191	5
3192	8
3193	7
3194	14
3195	11
3196	13
3197	8
3198	6
3199	9
3200	8
3201	4
3202	10
3203	8
3204	13
3205	11
3206	10
3207	9
3208	12
3209	4
3210	18
3211	8
3212	7
3213	14
3214	8
3215	8
3216	9
3217	8
3218	8
3219	9
3220	13
3221	7
3222	7
3223	8
3224	13
3225	4
3226	7
3227	10
3228	9
3229	14
3230	8
3231	10
3232	10
3233	6
3234	10
3235	10
3236	8
3237	8
3238	11
3239	9
3240	6
3241	11
3242	10
3243	11
3244	10
3245	10
3246	6
3247	10
3248	7
3249	6
3250	9
3251	6
3252	8
3253	10
3254	6
3255	6
3256	12
3257	15
3258	10
3259	9
3260	7
3261	7
3262	9
3263	8
3264	11
3265	8
3266	5
3267	8
3268	10
3269	7
3270	9
3271	5
3272	10
3273	12
3274	4
3275	9
3276	9
3277	11
3278	7
3279	11
3280	5
3281	2
3282	10
3283	12
3284	7
3285	5
3286	8
3287	3
3288	10
3289	9
3290	8
3291	7
3292	5
3293	2
3294	5
3295	9
3296	10
3297	4
3298	1
3299	7
3300	1
3301	7
3302	7
3303	3
3304	8
3305	7
3306	4
3307	5
3308	7
3309	5
3310	7
3311	3
3312	5
3313	2
3314	9
3315	4
3316	2
3317	10
3318	5
3319	6
3320	6
3321	4
3322	10
3323	5
3324	7
3325	13
3326	7
3327	8
3328	5
3329	6
3330	5
3331	3
3332	4
3333	2
3334	6
3335	4
3336	5
3337	8
3338	7
3339	6
3340	4
3341	1
3342	6
3343	9
3344	9
3345	7
3346	6
3347	5
3348	5
3349	7
3350	5
3351	8
3352	6
3353	4
3354	7
3355	7
3356	10
3357	5
3358	4
3359	9
3360	5
3361	12
3362	5
3363	6
3364	6
3365	4
3366	2
3367	7
3368	8
3369	7
3370	8
3371	10
3372	7
3373	7
3374	2
3375	6
3376	11
3377	6
3378	8
3379	7
3380	1
3381	4
3382	2
3383	5
3384	6
3385	5
3386	5
3387	3
3388	8
3389	6
3390	4
3391	5
3392	10
3393	7
3394	9
3395	2
3396	7
3397	5
3398	3
3399	6
3400	10
3401	8
3402	6
3403	7
3404	5
3405	3
3406	7
3407	3
3408	5
3409	6
3410	5
3411	5
3412	6
3413	7
3414	6
3415	5
3416	11
3417	3
3418	6
3419	2
3420	2
3421	3
3422	5
3423	7
3424	5
3425	3
3426	9
3427	6
3428	4
3429	7
3430	3
3431	4
3432	7
3433	4
3434	5
3435	5
3436	7
3437	6
3438	2
3439	7
3440	5
3441	5
3442	4
3443	3
3444	9
3445	3
3446	7
3447	2
3448	3
3449	4
3450	6
3451	6
3452	5
3453	10
3454	5
3455	8
3456	5
3457	5
3458	6
3459	4
3460	6
3461	6
3462	5
3463	6
3464	1
3465	3
3466	5
3467	6
3468	6
3469	2
3470	6
3471	4
3472	3
3473	2
3474	5
3475	3
3476	4
3477	3
3478	5
3479	2
3480	4
3481	4
3482	6
3483	3
3484	4
3485	1
3486	3
3487	6
3488	4
3489	2
3490	6
3491	4
3492	5
3493	5
3494	7
3495	3
3496	5
3497	3
3498	6
3499	5
3500	0
3501	5
3502	5
3503	7
3504	1
3505	2
3506	7
3507	7
3508	6
3509	3
3510	4
3511	4
3512	4
3513	3
3514	4
3515	1
3516	1
3517	1
3518	2
3519	8
3520	4
3521	6
3522	0
3523	3
3524	7
3525	8
3526	5
3527	3
3528	6
3529	9
3530	4
3531	3
3532	7
3533	10
3534	8
3535	8
3536	2
3537	6
3538	4
3539	3
3540	7
3541	2
3542	8
3543	1
3544	3
3545	3
3546	5
3547	2
3548	4
3549	2
3550	4
3551	5
3552	6
3553	5
3554	5
3555	6
3556	3
3557	5
3558	2
3559	5
3560	2
3561	11
3562	1
3563	7
3564	3
3565	3
3566	6
3567	4
3568	4
3569	5
3570	5
3571	2
3572	5
3573	4
3574	8
3575	4
3576	5
3577	3
3578	8
3579	5
3580	6
3581	6
3582	5
3583	2
3584	4
3585	8
3586	4
3587	5
3588	4
3589	4
3590	7
3591	4
3592	5
3593	4
3594	4
3595	7
3596	8
3597	6
3598	8
3599	2
3600	6
3601	5
3602	3
3603	8
3604	5
3605	4
3606	6
3607	5
3608	6
3609	1
3610	7
3611	9
3612	3
3613	7
3614	8
3615	8
3616	6
3617	3
3618	4
3619	9
3620	4
3621	7
3622	5
3623	4
3624	7
3625	3
3626	6
3627	6
3628	3
3629	7
3630	3
3631	4
3632	8
3633	8
3634	7
3635	7
3636	8
3637	8
3638	8
3639	5
3640	6
3641	5
3642	7
3643	2
3644	6
3645	5
3646	8
3647	7
3648	6
3649	5
3650	9
3651	7
3652	11
3653	8
3654	6
3655	5
3656	7
3657	9
3658	7
3659	5
3660	6
3661	5
3662	7
3663	5
3664	4
3665	4
3666	5
3667	4
3668	5
3669	7
3670	5
3671	10
3672	8
3673	9
3674	5
3675	5
3676	8
3677	7
3678	10
3679	7
3680	9
3681	10
3682	2
3683	6
3684	8
3685	7
3686	3
3687	8
3688	12
3689	6
3690	7
3691	11
3692	8
3693	7
3694	6
3695	7
3696	4
3697	6
3698	8
3699	7
3700	5
3701	8
3702	11
3703	10
3704	5
3705	6
3706	11
3707	3
3708	11
3709	6
3710	10
3711	7
3712	8
3713	8
3714	9
3715	10
3716	7
3717	5
3718	9
3719	10
3720	12
3721	11
3722	7
3723	8
3724	10
3725	7
3726	9
3727	9
3728	5
3729	8
3730	8
3731	9
3732	5
3733	7
3734	3
3735	6
3736	5
3737	8
3738	5
3739	6
3740	9
3741	8
3742	4
3743	11
3744	9
3745	5
3746	3
3747	12
3748	5
3749	3
3750	11
3751	8
3752	7
3753	7
3754	10
3755	6
3756	5
3757	10
3758	9
3759	11
3760	4
3761	5
3762	9
3763	10
3764	7
3765	7
3766	12
3767	5
3768	8
3769	6
3770	5
3771	6
3772	11
3773	4
3774	11
3775	7
3776	2
3777	7
3778	9
3779	9
3780	6
3781	9
3782	4
3783	3
3784	8
3785	6
3786	2
3787	10
3788	7
3789	2
3790	9
3791	8
3792	11
3793	3
3794	4
3795	11
3796	4
3797	6
3798	7
3799	11
3800	5
3801	6
3802	10
3803	5
3804	11
3805	7
3806	8
3807	4
3808	9
3809	7
3810	4
3811	8
3812	12
3813	11
3814	9
3815	10
3816	7
3817	4
3818	7
3819	9
3820	6
3821	12
3822	9
3823	11
3824	4
3825	11
3826	8
3827	6
3828	10
3829	16
3830	11
3831	7
3832	6
3833	11
3834	13
3835	11
3836	9
3837	4
3838	7
3839	7
3840	4
3841	6
3842	10
3843	11
3844	12
3845	10
3846	7
3847	8
3848	5
3849	4
3850	6
3851	8
3852	9
3853	10
3854	14
3855	12
3856	10
3857	4
3858	8
3859	11
3860	4
3861	6
3862	5
3863	7
3864	6
3865	7
3866	7
3867	9
3868	5
3869	8
3870	7
3871	4
3872	13
3873	8
3874	6
3875	4
3876	7
3877	7
3878	10
3879	10
3880	7
3881	6
3882	6
3883	4
3884	5
3885	8
3886	10
3887	10
3888	5
3889	6
3890	7
3891	10
3892	5
3893	11
3894	6
3895	4
3896	3
3897	4
3898	4
3899	1
3900	9
3901	5
3902	5
3903	6
3904	5
3905	4
3906	4
3907	7
3908	7
3909	4
3910	4
3911	2
3912	10
3913	6
3914	4
3915	7
3916	5
3917	6
3918	9
3919	8
3920	7
3921	8
3922	6
3923	2
3924	5
3925	6
3926	7
3927	5
3928	9
3929	3
3930	3
3931	2
3932	3
3933	7
3934	10
3935	11
3936	6
3937	5
3938	5
3939	7
3940	6
3941	7
3942	8
3943	6
3944	5
3945	5
3946	1
3947	8
3948	6
3949	10
3950	7
3951	3
3952	6
3953	4
3954	6
3955	6
3956	10
3957	8
3958	7
3959	3
3960	8
3961	3
3962	5
3963	10
3964	10
3965	5
3966	10
3967	4
3968	3
3969	5
3970	5
3971	8
3972	6
3973	8
3974	9
3975	12
3976	12
3977	8
3978	7
3979	5
3980	3
3981	11
3982	5
3983	8
3984	8
3985	11
3986	8
3987	8
3988	12
3989	9
3990	7
3991	9
3992	14
3993	8
3994	10
3995	7
3996	10
3997	12
3998	7
3999	3
4000	3
4001	10
4002	5
4003	1
4004	8
4005	8
4006	6
4007	4
4008	6
4009	8
4010	11
4011	1
4012	7
4013	7
4014	4
4015	7
4016	7
4017	7
4018	10
4019	3
4020	7
4021	4
4022	6
4023	6
4024	7
4025	5
4026	8
4027	8
4028	11
4029	8
4030	4
4031	10
4032	6
4033	11
4034	7
4035	5
4036	5
4037	5
4038	8
4039	10
4040	8
4041	8
4042	11
4043	8
4044	5
4045	8
4046	5
4047	6
4048	2
4049	6
4050	7
4051	5
4052	4
4053	7
4054	8
4055	10
4056	3
4057	9
4058	8
4059	5
4060	7
4061	8
4062	7
4063	6
4064	7
4065	5
4066	5
4067	14
4068	4
4069	9
4070	5
4071	8
4072	5
4073	4
4074	10
4075	5
4076	14
4077	5
4078	5
4079	9
4080	7
4081	6
4082	10
4083	6
4084	8
4085	7
4086	8
4087	8
4088	5
4089	5
4090	5
4091	13
4092	3
4093	10
4094	8
4095	6
4096	7
4097	10
4098	6
4099	11
4100	9
4101	7
4102	14
4103	8
4104	8
4105	5
4106	9
4107	6
4108	7
4109	11
4110	11
4111	9
4112	10
4113	6
4114	7
4115	10
4116	5
4117	8
4118	4
4119	11
4120	8
4121	7
4122	10
4123	7
4124	5
4125	6
4126	8
4127	8
4128	7
4129	6
4130	10
4131	4
4132	3
4133	6
4134	5
4135	4
4136	9
4137	12
4138	7
4139	10
4140	8
4141	18
4142	4
4143	8
4144	11
4145	8
4146	10
4147	7
4148	10
4149	6
4150	7
4151	9
4152	10
4153	10
4154	5
4155	7
4156	5
4157	6
4158	8
4159	10
4160	6
4161	7
4162	7
4163	6
4164	5
4165	11
4166	10
4167	8
4168	6
4169	5
4170	5
4171	3
4172	7
4173	5
4174	6
4175	6
4176	2
4177	16
4178	8
4179	10
4180	6
4181	9
4182	7
4183	8
4184	8
4185	8
4186	8
4187	6
4188	13
4189	7
4190	8
4191	6
4192	7
4193	6
4194	9
4195	6
4196	6
4197	8
4198	7
4199	7
4200	13
4201	4
4202	11
4203	10
4204	9
4205	9
4206	10
4207	7
4208	8
4209	7
4210	10
4211	8
4212	16
4213	4
4214	14
4215	7
4216	7
4217	6
4218	6
4219	5
4220	3
4221	9
4222	10
4223	13
4224	9
4225	10
4226	9
4227	11
4228	15
4229	8
4230	10
4231	10
4232	6
4233	11
4234	10
4235	6
4236	16
4237	12
4238	6
4239	4
4240	8
4241	8
4242	13
4243	10
4244	7
4245	8
4246	12
4247	10
4248	15
4249	13
4250	11
4251	8
4252	10
4253	8
4254	9
4255	5
4256	11
4257	7
4258	5
4259	7
4260	3
4261	8
4262	8
4263	8
4264	10
4265	8
4266	8
4267	11
4268	9
4269	7
4270	7
4271	13
4272	6
4273	8
4274	7
4275	7
4276	8
4277	13
4278	11
4279	16
4280	8
4281	10
4282	10
4283	10
4284	15
4285	9
4286	5
4287	14
4288	8
4289	7
4290	11
4291	11
4292	10
4293	16
4294	8
4295	11
4296	11
4297	4
4298	12
4299	9
4300	6
4301	7
4302	11
4303	10
4304	7
4305	13
4306	11
4307	10
4308	8
4309	8
4310	8
4311	8
4312	7
4313	12
4314	8
4315	8
4316	6
4317	13
4318	6
4319	6
4320	7
4321	11
4322	9
4323	12
4324	10
4325	9
4326	9
4327	4
4328	4
4329	7
4330	14
4331	8
4332	6
4333	10
4334	10
4335	14
4336	9
4337	5
4338	12
4339	7
4340	12
4341	9
4342	7
4343	9
4344	11
4345	10
4346	11
4347	9
4348	14
4349	8
4350	9
4351	7
4352	10
4353	13
4354	12
4355	11
4356	7
4357	15
4358	7
4359	10
4360	10
4361	9
4362	5
4363	9
4364	4
4365	8
4366	9
4367	7
4368	9
4369	8
4370	3
4371	4
4372	8
4373	9
4374	12
4375	5
4376	8
4377	10
4378	14
4379	11
4380	5
4381	5
4382	6
4383	8
4384	7
4385	10
4386	6
4387	12
4388	7
4389	10
4390	8
4391	7
4392	8
4393	7
4394	7
4395	6
4396	7
4397	8
4398	12
4399	8
4400	5
4401	10
4402	9
4403	7
4404	10
4405	4
4406	7
4407	8
4408	11
4409	7
4410	6
4411	5
4412	8
4413	6
4414	9
4415	11
4416	7
4417	9
4418	8
4419	4
4420	11
4421	5
4422	5
4423	9
4424	5
4425	6
4426	5
4427	10
4428	7
4429	5
4430	11
4431	10
4432	8
4433	8
4434	10
4435	11
4436	12
4437	8
4438	13
4439	7
4440	8
4441	6
4442	4
4443	7
4444	7
4445	6
4446	12
4447	3
4448	12
4449	5
4450	8
4451	11
4452	12
4453	9
4454	6
4455	8
4456	10
4457	8
4458	3
4459	4
4460	12
4461	12
4462	4
4463	8
4464	10
4465	12
4466	7
4467	9
4468	8
4469	4
4470	9
4471	7
4472	11
4473	9
4474	2
4475	5
4476	8
4477	6
4478	5
4479	11
4480	10
4481	6
4482	9
4483	5
4484	5
4485	6
4486	7
4487	7
4488	13
4489	7
4490	8
4491	8
4492	14
4493	10
4494	8
4495	10
4496	12
4497	7
4498	8
4499	8
4500	14
4501	8
4502	15
4503	14
4504	13
4505	6
4506	9
4507	5
4508	2
4509	4
4510	11
4511	10
4512	7
4513	5
4514	5
4515	21
4516	13
4517	8
4518	12
4519	14
4520	11
4521	11
4522	11
4523	9
4524	11
4525	8
4526	8
4527	5
4528	16
4529	6
4530	4
4531	12
4532	12
4533	15
4534	8
4535	16
4536	8
4537	10
4538	7
4539	4
4540	14
4541	5
4542	12
4543	2
4544	6
4545	3
4546	12
4547	8
4548	8
4549	6
4550	7
4551	5
4552	7
4553	6
4554	3
4555	8
4556	5
4557	11
4558	7
4559	6
4560	8
4561	12
4562	12
4563	11
4564	12
4565	5
4566	11
4567	10
4568	3
4569	8
4570	6
4571	7
4572	6
4573	5
4574	5
4575	8
4576	7
4577	6
4578	7
4579	7
4580	5
4581	5
4582	6
4583	10
4584	6
4585	9
4586	1
4587	5
4588	5
4589	4
4590	8
4591	4
4592	3
4593	5
4594	7
4595	2
4596	7
4597	6
4598	9
4599	4
4600	7
4601	8
4602	4
4603	6
4604	5
4605	8
4606	4
4607	6
4608	6
4609	7
4610	6
4611	3
4612	3
4613	7
4614	7
4615	9
4616	10
4617	8
4618	6
4619	5
4620	6
4621	5
4622	5
4623	8
4624	7
4625	6
4626	3
4627	7
4628	9
4629	4
4630	10
4631	5
4632	6
4633	4
4634	11
4635	9
4636	3
4637	8
4638	3
4639	8
4640	4
4641	7
4642	4
4643	7
4644	6
4645	5
4646	10
4647	5
4648	4
4649	2
4650	6
4651	9
4652	9
4653	7
4654	7
4655	4
4656	15
4657	8
4658	4
4659	3
4660	9
4661	1
4662	4
4663	7
4664	6
4665	8
4666	6
4667	8
4668	7
4669	7
4670	4
4671	7
4672	5
4673	10
4674	7
4675	7
4676	5
4677	6
4678	4
4679	8
4680	6
4681	8
4682	6
4683	9
4684	7
4685	7
4686	14
4687	7
4688	9
4689	6
4690	3
4691	9
4692	4
4693	12
4694	5
4695	8
4696	5
4697	2
4698	5
4699	2
4700	7
4701	10
4702	8
4703	6
4704	4
4705	6
4706	5
4707	6
4708	5
4709	5
4710	4
4711	6
4712	7
4713	1
4714	1
4715	10
4716	10
4717	7
4718	5
4719	6
4720	8
4721	2
4722	8
4723	5
4724	7
4725	5
4726	6
4727	10
4728	7
4729	4
4730	4
4731	5
4732	5
4733	14
4734	6
4735	8
4736	8
4737	14
4738	8
4739	11
4740	6
4741	6
4742	8
4743	7
4744	5
4745	8
4746	8
4747	8
4748	12
4749	5
4750	9
4751	8
4752	4
4753	11
4754	6
4755	14
4756	12
4757	4
4758	5
4759	8
4760	7
4761	6
4762	13
4763	4
4764	7
4765	8
4766	9
4767	7
4768	6
4769	4
4770	9
4771	3
4772	6
4773	8
4774	6
4775	5
4776	8
4777	5
4778	5
4779	11
4780	7
4781	9
4782	7
4783	8
4784	4
4785	10
4786	13
4787	2
4788	7
4789	4
4790	3
4791	6
4792	5
4793	6
4794	1
4795	4
4796	6
4797	7
4798	3
4799	6
4800	3
4801	7
4802	7
4803	10
4804	8
4805	13
4806	7
4807	5
4808	7
4809	3
4810	9
4811	8
4812	16
4813	8
4814	5
4815	7
4816	11
4817	5
4818	6
4819	9
4820	4
4821	6
4822	7
4823	7
4824	2
4825	7
4826	7
4827	8
4828	4
4829	14
4830	6
4831	3
4832	6
4833	8
4834	2
4835	5
4836	7
4837	8
4838	7
4839	3
4840	5
4841	4
4842	6
4843	2
4844	5
4845	5
4846	4
4847	9
4848	4
4849	4
4850	2
4851	6
4852	8
4853	6
4854	2
4855	4
4856	2
4857	4
4858	10
4859	2
4860	4
4861	4
4862	5
4863	7
4864	4
4865	9
4866	2
4867	8
4868	4
4869	3
4870	3
4871	5
4872	7
4873	7
4874	6
4875	2
4876	6
4877	4
4878	8
4879	9
4880	11
4881	2
4882	5
4883	9
4884	4
4885	11
4886	4
4887	7
4888	9
4889	4
4890	10
4891	11
4892	2
4893	6
4894	5
4895	6
4896	6
4897	5
4898	7
4899	5
4900	1
4901	2
4902	5
4903	6
4904	6
4905	5
4906	2
4907	7
4908	5
4909	6
4910	4
4911	5
4912	7
4913	5
4914	7
4915	4
4916	3
4917	3
4918	4
4919	4
4920	5
4921	6
4922	2
4923	6
4924	4
4925	9
4926	3
4927	3
4928	4
4929	10
4930	3
4931	3
4932	7
4933	5
4934	5
4935	7
4936	3
4937	5
4938	7
4939	9
4940	5
4941	5
4942	5
4943	11
4944	5
4945	5
4946	3
4947	5
4948	3
4949	4
4950	4
4951	4
4952	2
4953	3
4954	11
4955	4
4956	5
4957	9
4958	6
4959	6
4960	2
4961	6
4962	4
4963	4
4964	4
4965	6
4966	8
4967	4
4968	6
4969	5
4970	5
4971	6
4972	6
4973	2
4974	9
4975	4
4976	10
4977	7
4978	4
4979	10
4980	10
4981	2
4982	7
4983	7
4984	6
4985	6
4986	4
4987	8
4988	6
4989	8
4990	9
4991	3
4992	6
4993	8
4994	8
4995	11
4996	4
4997	9
4998	11
4999	7
5000	9
5001	12
5002	9
5003	7
5004	5
5005	6
5006	4
5007	8
5008	12
5009	12
5010	5
5011	5
5012	4
5013	11
5014	6
5015	3
5016	5
5017	0
5018	5
5019	4
5020	4
5021	5
5022	7
5023	5
5024	3
5025	8
5026	9
5027	7
5028	5
5029	7
5030	9
5031	4
5032	8
5033	12
5034	6
5035	6
5036	6
5037	7
5038	7
5039	6
5040	8
5041	9
5042	12
5043	10
5044	9
5045	9
5046	7
5047	12
5048	11
5049	6
5050	7
5051	9
5052	7
5053	8
5054	9
5055	9
5056	7
5057	8
5058	9
5059	9
5060	12
5061	7
5062	3
5063	9
5064	4
5065	6
5066	8
5067	7
5068	6
5069	4
5070	8
5071	11
5072	7
5073	9
5074	16
5075	6
5076	12
5077	9
5078	7
5079	6
5080	4
5081	8
5082	6
5083	6
5084	9
5085	9
5086	6
5087	8
5088	10
5089	9
5090	9
5091	6
5092	13
5093	5
5094	8
5095	11
5096	7
5097	9
5098	12
5099	5
5100	4
5101	9
5102	10
5103	7
5104	10
5105	5
5106	10
5107	5
5108	10
5109	11
5110	8
5111	4
5112	7
5113	9
5114	7
5115	10
5116	7
5117	8
5118	12
5119	6
5120	7
5121	8
5122	4
5123	9
5124	5
5125	5
5126	5
5127	7
5128	6
5129	9
5130	11
5131	7
5132	7
5133	6
5134	7
5135	8
5136	6
5137	7
5138	6
5139	3
5140	7
5141	10
5142	7
5143	9
5144	6
5145	4
5146	8
5147	4
5148	7
5149	6
5150	8
5151	12
5152	6
5153	9
5154	11
5155	8
5156	8
5157	8
5158	7
5159	13
5160	9
5161	8
5162	6
5163	5
5164	7
5165	10
5166	9
5167	13
5168	4
5169	9
5170	12
5171	4
5172	5
5173	8
5174	6
5175	8
5176	13
5177	7
5178	3
5179	5
5180	12
5181	3
5182	5
5183	17
5184	8
5185	5
5186	5
5187	5
5188	8
5189	6
5190	3
5191	8
5192	5
5193	4
5194	2
5195	5
5196	9
5197	6
5198	7
5199	7
5200	5
5201	4
5202	5
5203	9
5204	5
5205	7
5206	6
5207	6
5208	4
5209	2
5210	5
5211	7
5212	3
5213	9
5214	6
5215	5
5216	7
5217	6
5218	2
5219	5
5220	9
5221	8
5222	4
5223	6
5224	8
5225	3
5226	3
5227	5
5228	6
5229	5
5230	5
5231	3
5232	7
5233	7
5234	2
5235	2
5236	3
5237	4
5238	6
5239	4
5240	7
5241	3
5242	6
5243	3
5244	3
5245	5
5246	4
5247	7
5248	4
5249	4
5250	4
5251	12
5252	7
5253	5
5254	3
5255	6
5256	6
5257	1
5258	3
5259	5
5260	6
5261	3
5262	7
5263	3
5264	5
5265	8
5266	8
5267	5
5268	7
5269	9
5270	7
5271	6
5272	5
5273	8
5274	4
5275	7
5276	10
5277	9
5278	5
5279	6
5280	6
5281	10
5282	5
5283	7
5284	8
5285	7
5286	7
5287	13
5288	8
5289	11
5290	3
5291	6
5292	4
5293	8
5294	7
5295	4
5296	8
5297	9
5298	4
5299	6
5300	6
5301	7
5302	12
5303	7
5304	10
5305	4
5306	7
5307	9
5308	6
5309	4
5310	3
5311	5
5312	3
5313	4
5314	4
5315	5
5316	5
5317	4
5318	8
5319	3
5320	6
5321	4
5322	4
5323	8
5324	9
5325	6
5326	6
5327	7
5328	2
5329	6
5330	5
5331	4
5332	5
5333	4
5334	7
5335	5
5336	9
5337	5
5338	3
5339	2
5340	10
5341	4
5342	5
5343	4
5344	9
5345	6
5346	9
5347	5
5348	9
5349	7
5350	11
5351	11
5352	5
5353	7
5354	9
5355	4
5356	5
5357	8
5358	6
5359	10
5360	4
5361	4
5362	7
5363	13
5364	4
5365	7
5366	7
5367	6
5368	5
5369	6
5370	4
5371	6
5372	5
5373	6
5374	3
5375	3
5376	4
5377	11
5378	12
5379	8
5380	3
5381	3
5382	11
5383	8
5384	8
5385	8
5386	7
5387	5
5388	9
5389	7
5390	8
5391	8
5392	6
5393	2
5394	10
5395	4
5396	3
5397	8
5398	7
5399	6
5400	4
5401	3
5402	9
5403	4
5404	2
5405	6
5406	4
5407	10
5408	8
5409	8
5410	6
5411	7
5412	4
5413	4
5414	2
5415	8
5416	7
5417	8
5418	7
5419	8
5420	6
5421	5
5422	7
5423	10
5424	10
5425	12
5426	5
5427	4
5428	8
5429	6
5430	5
5431	4
5432	8
5433	8
5434	2
5435	8
5436	12
5437	9
5438	6
5439	12
5440	9
5441	9
5442	12
5443	4
5444	9
5445	8
5446	6
5447	7
5448	7
5449	8
5450	8
5451	11
5452	8
5453	5
5454	6
5455	9
5456	8
5457	7
5458	4
5459	8
5460	9
5461	5
5462	8
5463	3
5464	7
5465	6
5466	4
5467	8
5468	6
5469	3
5470	4
5471	6
5472	8
5473	8
5474	6
5475	9
5476	4
5477	6
5478	10
5479	9
5480	5
5481	6
5482	4
5483	10
5484	6
5485	7
5486	8
5487	4
5488	6
5489	5
5490	6
5491	6
5492	2
5493	2
5494	6
5495	6
5496	4
5497	5
5498	5
5499	8
5500	5
5501	4
5502	8
5503	8
5504	10
5505	4
5506	4
5507	5
5508	5
5509	6
5510	8
5511	4
5512	8
5513	7
5514	8
5515	4
5516	6
5517	2
5518	3
5519	9
5520	9
5521	7
5522	3
5523	4
5524	6
5525	8
5526	6
5527	6
5528	2
5529	8
5530	4
5531	5
5532	4
5533	4
5534	3
5535	4
5536	3
5537	3
5538	7
5539	8
5540	6
5541	8
5542	8
5543	9
5544	3
5545	7
5546	4
5547	6
5548	10
5549	4
5550	3
5551	5
5552	6
5553	4
5554	3
5555	3
5556	4
5557	8
5558	5
5559	5
5560	6
5561	6
5562	6
5563	8
5564	7
5565	3
5566	5
5567	5
5568	3
5569	6
5570	4
5571	7
5572	3
5573	9
5574	5
5575	4
5576	8
5577	5
5578	5
5579	11
5580	9
5581	5
5582	11
5583	2
5584	5
5585	7
5586	6
5587	5
5588	4
5589	4
5590	2
5591	7
5592	2
5593	6
5594	3
5595	2
5596	11
5597	7
5598	5
5599	2
5600	9
5601	5
5602	11
5603	7
5604	3
5605	6
5606	4
5607	6
5608	8
5609	6
5610	6
5611	7
5612	2
5613	6
5614	5
5615	4
5616	3
5617	9
5618	5
5619	4
5620	5
5621	4
5622	4
5623	9
5624	12
5625	5
5626	5
5627	8
5628	6
5629	10
5630	5
5631	4
5632	4
5633	10
5634	5
5635	8
5636	5
5637	4
5638	7
5639	11
5640	3
5641	8
5642	6
5643	9
5644	8
5645	12
5646	9
5647	4
5648	6
5649	10
5650	7
5651	5
5652	4
5653	4
5654	10
5655	6
5656	9
5657	5
5658	5
5659	6
5660	5
5661	3
5662	6
5663	7
5664	14
5665	13
5666	7
5667	7
5668	5
5669	9
5670	7
5671	7
5672	7
5673	6
5674	6
5675	7
5676	8
5677	9
5678	5
5679	6
5680	7
5681	6
5682	6
5683	6
5684	4
5685	5
5686	7
5687	8
5688	6
5689	8
5690	13
5691	8
5692	5
5693	8
5694	7
5695	7
5696	11
5697	10
5698	5
5699	4
5700	7
5701	6
5702	10
5703	4
5704	9
5705	9
5706	7
5707	3
5708	11
5709	7
5710	8
5711	8
5712	7
5713	8
5714	14
5715	7
5716	7
5717	11
5718	12
5719	7
5720	7
5721	7
5722	3
5723	8
5724	8
5725	3
5726	11
5727	8
5728	4
5729	8
5730	11
5731	3
5732	8
5733	14
5734	7
5735	5
5736	11
5737	10
5738	7
5739	5
5740	8
5741	6
5742	5
5743	11
5744	6
5745	6
5746	10
5747	12
5748	8
5749	10
5750	5
5751	9
5752	7
5753	8
5754	7
5755	5
5756	11
5757	7
5758	10
5759	9
5760	12
5761	12
5762	8
5763	10
5764	10
5765	11
5766	10
5767	8
5768	5
5769	8
5770	8
5771	11
5772	9
5773	6
5774	4
5775	11
5776	11
5777	9
5778	15
5779	10
5780	5
5781	15
5782	6
5783	7
5784	6
5785	9
5786	9
5787	6
5788	9
5789	8
5790	13
5791	7
5792	8
5793	11
5794	10
5795	9
5796	16
5797	8
5798	8
5799	10
5800	5
5801	15
5802	6
5803	5
5804	7
5805	6
5806	10
5807	11
5808	10
5809	10
5810	7
5811	8
5812	6
5813	11
5814	9
5815	15
5816	7
5817	5
5818	6
5819	6
5820	10
5821	3
5822	6
5823	8
5824	3
5825	11
5826	7
5827	7
5828	7
5829	6
5830	5
5831	10
5832	8
5833	10
5834	7
5835	7
5836	8
5837	8
5838	10
5839	6
5840	6
5841	5
5842	9
5843	6
5844	12
5845	8
5846	13
5847	7
5848	8
5849	10
5850	8
5851	4
5852	11
5853	3
5854	12
5855	8
5856	9
5857	4
5858	2
5859	10
5860	7
5861	12
5862	11
5863	6
5864	4
5865	5
5866	6
5867	7
5868	8
5869	8
5870	10
5871	9
5872	8
5873	7
5874	7
5875	5
5876	7
5877	9
5878	6
5879	8
5880	10
5881	1
5882	7
5883	9
5884	4
5885	5
5886	4
5887	4
5888	5
5889	13
5890	4
5891	5
5892	5
5893	8
5894	4
5895	7
5896	5
5897	4
5898	3
5899	4
5900	6
5901	8
5902	8
5903	8
5904	5
5905	5
5906	8
5907	4
5908	10
5909	5
5910	7
5911	10
5912	6
5913	5
5914	4
5915	6
5916	7
5917	8
5918	5
5919	2
5920	8
5921	7
5922	12
5923	7
5924	3
5925	6
5926	5
5927	7
5928	9
5929	5
5930	5
5931	8
5932	9
5933	4
5934	5
5935	12
5936	9
5937	9
5938	7
5939	11
5940	1
5941	10
5942	5
5943	6
5944	13
5945	16
5946	8
5947	8
5948	2
5949	10
5950	7
5951	11
5952	11
5953	7
5954	10
5955	9
5956	10
5957	7
5958	6
5959	10
5960	11
5961	17
5962	8
5963	11
5964	3
5965	10
5966	10
5967	9
5968	10
5969	7
5970	11
5971	6
5972	14
5973	14
5974	10
5975	15
5976	7
5977	8
5978	7
5979	10
5980	6
5981	12
5982	4
5983	6
5984	7
5985	9
5986	13
5987	7
5988	11
5989	6
5990	5
5991	7
5992	2
5993	5
5994	6
5995	9
5996	12
5997	10
5998	8
5999	13
6000	6
6001	10
6002	12
6003	10
6004	6
6005	6
6006	9
6007	5
6008	7
6009	9
6010	9
6011	9
6012	8
6013	5
6014	10
6015	11
6016	9
6017	10
6018	18
6019	6
6020	14
6021	9
6022	8
6023	9
6024	8
6025	8
6026	9
6027	9
6028	5
6029	12
6030	17
6031	10
6032	9
6033	7
6034	9
6035	11
6036	12
6037	12
6038	16
6039	7
6040	9
6041	7
6042	6
6043	7
6044	10
6045	11
6046	7
6047	10
6048	8
6049	8
6050	5
6051	6
6052	11
6053	14
6054	8
6055	7
6056	10
6057	7
6058	10
6059	14
6060	8
6061	10
6062	16
6063	11
6064	7
6065	6
6066	9
6067	7
6068	15
6069	9
6070	10
6071	11
6072	9
6073	12
6074	11
6075	10
6076	7
6077	9
6078	9
6079	13
6080	10
6081	11
6082	9
6083	14
6084	15
6085	14
6086	7
6087	8
6088	6
6089	9
6090	12
6091	10
6092	7
6093	8
6094	11
6095	7
6096	11
6097	7
6098	7
6099	10
6100	13
6101	9
6102	5
6103	11
6104	15
6105	12
6106	12
6107	10
6108	6
6109	6
6110	8
6111	8
6112	12
6113	11
6114	8
6115	10
6116	7
6117	10
6118	7
6119	12
6120	6
6121	8
6122	6
6123	13
6124	8
6125	6
6126	12
6127	12
6128	11
6129	11
6130	11
6131	10
6132	9
6133	13
6134	15
6135	10
6136	12
6137	13
6138	5
6139	8
6140	12
6141	8
6142	8
6143	9
6144	6
6145	11
6146	10
6147	8
6148	17
6149	18
6150	8
6151	8
6152	8
6153	13
6154	6
6155	6
6156	9
6157	8
6158	11
6159	13
6160	12
6161	14
6162	13
6163	12
6164	11
6165	16
6166	7
6167	10
6168	10
6169	11
6170	18
6171	9
6172	8
6173	10
6174	8
6175	9
6176	14
6177	6
6178	7
6179	10
6180	11
6181	14
6182	13
6183	9
6184	17
6185	11
6186	10
6187	11
6188	12
6189	8
6190	8
6191	9
6192	15
6193	8
6194	5
6195	10
6196	10
6197	9
6198	9
6199	8
6200	13
6201	12
6202	6
6203	14
6204	9
6205	11
6206	12
6207	14
6208	7
6209	12
6210	12
6211	5
6212	14
6213	9
6214	11
6215	8
6216	6
6217	10
6218	9
6219	9
6220	8
6221	12
6222	8
6223	10
6224	5
6225	10
6226	7
6227	8
6228	8
6229	8
6230	8
6231	9
6232	7
6233	10
6234	7
6235	11
6236	6
6237	8
6238	11
6239	15
6240	7
6241	10
6242	10
6243	6
6244	6
6245	9
6246	8
6247	6
6248	10
6249	7
6250	7
6251	8
6252	8
6253	10
6254	13
6255	11
6256	7
6257	10
6258	8
6259	8
6260	15
6261	9
6262	7
6263	8
6264	6
6265	5
6266	10
6267	5
6268	17
6269	9
6270	7
6271	13
6272	7
6273	5
6274	15
6275	11
6276	4
6277	4
6278	5
6279	6
6280	9
6281	7
6282	5
6283	7
6284	4
6285	7
6286	8
6287	5
6288	9
6289	7
6290	9
6291	4
6292	5
6293	4
6294	9
6295	4
6296	9
6297	8
6298	5
6299	7
6300	3
6301	8
6302	8
6303	9
6304	9
6305	3
6306	4
6307	7
6308	3
6309	9
6310	7
6311	8
6312	4
6313	9
6314	9
6315	4
6316	9
6317	7
6318	8
6319	6
6320	5
6321	6
6322	8
6323	7
6324	11
6325	9
6326	12
6327	4
6328	6
6329	10
6330	8
6331	7
6332	10
6333	7
6334	4
6335	4
6336	6
6337	5
6338	8
6339	7
6340	6
6341	9
6342	10
6343	10
6344	4
6345	6
6346	7
6347	6
6348	12
6349	8
6350	4
6351	9
6352	3
6353	8
6354	8
6355	6
6356	11
6357	16
6358	8
6359	7
6360	6
6361	6
6362	7
6363	9
6364	9
6365	10
6366	10
6367	3
6368	6
6369	12
6370	10
6371	7
6372	8
6373	12
6374	7
6375	11
6376	3
6377	7
6378	5
6379	7
6380	9
6381	8
6382	6
6383	9
6384	4
6385	7
6386	10
6387	4
6388	5
6389	7
6390	5
6391	10
6392	6
6393	5
6394	5
6395	8
6396	4
6397	4
6398	4
6399	6
6400	3
6401	7
6402	9
6403	4
6404	4
6405	5
6406	3
6407	2
6408	6
6409	2
6410	6
6411	4
6412	7
6413	6
6414	5
6415	6
6416	4
6417	4
6418	4
6419	8
6420	6
6421	8
6422	5
6423	2
6424	4
6425	3
6426	8
6427	6
6428	4
6429	6
6430	4
6431	8
6432	4
6433	8
6434	6
6435	6
6436	3
6437	4
6438	5
6439	6
6440	8
6441	4
6442	10
6443	7
6444	3
6445	4
6446	4
6447	3
6448	4
6449	1
6450	6
6451	1
6452	7
6453	4
6454	4
6455	2
6456	9
6457	2
6458	5
6459	5
6460	9
6461	4
6462	5
6463	1
6464	1
6465	2
6466	3
6467	2
6468	6
6469	3
6470	8
6471	2
6472	4
6473	3
6474	2
6475	6
6476	5
6477	3
6478	5
6479	1
6480	3
6481	1
6482	2
6483	4
6484	5
6485	3
6486	3
6487	6
6488	4
6489	5
6490	2
6491	2
6492	4
6493	1
6494	5
6495	3
6496	2
6497	7
6498	1
6499	4
6500	5
6501	5
6502	7
6503	5
6504	2
6505	3
6506	3
6507	2
6508	5
6509	2
6510	1
6511	2
6512	2
6513	1
6514	2
6515	2
6516	1
6517	2
6518	1
6519	3
6520	2
6521	8
6522	5
6523	5
6524	1
6525	2
6526	4
6527	2
6528	4
6529	3
6530	3
6531	2
6532	2
6533	4
6534	2
6535	4
6536	1
6537	3
6538	1
6539	1
6540	6
6541	2
6542	1
6543	1
6544	1
6545	2
6546	3
6547	0
6548	7
6549	0
6550	1
6551	2
6552	4
6553	4
6554	1
6555	1
6556	4
6557	3
6558	3
6559	4
6560	4
6561	2
6562	2
6563	4
6564	5
6565	2
6566	3
6567	5
6568	2
6569	3
6570	4
6571	2
6572	2
6573	1
6574	0
6575	1
6576	2
6577	3
6578	1
6579	2
6580	1
6581	1
6582	5
6583	1
6584	1
6585	3
6586	1
6587	2
6588	4
6589	2
6590	0
6591	1
6592	2
6593	1
6594	4
6595	2
6596	3
6597	2
6598	1
6599	1
6600	0
6601	2
6602	2
6603	2
6604	1
6605	2
6606	1
6607	3
6608	2
6609	2
6610	5
6611	1
6612	4
6613	4
6614	3
6615	4
6616	3
6617	2
6618	4
6619	2
6620	3
6621	3
6622	4
6623	1
6624	5
6625	3
6626	4
6627	3
6628	5
6629	5
6630	3
6631	4
6632	1
6633	2
6634	3
6635	0
6636	2
6637	3
6638	1
6639	1
6640	2
6641	1
6642	1
6643	0
6644	4
6645	1
6646	2
6647	1
6648	6
6649	4
6650	2
6651	2
6652	1
6653	2
6654	2
6655	2
6656	1
6657	2
6658	2
6659	2
6660	3
6661	4
6662	4
6663	1
6664	0
6665	2
6666	0
6667	2
6668	2
6669	2
6670	4
6671	4
6672	4
6673	0
6674	1
6675	4
6676	4
6677	2
6678	2
6679	4
6680	1
6681	2
6682	2
6683	1
6684	2
6685	3
6686	3
6687	1
6688	2
6689	2
6690	1
6691	2
6692	3
6693	6
6694	2
6695	0
6696	2
6697	3
6698	1
6699	0
6700	2
6701	0
6702	1
6703	2
6704	2
6705	4
6706	3
6707	2
6708	1
6709	4
6710	2
6711	2
6712	1
6713	2
6714	3
6715	2
6716	2
6717	2
6718	3
6719	1
6720	2
6721	3
6722	4
6723	0
6724	1
6725	3
6726	4
6727	2
6728	5
6729	6
6730	0
6731	2
6732	2
6733	3
6734	4
6735	3
6736	2
6737	2
6738	1
6739	4
6740	0
6741	2
6742	5
6743	0
6744	2
6745	4
6746	1
6747	5
6748	2
6749	3
6750	0
6751	2
6752	3
6753	1
6754	4
6755	1
6756	0
6757	1
6758	3
6759	0
6760	5
6761	1
6762	2
6763	1
6764	1
6765	3
6766	2
6767	3
6768	3
6769	4
6770	3
6771	3
6772	2
6773	3
6774	3
6775	2
6776	6
6777	1
6778	3
6779	6
6780	2
6781	3
6782	3
6783	1
6784	2
6785	4
6786	1
6787	0
6788	4
6789	0
6790	1
6791	7
6792	4
6793	3
6794	2
6795	2
6796	2
6797	2
6798	2
6799	3
6800	2
6801	0
6802	2
6803	2
6804	1
6805	2
6806	5
6807	1
6808	1
6809	2
6810	3
6811	3
6812	2
6813	4
6814	2
6815	4
6816	2
6817	2
6818	3
6819	0
6820	2
6821	1
6822	3
6823	1
6824	2
6825	0
6826	1
6827	0
6828	0
6829	0
6830	1
6831	2
6832	3
6833	4
6834	0
6835	1
6836	2
6837	3
6838	1
6839	1
6840	2
6841	1
6842	2
6843	0
6844	1
6845	2
6846	2
6847	0
6848	2
6849	1
6850	6
6851	2
6852	2
6853	2
6854	2
6855	0
6856	0
6857	2
6858	1
6859	2
6860	4
6861	3
6862	1
6863	1
6864	1
6865	0
6866	0
6867	2
6868	1
6869	3
6870	3
6871	0
6872	2
6873	0
6874	1
6875	0
6876	0
6877	2
6878	0
6879	2
6880	3
6881	1
6882	4
6883	2
6884	0
6885	0
6886	2
6887	0
6888	1
6889	3
6890	0
6891	6
6892	3
6893	3
6894	1
6895	1
6896	1
6897	2
6898	2
6899	1
6900	1
6901	2
6902	1
6903	2
6904	1
6905	3
6906	1
6907	1
6908	0
6909	2
6910	3
6911	2
6912	2
6913	3
6914	1
6915	3
6916	1
6917	4
6918	4
6919	4
6920	4
6921	2
6922	3
6923	2
6924	4
6925	1
6926	0
6927	5
6928	3
6929	2
6930	0
6931	4
6932	3
6933	2
6934	5
6935	4
6936	2
6937	3
6938	1
6939	2
6940	1
6941	1
6942	0
6943	0
6944	1
6945	0
6946	0
6947	2
6948	1
6949	2
6950	3
6951	2
6952	0
6953	1
6954	4
6955	1
6956	1
6957	1
6958	4
6959	2
6960	4
6961	2
6962	3
6963	0
6964	2
6965	0
6966	5
6967	5
6968	2
6969	1
6970	1
6971	0
6972	1
6973	0
6974	2
6975	1
6976	3
6977	1
6978	1
6979	0
6980	1
6981	0
6982	2
6983	2
6984	3
6985	1
6986	2
6987	1
6988	3
6989	1
6990	3
6991	2
6992	2
6993	2
6994	4
6995	3
6996	2
6997	2
6998	3
6999	3
7000	1
7001	0
7002	3
7003	2
7004	3
7005	0
7006	0
7007	1
7008	0
7009	2
7010	4
7011	0
7012	1
7013	2
7014	2
7015	0
7016	0
7017	1
7018	1
7019	3
7020	0
7021	3
7022	3
7023	2
7024	0
7025	1
7026	2
7027	0
7028	3
7029	1
7030	2
7031	1
7032	3
7033	0
7034	2
7035	5
7036	1
7037	2
7038	0
7039	2
7040	0
7041	1
7042	1
7043	2
7044	3
7045	3
7046	3
7047	2
7048	0
7049	0
7050	1
7051	1
7052	3
7053	1
7054	0
7055	2
7056	3
7057	1
7058	3
7059	2
7060	1
7061	0
7062	0
7063	3
7064	0
7065	0
7066	1
7067	2
7068	3
7069	3
7070	2
7071	1
7072	0
7073	2
7074	0
7075	3
7076	1
7077	0
7078	0
7079	1
7080	2
7081	0
7082	1
7083	3
7084	0
7085	0
7086	3
7087	0
7088	3
7089	1
7090	3
7091	0
7092	1
7093	0
7094	1
7095	1
7096	0
7097	1
7098	2
7099	3
7100	1
7101	1
7102	1
7103	2
7104	2
7105	0
7106	1
7107	1
7108	1
7109	1
7110	2
7111	2
7112	3
7113	0
7114	1
7115	0
7116	4
7117	0
7118	1
7119	1
7120	0
7121	0
7122	2
7123	2
7124	0
7125	0
7126	2
7127	2
7128	0
7129	3
7130	1
7131	0
7132	1
7133	2
7134	0
7135	1
7136	4
7137	0
7138	2
7139	1
7140	0
7141	0
7142	0
7143	0
7144	1
7145	1
7146	0
7147	2
7148	1
7149	1
7150	2
7151	1
7152	2
7153	1
7154	2
7155	3
7156	0
7157	1
7158	1
7159	1
7160	2
7161	2
7162	3
7163	4
7164	0
7165	1
7166	0
7167	2
7168	1
7169	2
7170	2
7171	1
7172	2
7173	3
7174	1
7175	3
7176	2
7177	0
7178	1
7179	3
7180	5
7181	0
7182	1
7183	2
7184	2
7185	1
7186	1
7187	3
7188	0
7189	0
7190	2
7191	1
7192	0
7193	2
7194	2
7195	1
7196	0
7197	0
7198	1
7199	1
7200	2
7201	0
7202	0
7203	1
7204	0
7205	2
7206	0
7207	1
7208	0
7209	1
7210	2
7211	0
7212	2
7213	2
7214	0
7215	1
7216	0
7217	1
7218	1
7219	1
7220	0
7221	0
7222	2
7223	1
7224	0
7225	1
7226	2
7227	0
7228	1
7229	0
7230	1
7231	1
7232	0
7233	0
7234	1
7235	1
7236	0
7237	0
7238	0
7239	2
7240	0
7241	1
7242	0
7243	1
7244	0
7245	1
7246	1
7247	0
7248	0
7249	0
7250	1
7251	2
7252	1
7253	1
7254	0
7255	3
7256	1
7257	2
7258	1
7259	0
7260	0
7261	2
7262	1
7263	1
7264	0
7265	1
7266	2
7267	1
7268	1
7269	2
7270	1
7271	0
7272	3
7273	1
7274	1
7275	3
7276	0
7277	1
7278	1
7279	0
7280	1
7281	0
7282	0
7283	1
7284	1
7285	2
7286	3
7287	1
7288	0
7289	0
7290	0
7291	0
7292	3
7293	0
7294	1
7295	2
7296	4
7297	2
7298	2
7299	0
7300	1
7301	0
7302	0
7303	1
7304	1
7305	1
7306	0
7307	1
7308	0
7309	0
7310	0
7311	1
7312	1
7313	0
7314	0
7315	0
7316	2
7317	1
7318	1
7319	0
7320	0
7321	0
7322	1
7323	1
7324	1
7325	1
7326	2
7327	1
7328	1
7329	1
7330	0
7331	0
7332	0
7333	1
7334	0
7335	0
7336	0
7337	0
7338	3
7339	2
7340	2
7341	1
7342	2
7343	0
7344	0
7345	1
7346	2
7347	0
7348	3
7349	1
7350	1
7351	3
7352	0
7353	0
7354	2
7355	1
7356	1
7357	1
7358	1
7359	3
7360	1
7361	4
7362	1
7363	0
7364	0
7365	0
7366	1
7367	1
7368	1
7369	0
7370	1
7371	0
7372	0
7373	0
7374	0
7375	0
7376	0
7377	0
7378	0
7379	1
7380	2
7381	2
7382	1
7383	0
7384	0
7385	3
7386	0
7387	0
7388	0
7389	1
7390	3
7391	2
7392	1
7393	2
7394	0
7395	1
7396	0
7397	1
7398	0
7399	1
7400	0
7401	2
7402	1
7403	1
7404	1
7405	0
7406	1
7407	0
7408	1
7409	2
7410	1
7411	1
7412	0
7413	0
7414	0
7415	0
7416	0
7417	2
7418	0
7419	1
7420	1
7421	1
7422	0
7423	0
7424	2
7425	1
7426	0
7427	4
7428	0
7429	1
7430	3
7431	1
7432	1
7433	1
7434	2
7435	0
7436	0
7437	0
7438	0
7439	0
7440	2
7441	0
7442	0
7443	0
7444	0
7445	0
7446	2
7447	1
7448	1
7449	0
7450	0
7451	3
7452	0
7453	0
7454	1
7455	1
7456	2
7457	0
7458	0
7459	5
7460	1
7461	2
7462	0
7463	2
7464	0
7465	1
7466	0
7467	1
7468	0
7469	1
7470	1
7471	2
7472	0
7473	1
7474	3
7475	2
7476	2
7477	3
7478	1
7479	0
7480	2
7481	2
7482	0
7483	0
7484	0
7485	0
7486	0
7487	0
7488	1
7489	0
7490	0
7491	1
7492	1
7493	2
7494	2
7495	0
7496	0
7497	4
7498	1
7499	1
7500	0
7501	1
7502	0
7503	2
7504	2
7505	1
7506	1
7507	2
7508	3
7509	0
7510	0
7511	1
7512	3
7513	2
7514	0
7515	1
7516	1
7517	1
7518	1
7519	0
7520	0
7521	0
7522	0
7523	0
7524	1
7525	1
7526	0
7527	1
7528	0
7529	4
7530	0
7531	2
7532	1
7533	1
7534	1
7535	2
7536	0
7537	0
7538	1
7539	0
7540	2
7541	0
7542	0
7543	0
7544	1
7545	1
7546	3
7547	1
7548	2
7549	0
7550	1
7551	3
7552	1
7553	0
7554	1
7555	2
7556	2
7557	3
7558	1
7559	0
7560	2
7561	0
7562	0
7563	1
7564	0
7565	0
7566	0
7567	0
7568	1
7569	1
7570	0
7571	3
7572	2
7573	0
7574	0
7575	0
7576	0
7577	0
7578	0
7579	1
7580	2
7581	0
7582	1
7583	0
7584	1
7585	1
7586	2
7587	0
7588	0
7589	0
7590	1
7591	2
7592	0
7593	0
7594	2
7595	0
7596	0
7597	0
7598	0
7599	1
7600	1
7601	1
7602	0
7603	0
7604	0
7605	0
7606	0
7607	2
7608	0
7609	2
7610	0
7611	0
7612	1
7613	0
7614	0
7615	2
7616	0
7617	2
7618	1
7619	0
7620	0
7621	2
7622	0
7623	1
7624	0
7625	1
7626	1
7627	0
7628	0
7629	0
7630	1
7631	1
7632	0
7633	0
7634	1
7635	0
7636	0
7637	0
7638	0
7639	0
7640	1
7641	0
7642	1
7643	0
7644	0
7645	1
7646	0
7647	0
7648	0
7649	1
7650	0
7651	0
7652	0
7653	1
7654	0
7655	0
7656	2
7657	2
7658	0
7659	2
7660	0
7661	1
7662	3
7663	1
7664	1
7665	0
7666	3
7667	1
7668	1
7669	1
7670	0
7671	1
7672	0
7673	0
7674	0
7675	1
7676	0
7677	0
7678	1
7679	0
7680	1
7681	1
7682	0
7683	0
7684	0
7685	1
7686	0
7687	0
7688	0
7689	0
7690	0
7691	3
7692	0
7693	1
7694	0
7695	2
7696	0
7697	0
7698	0
7699	1
7700	2
7701	2
7702	0
7703	0
7704	1
7705	0
7706	0
7707	0
7708	3
7709	0
7710	1
7711	1
7712	0
7713	1
7714	1
7715	1
7716	3
7717	1
7718	2
7719	0
7720	0
7721	0
7722	0
7723	1
7724	2
7725	2
7726	0
7727	0
7728	0
7729	0
7730	1
7731	1
7732	0
7733	0
7734	1
7735	5
7736	1
7737	0
7738	1
7739	0
7740	2
7741	0
7742	0
7743	2
7744	0
7745	0
7746	1
7747	1
7748	1
7749	1
7750	2
7751	1
7752	0
7753	1
7754	1
7755	1
7756	1
7757	1
7758	3
7759	0
7760	1
7761	1
7762	0
7763	3
7764	0
7765	0
7766	0
7767	2
7768	2
7769	0
7770	0
7771	2
7772	1
7773	1
7774	2
7775	1
7776	1
7777	0
7778	0
7779	2
7780	0
7781	3
7782	1
7783	1
7784	0
7785	0
7786	0
7787	0
7788	1
7789	0
7790	0
7791	0
7792	1
7793	1
7794	0
7795	0
7796	0
7797	0
7798	1
7799	1
7800	0
7801	0
7802	1
7803	4
7804	1
7805	1
7806	0
7807	1
7808	0
7809	1
7810	0
7811	0
7812	1
7813	2
7814	2
7815	0
7816	1
7817	0
7818	0
7819	2
7820	1
7821	0
7822	0
7823	2
7824	2
7825	0
7826	0
7827	0
7828	0
7829	0
7830	1
7831	0
7832	0
7833	2
7834	1
7835	0
7836	0
7837	0
7838	0
7839	1
7840	0
7841	3
7842	0
7843	0
7844	0
7845	0
7846	1
7847	0
7848	0
7849	0
7850	2
7851	0
7852	2
7853	0
7854	0
7855	0
7856	0
7857	3
7858	0
7859	0
7860	0
7861	0
7862	1
7863	0
7864	0
7865	0
7866	1
7867	0
7868	0
7869	1
7870	0
7871	1
7872	1
7873	0
7874	0
7875	1
7876	0
7877	0
7878	0
7879	1
7880	1
7881	0
7882	1
7883	0
7884	1
7885	1
7886	1
7887	0
7888	0
7889	0
7890	1
7891	1
7892	0
7893	1
7894	1
7895	0
7896	0
7897	0
7898	0
7899	0
7900	0
7901	1
7902	0
7903	1
7904	0
7905	0
7906	1
7907	1
7908	0
7909	1
7910	0
7911	0
7912	0
7913	1
7914	2
7915	1
7916	0
7917	1
7918	3
7919	0
7920	1
7921	1
7922	0
7923	0
7924	2
7925	0
7926	1
7927	0
7928	1
7929	0
7930	0
7931	0
7932	1
7933	0
7934	2
7935	0
7936	1
7937	1
7938	1
7939	0
7940	0
7941	0
7942	0
7943	0
7944	1
7945	2
7946	0
7947	0
7948	1
7949	1
7950	1
7951	1
7952	2
7953	2
7954	2
7955	0
7956	0
7957	1
7958	0
7959	0
7960	1
7961	0
7962	2
7963	0
7964	1
7965	1
7966	1
7967	2
7968	0
7969	2
7970	0
7971	0
7972	0
7973	0
7974	0
7975	1
7976	1
7977	1
7978	0
7979	1
7980	0
7981	2
7982	0
7983	1
7984	1
7985	1
7986	1
7987	0
7988	0
7989	0
7990	0
7991	0
7992	1
7993	1
7994	1
7995	0
7996	0
7997	0
7998	0
7999	0
8000	1
8001	0
8002	0
8003	0
8004	1
8005	1
8006	2
8007	0
8008	2
8009	0
8010	1
8011	0
8012	0
8013	1
8014	2
8015	0
8016	1
8017	1
8018	0
8019	2
8020	1
8021	0
8022	0
8023	3
8024	1
8025	0
8026	0
8027	1
8028	1
8029	0
8030	0
8031	0
8032	1
8033	0
8034	1
8035	0
8036	0
8037	0
8038	0
8039	0
8040	0
8041	1
8042	1
8043	0
8044	0
8045	0
8046	0
8047	1
8048	0
8049	1
8050	1
8051	0
8052	0
8053	0
8054	0
8055	1
8056	0
8057	0
8058	0
8059	1
8060	0
8061	0
8062	1
8063	0
8064	2
8065	0
8066	0
8067	1
8068	0
8069	0
8070	1
8071	0
8072	0
8073	0
8074	1
8075	2
8076	0
8077	0
8078	0
8079	0
8080	1
8081	0
8082	0
8083	0
8084	0
8085	1
8086	1
8087	0
8088	1
8089	0
8090	0
8091	1
8092	0
8093	0
8094	1
8095	0
8096	0
8097	0
8098	0
8099	0
8100	0
8101	0
8102	1
8103	1
8104	2
8105	1
8106	0
8107	0
8108	1
8109	0
8110	2
8111	1
8112	0
8113	0
8114	1
8115	2
8116	2
8117	0
8118	1
8119	0
8120	0
8121	0
8122	0
8123	0
8124	1
8125	0
8126	0
8127	0
8128	0
8129	0
8130	0
8131	0
8132	1
8133	0
8134	2
8135	0
8136	1
8137	0
8138	0
8139	0
8140	0
8141	1
8142	1
8143	0
8144	1
8145	0
8146	0
8147	0
8148	0
8149	0
8150	1
8151	1
8152	0
8153	2
8154	1
8155	2
8156	1
8157	0
8158	0
8159	1
8160	0
8161	0
8162	0
8163	1
8164	2
8165	1
8166	1
8167	1
8168	0
8169	2
8170	0
8171	1
8172	0
8173	1
8174	2
8175	1
8176	0
8177	2
8178	0
8179	1
8180	0
8181	0
8182	2
8183	1
8184	1
8185	0
8186	0
8187	0
8188	1
8189	0
8190	0
8191	2
8192	0
8193	0
8194	2
8195	1
8196	1
8197	1
8198	2
8199	0
8200	2
8201	2
8202	0
8203	0
8204	1
8205	1
8206	3
8207	0
8208	2
8209	1
8210	2
8211	0
8212	0
8213	0
8214	1
8215	0
8216	0
8217	0
8218	0
8219	0
8220	0
8221	2
8222	0
8223	2
8224	0
8225	0
8226	2
8227	2
8228	0
8229	1
8230	1
8231	1
8232	1
8233	0
8234	1
8235	1
8236	0
8237	2
8238	0
8239	2
8240	1
8241	0
8242	0
8243	1
8244	2
8245	1
8246	1
8247	2
8248	2
8249	0
8250	1
8251	1
8252	1
8253	1
8254	0
8255	1
8256	2
8257	1
8258	1
8259	1
8260	0
8261	2
8262	0
8263	1
8264	0
8265	0
8266	0
8267	0
8268	1
8269	0
8270	1
8271	0
8272	0
8273	0
8274	2
8275	0
8276	0
8277	1
8278	1
8279	0
8280	0
8281	2
8282	1
8283	1
8284	0
8285	0
8286	0
8287	2
8288	0
8289	0
8290	0
8291	0
8292	0
8293	0
8294	4
8295	0
8296	1
8297	1
8298	0
8299	0
8300	0
8301	0
8302	0
8303	1
8304	0
8305	0
8306	0
8307	1
8308	2
8309	0
8310	0
8311	1
8312	1
8313	0
8314	0
8315	1
8316	0
8317	0
8318	0
8319	0
8320	2
8321	1
8322	0
8323	1
8324	0
8325	0
8326	1
8327	1
8328	1
8329	0
8330	1
8331	1
8332	2
8333	0
8334	0
8335	0
8336	1
8337	2
8338	1
8339	0
8340	1
8341	2
8342	1
8343	0
8344	1
8345	0
8346	1
8347	2
8348	0
8349	0
8350	0
8351	0
8352	0
8353	0
8354	1
8355	0
8356	0
8357	1
8358	0
8359	0
8360	1
8361	0
8362	0
8363	3
8364	0
8365	0
8366	1
8367	2
8368	0
8369	1
8370	1
8371	1
8372	0
8373	0
8374	0
8375	0
8376	0
8377	3
8378	2
8379	0
8380	0
8381	0
8382	0
8383	0
8384	0
8385	0
8386	2
8387	1
8388	0
8389	0
8390	0
8391	0
8392	0
8393	0
8394	0
8395	0
8396	1
8397	0
8398	0
8399	1
8400	0
8401	0
8402	0
8403	0
8404	2
8405	1
8406	0
8407	0
8408	0
8409	0
8410	1
8411	0
8412	0
8413	0
8414	0
8415	0
8416	0
8417	0
8418	1
8419	2
8420	0
8421	0
8422	1
8423	0
8424	0
8425	1
8426	0
8427	0
8428	0
8429	0
8430	0
8431	0
8432	0
8433	0
8434	1
8435	0
8436	0
8437	1
8438	1
8439	0
8440	0
8441	0
8442	0
8443	1
8444	0
8445	0
8446	0
8447	0
8448	1
8449	1
8450	0
8451	1
8452	0
8453	1
8454	0
8455	1
8456	0
8457	0
8458	0
8459	2
8460	0
8461	0
8462	1
8463	1
8464	2
8465	0
8466	0
8467	0
8468	1
8469	0
8470	1
8471	0
8472	0
8473	0
8474	1
8475	2
8476	1
8477	0
8478	0
8479	0
8480	2
8481	1
8482	0
8483	1
8484	0
8485	1
8486	0
8487	1
8488	1
8489	0
8490	0
8491	0
8492	0
8493	0
8494	0
8495	1
8496	0
8497	0
8498	0
8499	0
8500	0
8501	0
8502	0
8503	0
8504	0
8505	0
8506	0
8507	2
8508	0
8509	0
8510	0
8511	0
8512	2
8513	0
8514	0
8515	0
8516	0
8517	0
8518	0
8519	0
8520	0
8521	1
8522	0
8523	1
8524	2
8525	1
8526	0
8527	0
8528	0
8529	0
8530	1
8531	0
8532	0
8533	1
8534	0
8535	1
8536	1
8537	0
8538	1
8539	1
8540	1
8541	0
8542	1
8543	2
8544	0
8545	1
8546	0
8547	0
8548	0
8549	1
8550	0
8551	0
8552	0
8553	1
8554	0
8555	0
8556	1
8557	0
8558	0
8559	2
8560	0
8561	0
8562	0
8563	0
8564	0
8565	0
8566	0
8567	1
8568	2
8569	1
8570	0
8571	0
8572	0
8573	0
8574	1
8575	0
8576	0
8577	0
8578	0
8579	0
8580	0
8581	0
8582	0
8583	0
8584	0
8585	1
8586	0
8587	2
8588	1
8589	0
8590	0
8591	0
8592	0
8593	0
8594	0
8595	0
8596	0
8597	1
8598	0
8599	0
8600	0
8601	0
8602	0
8603	0
8604	1
8605	0
8606	1
8607	0
8608	1
8609	2
8610	1
8611	0
8612	0
8613	1
8614	0
8615	1
8616	0
8617	0
8618	1
8619	0
8620	0
8621	0
8622	0
8623	0
8624	0
8625	1
8626	1
8627	1
8628	0
8629	0
8630	0
8631	0
8632	1
8633	0
8634	0
8635	0
8636	0
8637	0
8638	0
8639	0
8640	0
8641	0
8642	0
8643	1
8644	1
8645	1
8646	0
8647	1
8648	0
8649	0
8650	0
8651	0
8652	1
8653	1
8654	0
8655	0
8656	0
8657	2
8658	0
8659	0
8660	0
8661	0
8662	0
8663	1
8664	0
8665	0
8666	0
8667	0
8668	2
8669	1
8670	1
8671	0
8672	0
8673	1
8674	0
8675	2
8676	2
8677	4
8678	1
8679	0
8680	1
8681	0
8682	0
8683	3
8684	0
8685	0
8686	0
8687	2
8688	0
8689	0
8690	1
8691	2
8692	0
8693	0
8694	1
8695	0
8696	0
8697	0
8698	0
8699	0
8700	1
8701	0
8702	0
8703	0
8704	0
8705	0
8706	1
8707	1
8708	0
8709	0
8710	0
8711	0
8712	1
8713	0
8714	0
8715	0
8716	1
8717	0
8718	0
8719	0
8720	0
8721	2
8722	2
8723	2
8724	1
8725	0
8726	0
8727	0
8728	0
8729	0
8730	1
8731	0
8732	0
8733	1
8734	1
8735	0
8736	1
8737	1
8738	0
8739	0
8740	1
8741	0
8742	1
8743	0
8744	1
8745	0
8746	1
8747	1
8748	3
8749	0
8750	0
8751	0
8752	1
8753	0
8754	0
8755	0
8756	1
8757	1
8758	0
8759	1
8760	0
8761	0
8762	1
8763	0
8764	0
8765	0
8766	1
8767	1
8768	1
8769	0
8770	1
8771	2
8772	1
8773	0
8774	0
8775	0
8776	1
8777	1
8778	0
8779	0
8780	0
8781	0
8782	0
8783	1
8784	0
8785	1
8786	1
8787	0
8788	0
8789	0
8790	1
8791	0
8792	1
8793	0
8794	1
8795	1
8796	0
8797	3
8798	1
8799	1
8800	0
8801	1
8802	0
8803	1
8804	0
8805	0
8806	0
8807	0
8808	0
8809	0
8810	1
8811	0
8812	0
8813	0
8814	0
8815	1
8816	1
8817	0
8818	0
8819	0
8820	0
8821	0
8822	2
8823	0
8824	1
8825	0
8826	0
8827	0
8828	0
8829	0
8830	0
8831	0
8832	1
8833	0
8834	0
8835	1
8836	0
8837	0
8838	0
8839	0
8840	0
8841	0
8842	1
8843	1
8844	0
8845	1
8846	1
8847	0
8848	0
8849	0
8850	0
8851	1
8852	0
8853	0
8854	0
8855	1
8856	0
8857	1
8858	0
8859	0
8860	2
8861	0
8862	1
8863	1
8864	1
8865	1
8866	0
8867	0
8868	0
8869	2
8870	0
8871	1
8872	0
8873	0
8874	0
8875	0
8876	0
8877	0
8878	0
8879	0
8880	1
8881	1
8882	0
8883	0
8884	0
8885	1
8886	0
8887	0
8888	0
8889	0
8890	0
8891	0
8892	0
8893	0
8894	0
8895	0
8896	1
8897	2
8898	0
8899	0
8900	2
8901	1
8902	1
8903	0
8904	0
8905	0
8906	0
8907	0
8908	0
8909	0
8910	0
8911	0
8912	1
8913	0
8914	0
8915	0
8916	1
8917	0
8918	0
8919	0
8920	0
8921	1
8922	0
8923	0
8924	0
8925	0
8926	0
8927	0
8928	0
8929	1
8930	0
8931	0
8932	0
8933	2
8934	1
8935	0
8936	0
8937	0
8938	0
8939	1
8940	0
8941	0
8942	1
8943	0
8944	1
8945	0
8946	0
8947	0
8948	0
8949	0
8950	0
8951	0
8952	1
8953	3
8954	0
8955	1
8956	0
8957	0
8958	0
8959	0
8960	1
8961	0
8962	0
8963	0
8964	0
8965	1
8966	0
8967	0
8968	1
8969	0
8970	0
8971	0
8972	0
8973	0
8974	0
8975	0
8976	1
8977	1
8978	0
8979	0
8980	0
8981	2
8982	1
8983	1
8984	0
8985	1
8986	0
8987	0
8988	1
8989	0
8990	0
8991	0
8992	2
8993	0
8994	0
8995	0
8996	0
8997	1
8998	0
8999	0
9000	1
9001	0
9002	1
9003	0
9004	1
9005	1
9006	1
9007	0
9008	0
9009	0
9010	0
9011	0
9012	0
9013	0
9014	1
9015	1
9016	0
9017	1
9018	0
9019	0
9020	2
9021	1
9022	1
9023	0
9024	1
9025	0
9026	0
9027	0
9028	1
9029	0
9030	0
9031	0
9032	0
9033	0
9034	0
9035	0
9036	1
9037	0
9038	0
9039	0
9040	0
9041	0
9042	0
9043	0
9044	0
9045	0
9046	0
9047	0
9048	0
9049	0
9050	0
9051	0
9052	0
9053	0
9054	0
9055	0
9056	0
9057	0
9058	0
9059	0
9060	1
9061	0
9062	1
9063	0
9064	0
9065	1
9066	0
9067	0
9068	0
9069	0
9070	0
9071	0
9072	0
9073	2
9074	0
9075	0
9076	1
9077	0
9078	0
9079	1
9080	0
9081	1
9082	1
9083	2
9084	2
9085	0
9086	0
9087	1
9088	0
9089	0
9090	1
9091	1
9092	0
9093	0
9094	0
9095	0
9096	2
9097	2
9098	0
9099	0
9100	1
9101	0
9102	0
9103	0
9104	0
9105	1
9106	0
9107	0
9108	0
9109	0
9110	0
9111	0
9112	0
9113	0
9114	0
9115	1
9116	0
9117	0
9118	2
9119	0
9120	0
9121	0
9122	0
9123	0
9124	1
9125	0
9126	0
9127	1
9128	1
9129	0
9130	0
9131	2
9132	0
9133	0
9134	0
9135	0
9136	0
9137	1
9138	2
9139	0
9140	1
9141	1
9142	0
9143	0
9144	0
9145	0
9146	0
9147	0
9148	0
9149	0
9150	0
9151	1
9152	1
9153	0
9154	0
9155	0
9156	0
9157	0
9158	0
9159	0
9160	0
9161	1
9162	0
9163	0
9164	0
9165	0
9166	0
9167	1
9168	1
9169	0
9170	1
9171	1
9172	0
9173	0
9174	0
9175	0
9176	0
9177	0
9178	0
9179	0
9180	0
9181	0
9182	0
9183	0
9184	1
9185	0
9186	0
9187	0
9188	0
9189	0
9190	1
9191	0
9192	1
9193	1
9194	0
9195	1
9196	1
9197	0
9198	0
9199	1
9200	2
9201	0
9202	1
9203	0
9204	0
9205	0
9206	1
9207	0
9208	0
9209	0
9210	0
9211	1
9212	0
9213	0
9214	0
9215	0
9216	0
9217	0
9218	1
9219	0
9220	1
9221	0
9222	1
9223	0
9224	0
9225	0
9226	0
9227	0
9228	1
9229	1
9230	0
9231	1
9232	0
9233	0
9234	1
9235	0
9236	0
9237	0
9238	0
9239	0
9240	0
9241	0
9242	0
9243	1
9244	0
9245	1
9246	0
9247	0
9248	1
9249	0
9250	0
9251	1
9252	0
9253	0
9254	0
9255	0
9256	1
9257	0
9258	0
9259	0
9260	0
9261	1
9262	0
9263	0
9264	0
9265	0
9266	0
9267	0
9268	0
9269	0
9270	0
9271	0
9272	2
9273	1
9274	0
9275	0
9276	0
9277	1
9278	1
9279	0
9280	0
9281	0
9282	0
9283	0
9284	0
9285	0
9286	0
9287	0
9288	1
9289	0
9290	0
9291	0
9292	0
9293	0
9294	0
9295	0
9296	0
9297	0
9298	0
9299	0
9300	0
9301	0
9302	0
9303	1
9304	0
9305	0
9306	0
9307	2
9308	1
9309	0
9310	0
9311	1
9312	0
9313	0
9314	0
9315	3
9316	0
9317	1
9318	1
9319	1
9320	1
9321	0
9322	0
9323	0
9324	0
9325	0
9326	0
9327	0
9328	0
9329	1
9330	0
9331	0
9332	0
9333	0
9334	0
9335	0
9336	0
9337	1
9338	0
9339	1
9340	0
9341	1
9342	0
9343	0
9344	0
9345	0
9346	0
9347	0
9348	0
9349	0
9350	1
9351	0
9352	0
9353	0
9354	0
9355	0
9356	0
9357	0
9358	0
9359	2
9360	0
9361	0
9362	0
9363	1
9364	0
9365	0
9366	0
9367	0
9368	1
9369	0
9370	0
9371	0
9372	1
9373	2
9374	1
9375	0
9376	1
9377	1
9378	0
9379	0
9380	1
9381	0
9382	0
9383	0
9384	0
9385	0
9386	1
9387	0
9388	0
9389	1
9390	0
9391	0
9392	1
9393	1
9394	0
9395	0
9396	0
9397	1
9398	1
9399	0
9400	1
9401	0
9402	1
9403	1
9404	0
9405	0
9406	2
9407	0
9408	0
9409	0
9410	0
9411	0
9412	3
9413	0
9414	0
9415	0
9416	0
9417	0
9418	1
9419	0
9420	1
9421	1
9422	0
9423	0
9424	0
9425	0
9426	0
9427	1
9428	3
9429	0
9430	0
9431	0
9432	0
9433	2
9434	2
9435	0
9436	1
9437	1
9438	0
9439	1
9440	2
9441	0
9442	1
9443	0
9444	0
9445	0
9446	0
9447	1
9448	1
9449	0
9450	0
9451	1
9452	1
9453	0
9454	0
9455	0
9456	0
9457	0
9458	2
9459	0
9460	0
9461	1
9462	0
9463	1
9464	0
9465	0
9466	0
9467	0
9468	0
9469	0
9470	1
9471	0
9472	0
9473	2
9474	1
9475	1
9476	2
9477	1
9478	0
9479	0
9480	0
9481	0
9482	1
9483	0
9484	1
9485	1
9486	1
9487	0
9488	1
9489	0
9490	2
9491	0
9492	1
9493	0
9494	0
9495	1
9496	0
9497	0
9498	1
9499	0
9500	0
9501	1
9502	0
9503	0
9504	1
9505	0
9506	0
9507	0
9508	0
9509	1
9510	0
9511	0
9512	0
9513	0
9514	0
9515	0
9516	0
9517	2
9518	0
9519	0
9520	0
9521	0
9522	0
9523	0
9524	0
9525	0
9526	1
9527	0
9528	0
9529	0
9530	0
9531	0
9532	0
9533	1
9534	0
9535	0
9536	0
9537	1
9538	0
9539	0
9540	0
9541	0
9542	1
9543	1
9544	0
9545	1
9546	0
9547	0
9548	0
9549	0
9550	1
9551	1
9552	1
9553	0
9554	0
9555	0
9556	0
9557	0
9558	0
9559	0
9560	0
9561	0
9562	1
9563	0
9564	0
9565	0
9566	0
9567	0
9568	1
9569	0
9570	0
9571	1
9572	0
9573	0
9574	0
9575	1
9576	0
9577	0
9578	1
9579	0
9580	0
9581	0
9582	0
9583	1
9584	0
9585	0
9586	0
9587	0
9588	0
9589	2
9590	2
9591	0
9592	0
9593	0
9594	0
9595	0
9596	0
9597	1
9598	0
9599	0
9600	1
9601	1
9602	0
9603	1
9604	1
9605	1
9606	0
9607	0
9608	0
9609	0
9610	0
9611	0
9612	0
9613	0
9614	0
9615	0
9616	0
9617	1
9618	0
9619	0
9620	0
9621	0
9622	1
9623	0
9624	0
9625	0
9626	0
9627	1
9628	0
9629	0
9630	0
9631	0
9632	0
9633	0
9634	0
9635	2
9636	0
9637	0
9638	1
9639	0
9640	0
9641	0
9642	1
9643	1
9644	0
9645	2
9646	1
9647	0
9648	1
9649	0
9650	0
9651	0
9652	0
9653	1
9654	0
9655	0
9656	0
9657	1
9658	1
9659	1
9660	0
9661	0
9662	0
9663	0
9664	0
9665	1
9666	0
9667	0
9668	0
9669	1
9670	2
9671	1
9672	0
9673	0
9674	0
9675	1
9676	0
9677	0
9678	0
9679	2
9680	0
9681	0
9682	0
9683	0
9684	1
9685	0
9686	0
9687	0
9688	0
9689	1
9690	0
9691	0
9692	0
9693	0
9694	1
9695	0
9696	0
9697	0
9698	0
9699	0
9700	1
9701	0
9702	0
9703	0
9704	0
9705	0
9706	0
9707	0
9708	0
9709	0
9710	0
9711	0
9712	1
9713	0
9714	1
9715	1
9716	0
9717	0
9718	0
9719	0
9720	0
9721	0
9722	0
9723	0
9724	0
9725	0
9726	0
9727	2
9728	1
9729	0
9730	0
9731	0
9732	0
9733	0
9734	0
9735	1
9736	1
9737	0
9738	0
9739	1
9740	0
9741	0
9742	0
9743	0
9744	0
9745	1
9746	0
9747	1
9748	0
9749	0
9750	0
9751	0
9752	0
9753	2
9754	2
9755	0
9756	0
9757	1
9758	0
9759	0
9760	0
9761	1
9762	0
9763	1
9764	1
9765	0
9766	0
9767	0
9768	1
9769	1
9770	2
9771	1
9772	2
9773	1
9774	0
9775	1
9776	0
9777	0
9778	0
9779	0
9780	1
9781	0
9782	2
9783	1
9784	0
9785	0
9786	1
9787	0
9788	0
9789	0
9790	1
9791	1
9792	0
9793	0
9794	0
9795	1
9796	0
9797	1
9798	1
9799	1
9800	1
9801	1
9802	0
9803	0
9804	2
9805	0
9806	0
9807	1
9808	2
9809	1
9810	0
9811	0
9812	1
9813	1
9814	1
9815	1
9816	2
9817	0
9818	0
9819	3
9820	2
9821	0
9822	0
9823	0
9824	0
9825	2
9826	0
9827	2
9828	0
9829	1
9830	2
9831	0
9832	0
9833	0
9834	1
9835	1
9836	0
9837	1
9838	1
9839	0
9840	1
9841	1
9842	0
9843	1
9844	1
9845	0
9846	0
9847	0
9848	1
9849	0
9850	0
9851	0
9852	0
9853	0
9854	2
9855	3
9856	0
9857	0
9858	0
9859	1
9860	1
9861	1
9862	0
9863	1
9864	0
9865	2
9866	0
9867	1
9868	2
9869	0
9870	1
9871	0
9872	0
9873	1
9874	0
9875	0
9876	1
9877	0
9878	0
9879	2
9880	0
9881	0
9882	0
9883	0
9884	0
9885	1
9886	1
9887	0
9888	0
9889	0
9890	0
9891	2
9892	0
9893	1
9894	0
9895	1
9896	0
9897	0
9898	1
9899	0
9900	0
9901	1
9902	0
9903	0
9904	0
9905	0
9906	0
9907	0
9908	0
9909	0
9910	0
9911	3
9912	0
9913	0
9914	0
9915	0
9916	1
9917	0
9918	0
9919	1
9920	1
9921	0
9922	1
9923	1
9924	0
9925	0
9926	1
9927	0
9928	0
9929	0
9930	1
9931	0
9932	1
9933	0
9934	0
9935	0
9936	0
9937	0
9938	1
9939	0
9940	0
9941	0
9942	0
9943	1
9944	2
9945	1
9946	0
9947	0
9948	0
9949	1
9950	0
9951	0
9952	1
9953	0
9954	0
9955	1
9956	1
9957	0
9958	0
9959	1
9960	0
9961	0
9962	0
9963	0
9964	0
9965	1
9966	1
9967	0
9968	0
9969	0
9970	0
9971	0
9972	0
9973	0
9974	1
9975	0
9976	0
9977	1
9978	0
9979	0
9980	1
9981	0
9982	0
9983	0
9984	0
9985	0
9986	0
9987	0
9988	0
9989	0
9990	1
9991	0
9992	1
9993	0
9994	0
9995	0
9996	1
9997	1
9998	1
9999	0
10000	0
