1	365492636
2	9343663
3	2678595
4	1983203
5	1892699
6	2079083
7	2292072
8	2461514
9	2566955
10	2631664
11	2682367
12	2734311
13	2831580
14	2996474
15	3243224
16	3572318
17	3990432
18	4462667
19	4998406
20	5549936
21	6110247
22	6629219
23	7089462
24	7435569
25	7670985
26	7750144
27	7683941
28	7468218
29	7099513
30	6627328
31	6050755
32	5432512
33	4772939
34	4122707
35	3494313
36	2919460
37	2394593
38	1935364
39	1537339
40	1209733
41	939913
42	722798
43	552942
44	422122
45	324551
46	250036
47	197165
48	157990
49	129826
50	109753
51	96591
52	87324
53	80726
54	75144
55	71532
56	68968
57	66753
58	64159
59	62354
60	60231
61	58390
62	56212
63	54653
64	51947
65	49723
66	47657
67	45600
68	43829
69	41734
70	40185
71	38160
72	36512
73	34976
74	33782
75	32197
76	30514
77	29319
78	28256
79	27004
80	26309
81	25199
82	23967
83	23396
84	22478
85	21630
86	21131
87	20620
88	19788
89	19361
90	18776
91	18107
92	17879
93	17715
94	17340
95	17013
96	16453
97	16140
98	16131
99	15554
100	14947
101	14571
102	14371
103	13860
104	13575
105	13188
106	12750
107	12617
108	12484
109	12384
110	12168
111	11840
112	11402
113	11308
114	11052
115	10850
116	10492
117	10434
118	10331
119	10024
120	9918
121	9662
122	9580
123	9529
124	9615
125	9480
126	9033
127	9226
128	9263
129	8886
130	8660
131	8851
132	8485
133	8309
134	8315
135	8126
136	8179
137	7917
138	7901
139	7633
140	7732
141	7558
142	7525
143	7387
144	7357
145	7242
146	7137
147	6960
148	6956
149	6924
150	6629
151	6623
152	6638
153	6364
154	6584
155	6404
156	6063
157	6023
158	6036
159	5895
160	5782
161	5761
162	5801
163	5818
164	5664
165	5489
166	5499
167	5363
168	5324
169	5155
170	5135
171	4944
172	4924
173	5030
174	4904
175	4991
176	4871
177	4823
178	4800
179	4655
180	4639
181	4537
182	4441
183	4450
184	4422
185	4371
186	4331
187	4219
188	4256
189	4205
190	4100
191	4110
192	4086
193	3865
194	3866
195	3801
196	3737
197	3642
198	3654
199	3653
200	3537
201	3538
202	3518
203	3472
204	3269
205	3275
206	3258
207	3295
208	3197
209	3231
210	3216
211	3220
212	3214
213	3053
214	3127
215	3018
216	2960
217	3032
218	2984
219	2961
220	2866
221	2981
222	2752
223	2832
224	2839
225	2658
226	2840
227	2737
228	2708
229	2628
230	2765
231	2671
232	2597
233	2662
234	2564
235	2559
236	2566
237	2522
238	2637
239	2457
240	2531
241	2557
242	2569
243	2357
244	2366
245	2385
246	2431
247	2375
248	2354
249	2352
250	2383
251	2370
252	2309
253	2249
254	2129
255	2256
256	2160
257	2082
258	2080
259	2166
260	2048
261	2164
262	2006
263	2044
264	2072
265	1912
266	1997
267	1998
268	1962
269	1893
270	1934
271	1836
272	1853
273	1856
274	1806
275	1920
276	1789
277	1779
278	1771
279	1788
280	1758
281	1737
282	1753
283	1785
284	1841
285	1781
286	1755
287	1723
288	1825
289	1774
290	1733
291	1792
292	1723
293	1670
294	1663
295	1670
296	1653
297	1622
298	1593
299	1637
300	1615
301	1546
302	1576
303	1508
304	1467
305	1574
306	1555
307	1585
308	1466
309	1544
310	1427
311	1436
312	1498
313	1441
314	1461
315	1446
316	1394
317	1383
318	1348
319	1393
320	1367
321	1417
322	1411
323	1413
324	1386
325	1308
326	1368
327	1371
328	1336
329	1318
330	1332
331	1348
332	1265
333	1330
334	1274
335	1229
336	1331
337	1238
338	1306
339	1239
340	1243
341	1247
342	1229
343	1248
344	1239
345	1255
346	1226
347	1186
348	1246
349	1216
350	1204
351	1163
352	1160
353	1152
354	1118
355	1113
356	1129
357	1044
358	1155
359	1074
360	1100
361	1109
362	1127
363	1040
364	1026
365	1090
366	1060
367	977
368	966
369	1039
370	1004
371	983
372	1032
373	1020
374	1113
375	1070
376	983
377	1042
378	1052
379	1008
380	990
381	977
382	1026
383	1026
384	948
385	965
386	967
387	949
388	1024
389	1021
390	994
391	948
392	992
393	1035
394	979
395	1011
396	1006
397	1037
398	920
399	922
400	927
401	914
402	947
403	894
404	963
405	906
406	861
407	906
408	916
409	885
410	914
411	941
412	916
413	865
414	859
415	895
416	858
417	840
418	852
419	851
420	866
421	847
422	826
423	801
424	827
425	833
426	805
427	793
428	823
429	805
430	785
431	770
432	814
433	784
434	782
435	794
436	779
437	778
438	751
439	778
440	748
441	798
442	779
443	782
444	761
445	765
446	802
447	744
448	758
449	797
450	709
451	705
452	738
453	742
454	767
455	709
456	732
457	742
458	728
459	763
460	736
461	711
462	753
463	709
464	687
465	687
466	692
467	657
468	668
469	668
470	667
471	684
472	629
473	648
474	676
475	665
476	622
477	636
478	653
479	675
480	660
481	605
482	631
483	638
484	584
485	602
486	607
487	571
488	638
489	607
490	646
491	599
492	586
493	553
494	569
495	565
496	591
497	540
498	590
499	578
500	533
501	571
502	598
503	579
504	567
505	514
506	570
507	534
508	585
509	589
510	590
511	562
512	508
513	551
514	575
515	586
516	569
517	552
518	611
519	570
520	556
521	536
522	563
523	566
524	550
525	550
526	579
527	569
528	536
529	522
530	518
531	542
532	526
533	490
534	490
535	546
536	478
537	511
538	450
539	506
540	493
541	495
542	492
543	499
544	480
545	454
546	459
547	489
548	417
549	464
550	430
551	467
552	440
553	416
554	438
555	456
556	446
557	469
558	426
559	437
560	399
561	440
562	427
563	435
564	400
565	449
566	485
567	453
568	463
569	468
570	443
571	423
572	431
573	465
574	433
575	473
576	448
577	429
578	396
579	407
580	415
581	419
582	386
583	428
584	423
585	429
586	406
587	441
588	391
589	411
590	389
591	415
592	453
593	427
594	459
595	415
596	444
597	397
598	434
599	395
600	412
601	412
602	408
603	411
604	380
605	388
606	402
607	387
608	370
609	406
610	376
611	394
612	382
613	371
614	388
615	361
616	378
617	363
618	335
619	374
620	417
621	388
622	371
623	396
624	361
625	353
626	335
627	340
628	340
629	356
630	355
631	369
632	342
633	357
634	402
635	323
636	378
637	339
638	377
639	341
640	373
641	357
642	342
643	360
644	371
645	374
646	334
647	380
648	383
649	361
650	333
651	376
652	343
653	380
654	365
655	320
656	348
657	367
658	342
659	319
660	343
661	390
662	347
663	354
664	341
665	348
666	331
667	363
668	317
669	355
670	342
671	330
672	342
673	346
674	334
675	299
676	347
677	359
678	350
679	304
680	315
681	311
682	364
683	321
684	321
685	318
686	330
687	338
688	354
689	344
690	319
691	351
692	307
693	330
694	329
695	333
696	284
697	345
698	370
699	314
700	343
701	295
702	319
703	323
704	321
705	319
706	307
707	345
708	334
709	327
710	295
711	324
712	314
713	319
714	322
715	315
716	311
717	307
718	322
719	353
720	298
721	310
722	338
723	283
724	319
725	295
726	315
727	309
728	321
729	299
730	294
731	280
732	300
733	291
734	313
735	305
736	288
737	306
738	272
739	283
740	284
741	307
742	308
743	291
744	308
745	282
746	280
747	275
748	307
749	280
750	249
751	259
752	310
753	279
754	288
755	298
756	262
757	266
758	290
759	257
760	249
761	276
762	247
763	252
764	274
765	257
766	278
767	262
768	244
769	267
770	263
771	254
772	284
773	261
774	273
775	282
776	255
777	264
778	256
779	274
780	278
781	298
782	275
783	260
784	293
785	273
786	257
787	217
788	259
789	252
790	265
791	268
792	268
793	271
794	266
795	292
796	250
797	239
798	301
799	262
800	257
801	279
802	254
803	234
804	253
805	271
806	276
807	257
808	254
809	226
810	210
811	265
812	244
813	232
814	243
815	260
816	257
817	219
818	235
819	227
820	243
821	223
822	254
823	246
824	234
825	225
826	228
827	257
828	250
829	220
830	216
831	247
832	219
833	233
834	242
835	206
836	215
837	224
838	231
839	214
840	245
841	216
842	209
843	212
844	216
845	204
846	219
847	202
848	221
849	206
850	194
851	245
852	227
853	185
854	204
855	225
856	216
857	202
858	201
859	196
860	225
861	211
862	200
863	200
864	211
865	214
866	189
867	215
868	157
869	193
870	197
871	209
872	212
873	204
874	175
875	204
876	211
877	206
878	220
879	180
880	196
881	198
882	191
883	196
884	185
885	190
886	201
887	185
888	185
889	162
890	178
891	180
892	186
893	203
894	207
895	183
896	207
897	208
898	199
899	227
900	181
901	191
902	183
903	205
904	207
905	181
906	206
907	176
908	195
909	175
910	200
911	210
912	162
913	177
914	169
915	192
916	193
917	184
918	188
919	185
920	178
921	170
922	180
923	160
924	172
925	151
926	172
927	189
928	187
929	181
930	165
931	173
932	160
933	164
934	177
935	174
936	155
937	157
938	182
939	158
940	147
941	167
942	177
943	174
944	176
945	148
946	159
947	157
948	131
949	166
950	160
951	162
952	176
953	180
954	169
955	164
956	165
957	150
958	143
959	164
960	160
961	149
962	144
963	148
964	158
965	169
966	175
967	157
968	176
969	182
970	172
971	159
972	147
973	174
974	150
975	154
976	147
977	134
978	148
979	142
980	149
981	135
982	163
983	127
984	161
985	140
986	127
987	122
988	137
989	140
990	137
991	134
992	133
993	146
994	150
995	126
996	149
997	130
998	147
999	142
1000	130
1001	124
1002	125
1003	104
1004	119
1005	149
1006	140
1007	143
1008	126
1009	138
1010	152
1011	129
1012	145
1013	138
1014	137
1015	142
1016	149
1017	126
1018	121
1019	166
1020	108
1021	139
1022	119
1023	122
1024	140
1025	123
1026	145
1027	126
1028	109
1029	142
1030	125
1031	140
1032	129
1033	142
1034	122
1035	126
1036	123
1037	108
1038	123
1039	120
1040	113
1041	107
1042	132
1043	130
1044	128
1045	112
1046	119
1047	117
1048	141
1049	121
1050	117
1051	103
1052	114
1053	131
1054	133
1055	111
1056	131
1057	132
1058	113
1059	114
1060	118
1061	134
1062	150
1063	119
1064	130
1065	129
1066	126
1067	121
1068	121
1069	122
1070	120
1071	133
1072	130
1073	113
1074	110
1075	107
1076	98
1077	132
1078	133
1079	97
1080	114
1081	104
1082	133
1083	96
1084	104
1085	111
1086	109
1087	112
1088	101
1089	101
1090	129
1091	114
1092	114
1093	109
1094	113
1095	112
1096	107
1097	113
1098	104
1099	119
1100	102
1101	120
1102	107
1103	116
1104	120
1105	119
1106	121
1107	127
1108	108
1109	105
1110	106
1111	115
1112	126
1113	121
1114	118
1115	113
1116	114
1117	111
1118	122
1119	102
1120	98
1121	124
1122	99
1123	111
1124	124
1125	109
1126	117
1127	115
1128	108
1129	109
1130	121
1131	107
1132	109
1133	107
1134	108
1135	97
1136	116
1137	110
1138	102
1139	105
1140	105
1141	90
1142	108
1143	118
1144	123
1145	126
1146	123
1147	93
1148	99
1149	109
1150	119
1151	100
1152	93
1153	98
1154	110
1155	83
1156	109
1157	92
1158	96
1159	85
1160	99
1161	108
1162	101
1163	85
1164	83
1165	97
1166	82
1167	89
1168	110
1169	94
1170	121
1171	100
1172	100
1173	103
1174	122
1175	117
1176	112
1177	108
1178	90
1179	87
1180	93
1181	105
1182	111
1183	98
1184	102
1185	82
1186	94
1187	98
1188	108
1189	86
1190	87
1191	90
1192	93
1193	87
1194	105
1195	89
1196	60
1197	88
1198	73
1199	82
1200	77
1201	91
1202	86
1203	91
1204	96
1205	89
1206	102
1207	103
1208	92
1209	82
1210	87
1211	90
1212	98
1213	95
1214	73
1215	85
1216	109
1217	103
1218	91
1219	87
1220	74
1221	83
1222	82
1223	71
1224	87
1225	81
1226	73
1227	80
1228	93
1229	91
1230	88
1231	84
1232	71
1233	70
1234	70
1235	81
1236	75
1237	77
1238	81
1239	92
1240	97
1241	78
1242	101
1243	90
1244	91
1245	79
1246	79
1247	81
1248	87
1249	91
1250	90
1251	72
1252	90
1253	94
1254	91
1255	89
1256	86
1257	79
1258	96
1259	80
1260	78
1261	83
1262	77
1263	69
1264	83
1265	69
1266	74
1267	70
1268	75
1269	87
1270	89
1271	75
1272	85
1273	66
1274	75
1275	76
1276	69
1277	68
1278	74
1279	74
1280	84
1281	71
1282	69
1283	61
1284	84
1285	69
1286	70
1287	62
1288	67
1289	58
1290	73
1291	73
1292	64
1293	55
1294	72
1295	66
1296	72
1297	68
1298	60
1299	74
1300	64
1301	70
1302	56
1303	56
1304	70
1305	63
1306	76
1307	79
1308	71
1309	65
1310	55
1311	79
1312	87
1313	75
1314	86
1315	71
1316	84
1317	83
1318	65
1319	62
1320	65
1321	68
1322	76
1323	61
1324	64
1325	64
1326	86
1327	66
1328	65
1329	60
1330	74
1331	68
1332	55
1333	76
1334	64
1335	56
1336	68
1337	72
1338	66
1339	60
1340	65
1341	64
1342	83
1343	69
1344	62
1345	62
1346	55
1347	61
1348	52
1349	73
1350	61
1351	64
1352	62
1353	54
1354	58
1355	48
1356	55
1357	60
1358	66
1359	64
1360	63
1361	60
1362	68
1363	67
1364	68
1365	46
1366	74
1367	71
1368	72
1369	65
1370	71
1371	74
1372	66
1373	75
1374	54
1375	61
1376	53
1377	67
1378	78
1379	65
1380	62
1381	64
1382	72
1383	49
1384	54
1385	57
1386	72
1387	54
1388	75
1389	61
1390	58
1391	62
1392	60
1393	60
1394	80
1395	69
1396	66
1397	65
1398	58
1399	71
1400	58
1401	51
1402	55
1403	53
1404	67
1405	57
1406	63
1407	65
1408	68
1409	62
1410	63
1411	60
1412	62
1413	81
1414	62
1415	60
1416	58
1417	67
1418	51
1419	68
1420	50
1421	57
1422	55
1423	61
1424	50
1425	66
1426	61
1427	74
1428	61
1429	58
1430	73
1431	53
1432	60
1433	56
1434	61
1435	54
1436	64
1437	61
1438	51
1439	57
1440	61
1441	66
1442	68
1443	57
1444	66
1445	57
1446	69
1447	57
1448	58
1449	51
1450	46
1451	60
1452	59
1453	56
1454	58
1455	49
1456	68
1457	45
1458	59
1459	58
1460	68
1461	59
1462	59
1463	67
1464	62
1465	57
1466	56
1467	50
1468	69
1469	68
1470	48
1471	53
1472	57
1473	56
1474	54
1475	59
1476	57
1477	56
1478	64
1479	55
1480	48
1481	39
1482	53
1483	54
1484	62
1485	51
1486	49
1487	39
1488	42
1489	52
1490	48
1491	70
1492	47
1493	54
1494	57
1495	53
1496	56
1497	57
1498	47
1499	51
1500	57
1501	40
1502	57
1503	56
1504	44
1505	61
1506	56
1507	48
1508	44
1509	58
1510	47
1511	51
1512	54
1513	55
1514	57
1515	60
1516	50
1517	47
1518	50
1519	41
1520	48
1521	55
1522	52
1523	51
1524	55
1525	56
1526	56
1527	54
1528	63
1529	55
1530	44
1531	60
1532	60
1533	69
1534	58
1535	64
1536	43
1537	65
1538	45
1539	48
1540	48
1541	36
1542	52
1543	50
1544	50
1545	59
1546	48
1547	54
1548	45
1549	67
1550	44
1551	54
1552	66
1553	51
1554	46
1555	61
1556	59
1557	45
1558	55
1559	47
1560	46
1561	59
1562	43
1563	47
1564	52
1565	43
1566	42
1567	44
1568	64
1569	44
1570	62
1571	39
1572	48
1573	51
1574	45
1575	56
1576	47
1577	50
1578	44
1579	52
1580	45
1581	54
1582	50
1583	51
1584	44
1585	60
1586	52
1587	51
1588	37
1589	50
1590	57
1591	51
1592	50
1593	49
1594	38
1595	51
1596	48
1597	47
1598	49
1599	57
1600	58
1601	46
1602	45
1603	63
1604	42
1605	42
1606	48
1607	39
1608	47
1609	51
1610	37
1611	43
1612	40
1613	44
1614	50
1615	51
1616	47
1617	46
1618	43
1619	44
1620	46
1621	54
1622	49
1623	53
1624	37
1625	41
1626	57
1627	56
1628	43
1629	50
1630	48
1631	53
1632	47
1633	51
1634	28
1635	42
1636	41
1637	51
1638	39
1639	44
1640	45
1641	55
1642	45
1643	43
1644	66
1645	50
1646	44
1647	55
1648	56
1649	59
1650	42
1651	44
1652	55
1653	51
1654	50
1655	49
1656	47
1657	55
1658	51
1659	46
1660	53
1661	49
1662	36
1663	48
1664	44
1665	56
1666	55
1667	45
1668	33
1669	48
1670	46
1671	41
1672	40
1673	49
1674	37
1675	34
1676	48
1677	47
1678	45
1679	47
1680	42
1681	42
1682	50
1683	47
1684	36
1685	42
1686	50
1687	40
1688	52
1689	50
1690	53
1691	42
1692	40
1693	59
1694	43
1695	36
1696	35
1697	49
1698	33
1699	43
1700	44
1701	43
1702	38
1703	50
1704	51
1705	40
1706	41
1707	39
1708	37
1709	38
1710	36
1711	35
1712	40
1713	41
1714	33
1715	44
1716	47
1717	56
1718	35
1719	42
1720	39
1721	31
1722	45
1723	51
1724	40
1725	37
1726	45
1727	44
1728	52
1729	48
1730	50
1731	43
1732	39
1733	43
1734	46
1735	32
1736	41
1737	42
1738	38
1739	49
1740	48
1741	44
1742	36
1743	46
1744	40
1745	35
1746	43
1747	43
1748	44
1749	40
1750	45
1751	32
1752	40
1753	38
1754	37
1755	46
1756	46
1757	44
1758	41
1759	32
1760	46
1761	50
1762	40
1763	38
1764	45
1765	51
1766	45
1767	40
1768	42
1769	36
1770	35
1771	44
1772	33
1773	51
1774	29
1775	52
1776	36
1777	29
1778	50
1779	38
1780	30
1781	42
1782	43
1783	27
1784	43
1785	41
1786	38
1787	39
1788	37
1789	43
1790	43
1791	45
1792	31
1793	47
1794	43
1795	47
1796	39
1797	39
1798	47
1799	48
1800	40
1801	42
1802	44
1803	34
1804	42
1805	39
1806	38
1807	36
1808	45
1809	37
1810	39
1811	43
1812	51
1813	41
1814	42
1815	40
1816	34
1817	39
1818	45
1819	38
1820	42
1821	29
1822	36
1823	41
1824	37
1825	31
1826	31
1827	30
1828	31
1829	36
1830	41
1831	38
1832	35
1833	39
1834	32
1835	34
1836	41
1837	24
1838	35
1839	34
1840	52
1841	36
1842	48
1843	42
1844	43
1845	45
1846	51
1847	29
1848	33
1849	55
1850	47
1851	34
1852	32
1853	34
1854	50
1855	48
1856	41
1857	36
1858	39
1859	39
1860	39
1861	35
1862	48
1863	35
1864	39
1865	37
1866	45
1867	43
1868	36
1869	30
1870	31
1871	32
1872	45
1873	43
1874	35
1875	50
1876	38
1877	48
1878	35
1879	49
1880	30
1881	38
1882	40
1883	34
1884	38
1885	35
1886	34
1887	37
1888	50
1889	38
1890	37
1891	45
1892	46
1893	44
1894	36
1895	56
1896	44
1897	45
1898	29
1899	45
1900	36
1901	47
1902	40
1903	34
1904	30
1905	33
1906	39
1907	42
1908	28
1909	47
1910	40
1911	38
1912	46
1913	44
1914	40
1915	38
1916	37
1917	43
1918	35
1919	39
1920	32
1921	36
1922	39
1923	43
1924	36
1925	45
1926	40
1927	37
1928	36
1929	37
1930	31
1931	42
1932	33
1933	30
1934	37
1935	34
1936	41
1937	29
1938	38
1939	38
1940	35
1941	42
1942	38
1943	27
1944	31
1945	35
1946	36
1947	46
1948	38
1949	34
1950	34
1951	34
1952	51
1953	42
1954	35
1955	36
1956	48
1957	45
1958	44
1959	31
1960	39
1961	38
1962	35
1963	27
1964	31
1965	25
1966	38
1967	34
1968	23
1969	36
1970	23
1971	35
1972	28
1973	33
1974	29
1975	24
1976	38
1977	35
1978	30
1979	32
1980	32
1981	38
1982	29
1983	27
1984	27
1985	42
1986	31
1987	31
1988	29
1989	25
1990	36
1991	35
1992	38
1993	27
1994	29
1995	25
1996	31
1997	30
1998	27
1999	35
2000	40
2001	29
2002	47
2003	31
2004	38
2005	24
2006	26
2007	28
2008	40
2009	28
2010	31
2011	33
2012	25
2013	17
2014	41
2015	21
2016	16
2017	29
2018	36
2019	29
2020	29
2021	27
2022	29
2023	25
2024	44
2025	22
2026	32
2027	21
2028	41
2029	26
2030	32
2031	28
2032	25
2033	22
2034	38
2035	35
2036	31
2037	25
2038	17
2039	26
2040	28
2041	44
2042	34
2043	30
2044	29
2045	43
2046	35
2047	40
2048	39
2049	32
2050	30
2051	26
2052	32
2053	38
2054	32
2055	27
2056	38
2057	29
2058	26
2059	25
2060	38
2061	28
2062	33
2063	27
2064	24
2065	30
2066	40
2067	29
2068	26
2069	28
2070	21
2071	36
2072	31
2073	38
2074	23
2075	26
2076	26
2077	26
2078	26
2079	21
2080	33
2081	26
2082	33
2083	28
2084	23
2085	25
2086	24
2087	28
2088	30
2089	27
2090	40
2091	32
2092	28
2093	25
2094	26
2095	28
2096	32
2097	30
2098	33
2099	27
2100	33
2101	27
2102	26
2103	27
2104	26
2105	21
2106	29
2107	38
2108	21
2109	26
2110	31
2111	23
2112	27
2113	25
2114	36
2115	28
2116	38
2117	34
2118	27
2119	25
2120	29
2121	31
2122	40
2123	23
2124	31
2125	20
2126	33
2127	28
2128	23
2129	25
2130	32
2131	32
2132	35
2133	35
2134	36
2135	23
2136	33
2137	26
2138	44
2139	27
2140	33
2141	25
2142	25
2143	27
2144	34
2145	24
2146	24
2147	29
2148	32
2149	31
2150	27
2151	34
2152	21
2153	28
2154	33
2155	25
2156	24
2157	30
2158	27
2159	15
2160	29
2161	29
2162	26
2163	24
2164	41
2165	29
2166	26
2167	29
2168	30
2169	38
2170	27
2171	22
2172	37
2173	28
2174	37
2175	26
2176	29
2177	38
2178	25
2179	31
2180	21
2181	34
2182	35
2183	30
2184	34
2185	25
2186	30
2187	27
2188	28
2189	33
2190	29
2191	20
2192	24
2193	21
2194	32
2195	33
2196	25
2197	28
2198	27
2199	33
2200	24
2201	31
2202	25
2203	24
2204	33
2205	20
2206	32
2207	27
2208	36
2209	30
2210	31
2211	29
2212	27
2213	27
2214	20
2215	30
2216	36
2217	16
2218	35
2219	34
2220	23
2221	23
2222	33
2223	37
2224	36
2225	20
2226	35
2227	35
2228	26
2229	24
2230	26
2231	19
2232	24
2233	26
2234	26
2235	33
2236	36
2237	21
2238	24
2239	32
2240	34
2241	22
2242	31
2243	30
2244	30
2245	25
2246	28
2247	27
2248	39
2249	37
2250	36
2251	27
2252	24
2253	31
2254	30
2255	24
2256	27
2257	25
2258	26
2259	29
2260	28
2261	39
2262	26
2263	27
2264	34
2265	29
2266	25
2267	34
2268	14
2269	32
2270	27
2271	27
2272	33
2273	15
2274	29
2275	27
2276	33
2277	23
2278	30
2279	28
2280	25
2281	21
2282	20
2283	27
2284	28
2285	27
2286	21
2287	25
2288	25
2289	25
2290	26
2291	26
2292	22
2293	25
2294	21
2295	28
2296	21
2297	19
2298	18
2299	23
2300	18
2301	13
2302	26
2303	25
2304	30
2305	19
2306	23
2307	28
2308	24
2309	19
2310	28
2311	23
2312	20
2313	27
2314	22
2315	23
2316	24
2317	31
2318	30
2319	22
2320	20
2321	35
2322	16
2323	26
2324	26
2325	16
2326	21
2327	25
2328	21
2329	22
2330	19
2331	20
2332	23
2333	21
2334	11
2335	21
2336	18
2337	27
2338	19
2339	23
2340	27
2341	32
2342	34
2343	24
2344	29
2345	22
2346	20
2347	29
2348	26
2349	20
2350	14
2351	25
2352	24
2353	18
2354	20
2355	30
2356	17
2357	22
2358	23
2359	28
2360	28
2361	22
2362	16
2363	23
2364	23
2365	22
2366	26
2367	24
2368	21
2369	17
2370	25
2371	13
2372	22
2373	22
2374	23
2375	21
2376	26
2377	24
2378	26
2379	24
2380	27
2381	25
2382	19
2383	27
2384	30
2385	19
2386	14
2387	22
2388	15
2389	36
2390	23
2391	20
2392	20
2393	19
2394	33
2395	17
2396	31
2397	21
2398	17
2399	19
2400	24
2401	28
2402	19
2403	15
2404	18
2405	21
2406	20
2407	22
2408	14
2409	25
2410	35
2411	23
2412	28
2413	25
2414	11
2415	21
2416	25
2417	18
2418	25
2419	22
2420	16
2421	26
2422	15
2423	21
2424	24
2425	24
2426	15
2427	29
2428	26
2429	30
2430	26
2431	24
2432	15
2433	22
2434	19
2435	21
2436	14
2437	15
2438	27
2439	23
2440	21
2441	24
2442	32
2443	16
2444	14
2445	29
2446	18
2447	25
2448	24
2449	13
2450	16
2451	19
2452	19
2453	18
2454	17
2455	18
2456	19
2457	25
2458	25
2459	14
2460	16
2461	19
2462	21
2463	13
2464	30
2465	21
2466	15
2467	25
2468	16
2469	22
2470	27
2471	23
2472	24
2473	31
2474	21
2475	19
2476	32
2477	23
2478	23
2479	27
2480	21
2481	21
2482	15
2483	19
2484	23
2485	21
2486	33
2487	29
2488	23
2489	24
2490	24
2491	19
2492	23
2493	22
2494	19
2495	15
2496	17
2497	19
2498	16
2499	20
2500	22
2501	20
2502	17
2503	24
2504	23
2505	17
2506	15
2507	12
2508	19
2509	23
2510	18
2511	16
2512	19
2513	12
2514	22
2515	17
2516	17
2517	23
2518	21
2519	10
2520	14
2521	26
2522	19
2523	16
2524	16
2525	19
2526	14
2527	25
2528	20
2529	19
2530	10
2531	24
2532	25
2533	23
2534	15
2535	24
2536	16
2537	15
2538	21
2539	11
2540	22
2541	15
2542	17
2543	23
2544	20
2545	23
2546	21
2547	22
2548	21
2549	17
2550	28
2551	22
2552	12
2553	23
2554	17
2555	22
2556	16
2557	25
2558	28
2559	19
2560	20
2561	17
2562	16
2563	29
2564	17
2565	18
2566	18
2567	20
2568	25
2569	24
2570	24
2571	19
2572	20
2573	27
2574	27
2575	24
2576	19
2577	23
2578	18
2579	19
2580	20
2581	21
2582	25
2583	22
2584	24
2585	24
2586	23
2587	16
2588	16
2589	21
2590	18
2591	19
2592	23
2593	24
2594	18
2595	29
2596	22
2597	31
2598	22
2599	25
2600	18
2601	25
2602	26
2603	16
2604	27
2605	16
2606	29
2607	24
2608	22
2609	30
2610	27
2611	18
2612	27
2613	23
2614	25
2615	18
2616	26
2617	15
2618	27
2619	28
2620	21
2621	14
2622	27
2623	19
2624	19
2625	17
2626	22
2627	17
2628	25
2629	26
2630	22
2631	29
2632	24
2633	21
2634	19
2635	21
2636	25
2637	20
2638	23
2639	20
2640	25
2641	22
2642	24
2643	25
2644	21
2645	20
2646	24
2647	15
2648	14
2649	21
2650	26
2651	23
2652	21
2653	16
2654	30
2655	29
2656	28
2657	23
2658	26
2659	23
2660	23
2661	22
2662	40
2663	25
2664	24
2665	42
2666	35
2667	26
2668	22
2669	25
2670	16
2671	26
2672	23
2673	24
2674	18
2675	14
2676	22
2677	16
2678	23
2679	23
2680	17
2681	23
2682	23
2683	20
2684	20
2685	28
2686	26
2687	24
2688	25
2689	25
2690	19
2691	11
2692	13
2693	26
2694	30
2695	27
2696	26
2697	22
2698	32
2699	21
2700	20
2701	26
2702	25
2703	27
2704	29
2705	19
2706	12
2707	22
2708	17
2709	24
2710	31
2711	31
2712	27
2713	30
2714	27
2715	24
2716	18
2717	21
2718	30
2719	22
2720	21
2721	26
2722	15
2723	18
2724	20
2725	22
2726	21
2727	23
2728	16
2729	20
2730	20
2731	20
2732	26
2733	23
2734	17
2735	22
2736	23
2737	23
2738	14
2739	30
2740	22
2741	23
2742	17
2743	15
2744	29
2745	15
2746	24
2747	24
2748	22
2749	17
2750	19
2751	24
2752	29
2753	14
2754	15
2755	30
2756	17
2757	19
2758	21
2759	19
2760	23
2761	13
2762	24
2763	21
2764	19
2765	23
2766	21
2767	23
2768	37
2769	22
2770	22
2771	27
2772	29
2773	22
2774	26
2775	26
2776	20
2777	19
2778	27
2779	19
2780	26
2781	20
2782	36
2783	14
2784	24
2785	20
2786	29
2787	25
2788	20
2789	28
2790	27
2791	18
2792	18
2793	15
2794	24
2795	18
2796	15
2797	25
2798	20
2799	27
2800	26
2801	26
2802	20
2803	20
2804	31
2805	20
2806	18
2807	32
2808	28
2809	22
2810	35
2811	20
2812	19
2813	32
2814	24
2815	25
2816	20
2817	24
2818	30
2819	39
2820	22
2821	23
2822	30
2823	27
2824	21
2825	27
2826	24
2827	20
2828	28
2829	25
2830	24
2831	24
2832	28
2833	32
2834	27
2835	22
2836	30
2837	17
2838	29
2839	29
2840	17
2841	35
2842	22
2843	27
2844	33
2845	26
2846	30
2847	29
2848	31
2849	32
2850	19
2851	40
2852	23
2853	30
2854	20
2855	24
2856	29
2857	23
2858	25
2859	30
2860	23
2861	35
2862	24
2863	23
2864	26
2865	20
2866	35
2867	26
2868	24
2869	25
2870	32
2871	21
2872	28
2873	32
2874	27
2875	23
2876	27
2877	21
2878	26
2879	31
2880	17
2881	27
2882	23
2883	27
2884	29
2885	26
2886	22
2887	22
2888	27
2889	22
2890	23
2891	24
2892	29
2893	30
2894	26
2895	33
2896	22
2897	27
2898	32
2899	28
2900	28
2901	22
2902	18
2903	26
2904	22
2905	28
2906	23
2907	31
2908	31
2909	28
2910	31
2911	20
2912	37
2913	31
2914	25
2915	27
2916	20
2917	32
2918	28
2919	23
2920	23
2921	31
2922	27
2923	26
2924	17
2925	19
2926	26
2927	25
2928	17
2929	27
2930	35
2931	20
2932	23
2933	28
2934	21
2935	23
2936	20
2937	29
2938	29
2939	28
2940	21
2941	20
2942	21
2943	26
2944	25
2945	20
2946	20
2947	16
2948	24
2949	22
2950	21
2951	16
2952	25
2953	25
2954	28
2955	21
2956	26
2957	27
2958	24
2959	26
2960	26
2961	23
2962	19
2963	24
2964	22
2965	28
2966	28
2967	21
2968	25
2969	25
2970	29
2971	14
2972	27
2973	25
2974	30
2975	22
2976	18
2977	26
2978	22
2979	21
2980	25
2981	23
2982	24
2983	22
2984	24
2985	33
2986	30
2987	31
2988	23
2989	25
2990	25
2991	23
2992	21
2993	21
2994	23
2995	23
2996	17
2997	21
2998	20
2999	27
3000	20
3001	17
3002	17
3003	27
3004	25
3005	24
3006	27
3007	33
3008	22
3009	20
3010	29
3011	23
3012	18
3013	28
3014	18
3015	23
3016	21
3017	24
3018	27
3019	33
3020	31
3021	18
3022	26
3023	19
3024	16
3025	22
3026	29
3027	25
3028	22
3029	13
3030	26
3031	32
3032	26
3033	16
3034	23
3035	29
3036	28
3037	13
3038	17
3039	30
3040	22
3041	29
3042	22
3043	25
3044	24
3045	24
3046	16
3047	17
3048	17
3049	19
3050	20
3051	14
3052	26
3053	21
3054	16
3055	21
3056	25
3057	17
3058	29
3059	16
3060	25
3061	24
3062	19
3063	19
3064	10
3065	17
3066	11
3067	16
3068	21
3069	21
3070	16
3071	16
3072	18
3073	21
3074	16
3075	22
3076	21
3077	21
3078	13
3079	22
3080	13
3081	20
3082	25
3083	16
3084	16
3085	24
3086	20
3087	13
3088	19
3089	15
3090	25
3091	20
3092	26
3093	25
3094	25
3095	33
3096	29
3097	18
3098	21
3099	19
3100	25
3101	26
3102	21
3103	22
3104	16
3105	20
3106	21
3107	22
3108	28
3109	20
3110	28
3111	21
3112	22
3113	21
3114	24
3115	17
3116	13
3117	25
3118	18
3119	29
3120	20
3121	20
3122	20
3123	25
3124	23
3125	15
3126	24
3127	25
3128	21
3129	22
3130	25
3131	21
3132	24
3133	26
3134	23
3135	24
3136	20
3137	24
3138	14
3139	13
3140	12
3141	22
3142	16
3143	21
3144	21
3145	35
3146	28
3147	17
3148	26
3149	21
3150	22
3151	18
3152	21
3153	26
3154	16
3155	19
3156	26
3157	19
3158	28
3159	24
3160	22
3161	21
3162	26
3163	15
3164	27
3165	17
3166	24
3167	14
3168	24
3169	16
3170	20
3171	12
3172	20
3173	23
3174	27
3175	15
3176	18
3177	16
3178	20
3179	31
3180	17
3181	24
3182	29
3183	15
3184	22
3185	24
3186	28
3187	22
3188	16
3189	20
3190	23
3191	16
3192	26
3193	15
3194	17
3195	17
3196	22
3197	24
3198	22
3199	19
3200	17
3201	19
3202	23
3203	19
3204	22
3205	20
3206	29
3207	14
3208	19
3209	20
3210	23
3211	24
3212	20
3213	30
3214	22
3215	19
3216	19
3217	24
3218	17
3219	23
3220	21
3221	20
3222	29
3223	11
3224	20
3225	35
3226	12
3227	15
3228	16
3229	15
3230	20
3231	25
3232	21
3233	21
3234	24
3235	21
3236	29
3237	26
3238	22
3239	27
3240	22
3241	21
3242	25
3243	24
3244	23
3245	19
3246	6
3247	20
3248	21
3249	29
3250	21
3251	28
3252	22
3253	28
3254	14
3255	13
3256	24
3257	25
3258	14
3259	22
3260	20
3261	19
3262	18
3263	24
3264	23
3265	15
3266	23
3267	20
3268	23
3269	26
3270	27
3271	25
3272	18
3273	16
3274	16
3275	14
3276	23
3277	29
3278	18
3279	21
3280	23
3281	31
3282	26
3283	24
3284	18
3285	27
3286	30
3287	21
3288	18
3289	27
3290	25
3291	19
3292	25
3293	22
3294	28
3295	21
3296	20
3297	18
3298	18
3299	23
3300	20
3301	30
3302	23
3303	16
3304	16
3305	25
3306	19
3307	22
3308	23
3309	17
3310	19
3311	23
3312	20
3313	27
3314	24
3315	24
3316	34
3317	24
3318	26
3319	20
3320	28
3321	20
3322	16
3323	33
3324	21
3325	16
3326	20
3327	25
3328	19
3329	16
3330	27
3331	19
3332	18
3333	20
3334	28
3335	30
3336	33
3337	16
3338	11
3339	22
3340	19
3341	17
3342	23
3343	21
3344	26
3345	21
3346	24
3347	22
3348	26
3349	19
3350	26
3351	20
3352	18
3353	21
3354	22
3355	22
3356	31
3357	22
3358	16
3359	28
3360	18
3361	33
3362	25
3363	23
3364	32
3365	21
3366	23
3367	24
3368	26
3369	19
3370	27
3371	22
3372	27
3373	16
3374	15
3375	25
3376	19
3377	26
3378	18
3379	18
3380	19
3381	14
3382	25
3383	14
3384	16
3385	11
3386	17
3387	23
3388	14
3389	20
3390	19
3391	17
3392	29
3393	25
3394	28
3395	32
3396	22
3397	27
3398	24
3399	21
3400	21
3401	17
3402	22
3403	21
3404	29
3405	21
3406	34
3407	22
3408	23
3409	21
3410	12
3411	23
3412	24
3413	30
3414	29
3415	21
3416	19
3417	27
3418	25
3419	25
3420	14
3421	21
3422	24
3423	20
3424	23
3425	26
3426	31
3427	24
3428	33
3429	25
3430	23
3431	16
3432	20
3433	24
3434	19
3435	24
3436	21
3437	24
3438	25
3439	21
3440	31
3441	28
3442	23
3443	27
3444	21
3445	21
3446	25
3447	23
3448	27
3449	29
3450	33
3451	28
3452	38
3453	25
3454	22
3455	36
3456	20
3457	22
3458	25
3459	22
3460	31
3461	29
3462	27
3463	25
3464	36
3465	28
3466	33
3467	34
3468	30
3469	30
3470	17
3471	26
3472	29
3473	20
3474	28
3475	20
3476	38
3477	36
3478	27
3479	33
3480	33
3481	34
3482	23
3483	42
3484	24
3485	25
3486	35
3487	43
3488	26
3489	31
3490	23
3491	28
3492	23
3493	41
3494	28
3495	36
3496	26
3497	33
3498	34
3499	31
3500	22
3501	37
3502	34
3503	35
3504	34
3505	22
3506	32
3507	35
3508	44
3509	28
3510	30
3511	36
3512	27
3513	27
3514	38
3515	25
3516	26
3517	24
3518	38
3519	28
3520	35
3521	28
3522	37
3523	23
3524	20
3525	22
3526	38
3527	46
3528	17
3529	30
3530	43
3531	34
3532	30
3533	36
3534	35
3535	28
3536	27
3537	30
3538	28
3539	39
3540	20
3541	29
3542	25
3543	34
3544	36
3545	34
3546	36
3547	29
3548	38
3549	39
3550	33
3551	37
3552	33
3553	33
3554	28
3555	29
3556	32
3557	24
3558	20
3559	37
3560	24
3561	33
3562	28
3563	31
3564	27
3565	25
3566	31
3567	27
3568	16
3569	26
3570	25
3571	32
3572	21
3573	20
3574	28
3575	24
3576	29
3577	27
3578	24
3579	23
3580	18
3581	27
3582	25
3583	24
3584	21
3585	33
3586	27
3587	22
3588	33
3589	28
3590	25
3591	19
3592	31
3593	20
3594	24
3595	21
3596	36
3597	37
3598	23
3599	21
3600	26
3601	25
3602	35
3603	30
3604	24
3605	19
3606	25
3607	31
3608	19
3609	25
3610	20
3611	23
3612	29
3613	31
3614	22
3615	35
3616	15
3617	20
3618	34
3619	25
3620	21
3621	31
3622	22
3623	27
3624	32
3625	21
3626	28
3627	23
3628	20
3629	31
3630	22
3631	23
3632	24
3633	25
3634	31
3635	30
3636	31
3637	26
3638	28
3639	19
3640	26
3641	33
3642	36
3643	19
3644	17
3645	21
3646	26
3647	30
3648	14
3649	20
3650	34
3651	22
3652	28
3653	18
3654	27
3655	26
3656	25
3657	25
3658	37
3659	28
3660	24
3661	21
3662	31
3663	22
3664	28
3665	25
3666	29
3667	31
3668	28
3669	33
3670	29
3671	27
3672	30
3673	40
3674	35
3675	18
3676	29
3677	24
3678	25
3679	29
3680	31
3681	35
3682	25
3683	32
3684	30
3685	26
3686	34
3687	25
3688	31
3689	19
3690	24
3691	33
3692	28
3693	31
3694	24
3695	22
3696	24
3697	19
3698	20
3699	24
3700	27
3701	30
3702	23
3703	32
3704	13
3705	24
3706	27
3707	28
3708	27
3709	22
3710	23
3711	32
3712	26
3713	18
3714	28
3715	25
3716	22
3717	25
3718	25
3719	22
3720	24
3721	32
3722	30
3723	30
3724	24
3725	24
3726	22
3727	19
3728	22
3729	21
3730	28
3731	31
3732	16
3733	25
3734	24
3735	24
3736	16
3737	24
3738	20
3739	32
3740	13
3741	32
3742	24
3743	34
3744	23
3745	21
3746	20
3747	21
3748	32
3749	16
3750	25
3751	15
3752	17
3753	21
3754	25
3755	22
3756	23
3757	18
3758	28
3759	25
3760	27
3761	35
3762	23
3763	28
3764	21
3765	31
3766	26
3767	20
3768	23
3769	23
3770	22
3771	21
3772	33
3773	24
3774	25
3775	19
3776	18
3777	24
3778	29
3779	19
3780	27
3781	28
3782	25
3783	19
3784	21
3785	22
3786	25
3787	23
3788	19
3789	25
3790	16
3791	32
3792	24
3793	21
3794	22
3795	20
3796	17
3797	19
3798	24
3799	22
3800	36
3801	22
3802	33
3803	16
3804	18
3805	25
3806	20
3807	19
3808	17
3809	25
3810	24
3811	30
3812	24
3813	25
3814	24
3815	31
3816	24
3817	25
3818	29
3819	25
3820	21
3821	25
3822	25
3823	32
3824	19
3825	21
3826	31
3827	28
3828	23
3829	19
3830	23
3831	27
3832	20
3833	24
3834	32
3835	29
3836	30
3837	32
3838	25
3839	23
3840	28
3841	17
3842	20
3843	23
3844	23
3845	28
3846	31
3847	24
3848	31
3849	31
3850	19
3851	32
3852	24
3853	25
3854	26
3855	24
3856	26
3857	32
3858	30
3859	28
3860	24
3861	22
3862	27
3863	34
3864	25
3865	19
3866	19
3867	26
3868	27
3869	21
3870	28
3871	23
3872	25
3873	19
3874	25
3875	21
3876	18
3877	30
3878	25
3879	35
3880	29
3881	28
3882	41
3883	34
3884	34
3885	20
3886	31
3887	23
3888	33
3889	35
3890	34
3891	25
3892	28
3893	24
3894	22
3895	25
3896	32
3897	26
3898	24
3899	29
3900	32
3901	28
3902	43
3903	37
3904	36
3905	25
3906	31
3907	28
3908	29
3909	37
3910	28
3911	25
3912	20
3913	24
3914	26
3915	33
3916	36
3917	29
3918	31
3919	27
3920	28
3921	29
3922	25
3923	26
3924	30
3925	31
3926	25
3927	37
3928	20
3929	29
3930	17
3931	25
3932	32
3933	30
3934	27
3935	28
3936	24
3937	25
3938	16
3939	26
3940	27
3941	32
3942	32
3943	33
3944	30
3945	27
3946	34
3947	29
3948	35
3949	24
3950	32
3951	28
3952	24
3953	22
3954	19
3955	27
3956	23
3957	21
3958	28
3959	22
3960	28
3961	26
3962	24
3963	35
3964	26
3965	28
3966	28
3967	18
3968	30
3969	26
3970	26
3971	31
3972	28
3973	16
3974	25
3975	17
3976	29
3977	30
3978	28
3979	27
3980	24
3981	24
3982	23
3983	21
3984	11
3985	20
3986	20
3987	20
3988	20
3989	21
3990	23
3991	29
3992	35
3993	16
3994	22
3995	23
3996	18
3997	19
3998	26
3999	21
4000	24
4001	36
4002	25
4003	9
4004	16
4005	21
4006	22
4007	20
4008	32
4009	19
4010	30
4011	20
4012	29
4013	19
4014	32
4015	19
4016	32
4017	20
4018	26
4019	24
4020	17
4021	27
4022	29
4023	20
4024	26
4025	18
4026	20
4027	27
4028	24
4029	22
4030	39
4031	22
4032	29
4033	19
4034	21
4035	34
4036	25
4037	16
4038	21
4039	20
4040	23
4041	24
4042	15
4043	23
4044	21
4045	23
4046	27
4047	18
4048	30
4049	20
4050	30
4051	22
4052	21
4053	23
4054	17
4055	20
4056	14
4057	25
4058	23
4059	16
4060	18
4061	18
4062	22
4063	30
4064	18
4065	26
4066	37
4067	20
4068	21
4069	23
4070	26
4071	24
4072	16
4073	25
4074	22
4075	22
4076	22
4077	25
4078	18
4079	25
4080	24
4081	30
4082	20
4083	22
4084	17
4085	29
4086	19
4087	23
4088	13
4089	24
4090	15
4091	24
4092	14
4093	17
4094	26
4095	22
4096	23
4097	21
4098	21
4099	18
4100	18
4101	22
4102	24
4103	18
4104	22
4105	17
4106	23
4107	14
4108	9
4109	16
4110	23
4111	15
4112	19
4113	27
4114	16
4115	21
4116	22
4117	23
4118	16
4119	21
4120	12
4121	19
4122	23
4123	16
4124	29
4125	14
4126	20
4127	16
4128	18
4129	29
4130	23
4131	13
4132	14
4133	25
4134	22
4135	18
4136	20
4137	13
4138	20
4139	21
4140	14
4141	18
4142	16
4143	26
4144	19
4145	8
4146	15
4147	20
4148	17
4149	22
4150	18
4151	14
4152	13
4153	14
4154	17
4155	23
4156	14
4157	11
4158	13
4159	20
4160	22
4161	9
4162	18
4163	12
4164	22
4165	13
4166	18
4167	16
4168	20
4169	19
4170	20
4171	17
4172	11
4173	18
4174	26
4175	14
4176	20
4177	9
4178	23
4179	16
4180	16
4181	22
4182	14
4183	15
4184	14
4185	19
4186	28
4187	19
4188	20
4189	18
4190	25
4191	20
4192	17
4193	16
4194	19
4195	19
4196	19
4197	21
4198	12
4199	20
4200	22
4201	19
4202	21
4203	20
4204	16
4205	13
4206	21
4207	17
4208	21
4209	16
4210	17
4211	28
4212	23
4213	12
4214	16
4215	26
4216	19
4217	16
4218	22
4219	20
4220	22
4221	17
4222	18
4223	25
4224	15
4225	20
4226	10
4227	18
4228	16
4229	18
4230	17
4231	16
4232	10
4233	17
4234	18
4235	18
4236	14
4237	15
4238	25
4239	11
4240	14
4241	14
4242	19
4243	19
4244	19
4245	12
4246	17
4247	25
4248	15
4249	19
4250	9
4251	12
4252	14
4253	19
4254	21
4255	12
4256	16
4257	16
4258	18
4259	12
4260	12
4261	14
4262	13
4263	16
4264	16
4265	15
4266	18
4267	14
4268	20
4269	17
4270	13
4271	20
4272	14
4273	22
4274	12
4275	13
4276	16
4277	20
4278	14
4279	18
4280	19
4281	13
4282	24
4283	10
4284	18
4285	19
4286	15
4287	15
4288	9
4289	15
4290	12
4291	13
4292	11
4293	14
4294	22
4295	19
4296	11
4297	20
4298	16
4299	19
4300	20
4301	16
4302	12
4303	19
4304	12
4305	10
4306	14
4307	14
4308	11
4309	13
4310	13
4311	21
4312	24
4313	14
4314	12
4315	16
4316	6
4317	16
4318	8
4319	20
4320	15
4321	16
4322	16
4323	11
4324	12
4325	11
4326	11
4327	17
4328	12
4329	19
4330	16
4331	21
4332	13
4333	13
4334	16
4335	16
4336	15
4337	20
4338	17
4339	12
4340	19
4341	22
4342	12
4343	10
4344	11
4345	11
4346	17
4347	12
4348	21
4349	10
4350	14
4351	11
4352	13
4353	10
4354	10
4355	17
4356	10
4357	15
4358	15
4359	10
4360	16
4361	22
4362	15
4363	9
4364	11
4365	12
4366	14
4367	13
4368	10
4369	11
4370	8
4371	7
4372	15
4373	8
4374	13
4375	8
4376	18
4377	15
4378	16
4379	14
4380	14
4381	15
4382	12
4383	16
4384	14
4385	10
4386	15
4387	5
4388	12
4389	15
4390	13
4391	19
4392	13
4393	11
4394	15
4395	26
4396	14
4397	10
4398	15
4399	12
4400	12
4401	21
4402	13
4403	13
4404	13
4405	11
4406	16
4407	14
4408	11
4409	16
4410	14
4411	8
4412	15
4413	13
4414	12
4415	14
4416	12
4417	9
4418	13
4419	17
4420	14
4421	11
4422	16
4423	10
4424	7
4425	10
4426	12
4427	8
4428	10
4429	15
4430	11
4431	17
4432	16
4433	9
4434	11
4435	13
4436	10
4437	7
4438	12
4439	15
4440	14
4441	12
4442	10
4443	13
4444	9
4445	12
4446	9
4447	12
4448	9
4449	17
4450	14
4451	15
4452	11
4453	6
4454	11
4455	13
4456	9
4457	7
4458	13
4459	11
4460	13
4461	11
4462	7
4463	9
4464	10
4465	13
4466	13
4467	16
4468	12
4469	10
4470	4
4471	12
4472	12
4473	11
4474	7
4475	11
4476	13
4477	11
4478	12
4479	14
4480	13
4481	14
4482	8
4483	14
4484	6
4485	8
4486	14
4487	13
4488	15
4489	13
4490	13
4491	12
4492	13
4493	12
4494	16
4495	15
4496	20
4497	12
4498	8
4499	12
4500	10
4501	12
4502	17
4503	15
4504	12
4505	11
4506	9
4507	14
4508	13
4509	17
4510	10
4511	13
4512	19
4513	15
4514	9
4515	11
4516	17
4517	10
4518	10
4519	10
4520	7
4521	17
4522	15
4523	6
4524	11
4525	16
4526	11
4527	12
4528	12
4529	7
4530	5
4531	10
4532	16
4533	13
4534	10
4535	18
4536	10
4537	9
4538	15
4539	10
4540	12
4541	12
4542	13
4543	15
4544	11
4545	14
4546	12
4547	12
4548	15
4549	10
4550	7
4551	10
4552	15
4553	9
4554	8
4555	11
4556	12
4557	15
4558	11
4559	6
4560	13
4561	11
4562	14
4563	12
4564	12
4565	10
4566	10
4567	8
4568	13
4569	12
4570	12
4571	13
4572	15
4573	11
4574	5
4575	16
4576	24
4577	13
4578	5
4579	14
4580	16
4581	12
4582	14
4583	13
4584	8
4585	12
4586	13
4587	19
4588	12
4589	13
4590	11
4591	10
4592	5
4593	13
4594	14
4595	15
4596	15
4597	22
4598	13
4599	7
4600	16
4601	6
4602	11
4603	10
4604	12
4605	15
4606	13
4607	13
4608	5
4609	9
4610	25
4611	17
4612	13
4613	19
4614	9
4615	14
4616	10
4617	19
4618	8
4619	8
4620	11
4621	11
4622	9
4623	10
4624	11
4625	20
4626	16
4627	11
4628	11
4629	11
4630	14
4631	14
4632	11
4633	7
4634	14
4635	16
4636	6
4637	16
4638	15
4639	13
4640	10
4641	17
4642	9
4643	20
4644	8
4645	23
4646	9
4647	12
4648	13
4649	15
4650	7
4651	10
4652	9
4653	13
4654	11
4655	12
4656	8
4657	12
4658	12
4659	10
4660	9
4661	12
4662	13
4663	13
4664	11
4665	17
4666	12
4667	8
4668	11
4669	8
4670	15
4671	16
4672	16
4673	13
4674	8
4675	11
4676	12
4677	15
4678	12
4679	10
4680	16
4681	13
4682	11
4683	13
4684	7
4685	14
4686	13
4687	9
4688	14
4689	21
4690	16
4691	12
4692	8
4693	9
4694	14
4695	10
4696	17
4697	14
4698	11
4699	10
4700	18
4701	16
4702	12
4703	13
4704	9
4705	5
4706	14
4707	10
4708	8
4709	16
4710	13
4711	16
4712	17
4713	12
4714	14
4715	9
4716	13
4717	17
4718	6
4719	13
4720	9
4721	7
4722	13
4723	15
4724	19
4725	13
4726	18
4727	15
4728	9
4729	9
4730	7
4731	11
4732	8
4733	15
4734	12
4735	14
4736	13
4737	10
4738	13
4739	8
4740	10
4741	5
4742	9
4743	12
4744	13
4745	5
4746	11
4747	12
4748	15
4749	13
4750	13
4751	8
4752	9
4753	14
4754	9
4755	12
4756	19
4757	4
4758	5
4759	6
4760	10
4761	9
4762	13
4763	11
4764	8
4765	13
4766	12
4767	18
4768	13
4769	9
4770	15
4771	10
4772	8
4773	10
4774	14
4775	10
4776	12
4777	13
4778	10
4779	10
4780	14
4781	15
4782	10
4783	13
4784	11
4785	14
4786	16
4787	22
4788	14
4789	9
4790	7
4791	8
4792	9
4793	11
4794	9
4795	9
4796	12
4797	11
4798	14
4799	9
4800	14
4801	8
4802	7
4803	18
4804	5
4805	13
4806	17
4807	13
4808	10
4809	20
4810	15
4811	11
4812	12
4813	15
4814	10
4815	15
4816	12
4817	13
4818	11
4819	14
4820	15
4821	11
4822	12
4823	13
4824	17
4825	7
4826	9
4827	9
4828	14
4829	12
4830	12
4831	12
4832	9
4833	6
4834	12
4835	12
4836	19
4837	14
4838	12
4839	11
4840	16
4841	12
4842	14
4843	16
4844	7
4845	8
4846	13
4847	12
4848	8
4849	7
4850	14
4851	7
4852	11
4853	14
4854	10
4855	10
4856	12
4857	5
4858	8
4859	11
4860	13
4861	11
4862	10
4863	6
4864	16
4865	7
4866	3
4867	6
4868	7
4869	10
4870	11
4871	12
4872	10
4873	15
4874	8
4875	15
4876	11
4877	8
4878	9
4879	14
4880	8
4881	11
4882	15
4883	4
4884	13
4885	13
4886	13
4887	10
4888	14
4889	9
4890	13
4891	10
4892	9
4893	7
4894	9
4895	8
4896	10
4897	12
4898	11
4899	11
4900	7
4901	15
4902	6
4903	19
4904	6
4905	11
4906	7
4907	14
4908	15
4909	16
4910	17
4911	5
4912	14
4913	12
4914	13
4915	12
4916	9
4917	12
4918	8
4919	11
4920	17
4921	17
4922	12
4923	10
4924	11
4925	13
4926	14
4927	8
4928	10
4929	17
4930	7
4931	8
4932	14
4933	11
4934	12
4935	19
4936	10
4937	7
4938	10
4939	11
4940	12
4941	14
4942	8
4943	14
4944	13
4945	16
4946	14
4947	15
4948	12
4949	17
4950	17
4951	12
4952	19
4953	11
4954	9
4955	12
4956	12
4957	13
4958	11
4959	11
4960	13
4961	11
4962	9
4963	17
4964	9
4965	13
4966	11
4967	15
4968	9
4969	11
4970	6
4971	17
4972	10
4973	16
4974	15
4975	15
4976	18
4977	14
4978	15
4979	10
4980	10
4981	13
4982	11
4983	12
4984	16
4985	11
4986	17
4987	11
4988	13
4989	11
4990	20
4991	8
4992	9
4993	6
4994	10
4995	19
4996	9
4997	16
4998	12
4999	19
5000	13
5001	17
5002	9
5003	14
5004	17
5005	17
5006	13
5007	17
5008	13
5009	11
5010	13
5011	11
5012	11
5013	11
5014	11
5015	7
5016	7
5017	10
5018	17
5019	6
5020	6
5021	11
5022	11
5023	10
5024	13
5025	15
5026	8
5027	10
5028	18
5029	20
5030	13
5031	9
5032	13
5033	15
5034	15
5035	12
5036	12
5037	17
5038	10
5039	8
5040	12
5041	12
5042	19
5043	13
5044	14
5045	13
5046	10
5047	15
5048	15
5049	11
5050	14
5051	9
5052	12
5053	13
5054	11
5055	15
5056	14
5057	6
5058	15
5059	12
5060	12
5061	17
5062	18
5063	11
5064	11
5065	10
5066	9
5067	11
5068	7
5069	9
5070	9
5071	13
5072	11
5073	12
5074	26
5075	8
5076	12
5077	10
5078	11
5079	8
5080	11
5081	6
5082	17
5083	8
5084	14
5085	15
5086	7
5087	12
5088	5
5089	10
5090	11
5091	12
5092	14
5093	10
5094	9
5095	9
5096	8
5097	9
5098	7
5099	9
5100	8
5101	10
5102	8
5103	16
5104	9
5105	7
5106	7
5107	11
5108	8
5109	13
5110	7
5111	8
5112	10
5113	11
5114	12
5115	15
5116	17
5117	5
5118	4
5119	14
5120	15
5121	10
5122	15
5123	7
5124	15
5125	9
5126	10
5127	10
5128	5
5129	7
5130	13
5131	10
5132	13
5133	7
5134	13
5135	9
5136	8
5137	8
5138	15
5139	8
5140	11
5141	9
5142	7
5143	10
5144	10
5145	19
5146	9
5147	11
5148	11
5149	6
5150	9
5151	10
5152	7
5153	9
5154	6
5155	15
5156	9
5157	11
5158	12
5159	6
5160	10
5161	9
5162	5
5163	9
5164	8
5165	4
5166	6
5167	10
5168	10
5169	10
5170	13
5171	9
5172	8
5173	12
5174	7
5175	10
5176	9
5177	13
5178	14
5179	11
5180	18
5181	13
5182	10
5183	11
5184	8
5185	11
5186	10
5187	6
5188	11
5189	13
5190	10
5191	12
5192	9
5193	10
5194	12
5195	12
5196	10
5197	4
5198	10
5199	16
5200	3
5201	15
5202	7
5203	13
5204	11
5205	11
5206	8
5207	10
5208	9
5209	15
5210	10
5211	5
5212	10
5213	10
5214	9
5215	6
5216	10
5217	13
5218	7
5219	9
5220	11
5221	7
5222	4
5223	10
5224	10
5225	5
5226	7
5227	12
5228	11
5229	9
5230	9
5231	6
5232	5
5233	13
5234	10
5235	10
5236	7
5237	10
5238	16
5239	10
5240	10
5241	14
5242	8
5243	10
5244	6
5245	8
5246	10
5247	11
5248	8
5249	4
5250	16
5251	5
5252	17
5253	8
5254	8
5255	4
5256	12
5257	7
5258	12
5259	9
5260	10
5261	12
5262	6
5263	3
5264	9
5265	10
5266	12
5267	9
5268	9
5269	13
5270	15
5271	7
5272	6
5273	7
5274	5
5275	7
5276	13
5277	11
5278	11
5279	7
5280	13
5281	2
5282	9
5283	8
5284	5
5285	4
5286	5
5287	9
5288	5
5289	7
5290	6
5291	11
5292	9
5293	9
5294	5
5295	11
5296	8
5297	1
5298	7
5299	13
5300	13
5301	7
5302	9
5303	4
5304	6
5305	9
5306	8
5307	10
5308	13
5309	10
5310	6
5311	9
5312	13
5313	7
5314	5
5315	8
5316	13
5317	16
5318	12
5319	9
5320	7
5321	10
5322	8
5323	5
5324	10
5325	8
5326	20
5327	10
5328	7
5329	10
5330	4
5331	8
5332	9
5333	8
5334	11
5335	9
5336	10
5337	11
5338	9
5339	8
5340	11
5341	8
5342	7
5343	10
5344	19
5345	11
5346	17
5347	11
5348	10
5349	10
5350	15
5351	9
5352	8
5353	11
5354	9
5355	13
5356	7
5357	5
5358	13
5359	17
5360	6
5361	14
5362	6
5363	13
5364	7
5365	13
5366	11
5367	10
5368	14
5369	14
5370	15
5371	8
5372	10
5373	7
5374	11
5375	10
5376	9
5377	11
5378	9
5379	7
5380	10
5381	9
5382	11
5383	9
5384	7
5385	12
5386	11
5387	10
5388	9
5389	16
5390	8
5391	14
5392	7
5393	9
5394	11
5395	12
5396	8
5397	12
5398	6
5399	9
5400	18
5401	8
5402	7
5403	6
5404	5
5405	8
5406	11
5407	10
5408	8
5409	10
5410	9
5411	7
5412	4
5413	17
5414	10
5415	8
5416	4
5417	3
5418	2
5419	10
5420	8
5421	4
5422	11
5423	5
5424	10
5425	8
5426	11
5427	8
5428	8
5429	6
5430	11
5431	6
5432	9
5433	5
5434	10
5435	6
5436	7
5437	7
5438	6
5439	9
5440	7
5441	9
5442	10
5443	10
5444	14
5445	13
5446	6
5447	3
5448	12
5449	9
5450	5
5451	10
5452	5
5453	8
5454	11
5455	11
5456	12
5457	12
5458	7
5459	10
5460	13
5461	4
5462	11
5463	8
5464	6
5465	11
5466	11
5467	12
5468	9
5469	10
5470	11
5471	10
5472	6
5473	8
5474	9
5475	17
5476	8
5477	7
5478	11
5479	4
5480	10
5481	13
5482	6
5483	7
5484	6
5485	5
5486	8
5487	11
5488	8
5489	6
5490	8
5491	9
5492	11
5493	7
5494	5
5495	3
5496	8
5497	8
5498	10
5499	10
5500	11
5501	9
5502	8
5503	2
5504	4
5505	13
5506	11
5507	10
5508	3
5509	8
5510	10
5511	7
5512	7
5513	16
5514	7
5515	6
5516	10
5517	7
5518	9
5519	9
5520	11
5521	7
5522	12
5523	8
5524	7
5525	11
5526	4
5527	9
5528	10
5529	7
5530	10
5531	7
5532	6
5533	11
5534	6
5535	9
5536	10
5537	9
5538	9
5539	5
5540	6
5541	12
5542	9
5543	7
5544	9
5545	6
5546	6
5547	10
5548	8
5549	11
5550	4
5551	6
5552	8
5553	6
5554	11
5555	7
5556	10
5557	8
5558	4
5559	6
5560	13
5561	6
5562	9
5563	3
5564	11
5565	11
5566	4
5567	7
5568	7
5569	13
5570	10
5571	7
5572	10
5573	5
5574	10
5575	7
5576	3
5577	5
5578	4
5579	5
5580	3
5581	8
5582	6
5583	9
5584	4
5585	5
5586	3
5587	7
5588	6
5589	6
5590	3
5591	8
5592	5
5593	7
5594	5
5595	5
5596	7
5597	4
5598	6
5599	7
5600	7
5601	11
5602	4
5603	6
5604	3
5605	6
5606	6
5607	7
5608	6
5609	10
5610	6
5611	11
5612	5
5613	7
5614	5
5615	3
5616	5
5617	1
5618	2
5619	7
5620	4
5621	6
5622	5
5623	8
5624	3
5625	1
5626	9
5627	7
5628	9
5629	9
5630	9
5631	6
5632	3
5633	10
5634	6
5635	8
5636	8
5637	3
5638	9
5639	5
5640	6
5641	9
5642	11
5643	9
5644	11
5645	9
5646	8
5647	6
5648	5
5649	8
5650	5
5651	4
5652	5
5653	7
5654	3
5655	7
5656	15
5657	5
5658	8
5659	9
5660	10
5661	7
5662	3
5663	6
5664	4
5665	5
5666	6
5667	14
5668	9
5669	7
5670	8
5671	9
5672	6
5673	4
5674	10
5675	2
5676	7
5677	11
5678	6
5679	5
5680	4
5681	5
5682	3
5683	4
5684	8
5685	7
5686	6
5687	3
5688	5
5689	7
5690	9
5691	6
5692	5
5693	9
5694	7
5695	2
5696	1
5697	6
5698	7
5699	4
5700	3
5701	3
5702	10
5703	5
5704	7
5705	7
5706	7
5707	5
5708	6
5709	9
5710	6
5711	5
5712	9
5713	5
5714	2
5715	7
5716	1
5717	2
5718	7
5719	4
5720	6
5721	8
5722	2
5723	9
5724	5
5725	5
5726	4
5727	4
5728	9
5729	7
5730	5
5731	8
5732	9
5733	4
5734	5
5735	4
5736	6
5737	7
5738	7
5739	5
5740	7
5741	7
5742	3
5743	4
5744	7
5745	9
5746	7
5747	4
5748	4
5749	3
5750	7
5751	1
5752	4
5753	12
5754	3
5755	5
5756	5
5757	11
5758	9
5759	6
5760	4
5761	7
5762	8
5763	4
5764	4
5765	7
5766	5
5767	4
5768	5
5769	2
5770	6
5771	4
5772	6
5773	7
5774	9
5775	8
5776	9
5777	5
5778	7
5779	9
5780	3
5781	4
5782	7
5783	5
5784	6
5785	8
5786	6
5787	8
5788	4
5789	4
5790	3
5791	5
5792	5
5793	5
5794	6
5795	3
5796	4
5797	6
5798	7
5799	3
5800	5
5801	2
5802	4
5803	2
5804	3
5805	5
5806	8
5807	3
5808	4
5809	8
5810	7
5811	8
5812	2
5813	10
5814	10
5815	6
5816	6
5817	9
5818	3
5819	5
5820	4
5821	2
5822	8
5823	6
5824	8
5825	4
5826	5
5827	4
5828	4
5829	4
5830	6
5831	7
5832	3
5833	9
5834	8
5835	9
5836	6
5837	2
5838	5
5839	3
5840	3
5841	5
5842	7
5843	5
5844	11
5845	9
5846	1
5847	10
5848	7
5849	6
5850	5
5851	5
5852	5
5853	6
5854	4
5855	4
5856	6
5857	6
5858	5
5859	3
5860	3
5861	9
5862	3
5863	5
5864	4
5865	5
5866	6
5867	5
5868	3
5869	7
5870	4
5871	5
5872	4
5873	2
5874	3
5875	4
5876	9
5877	2
5878	9
5879	3
5880	2
5881	5
5882	3
5883	5
5884	7
5885	8
5886	3
5887	6
5888	4
5889	4
5890	1
5891	2
5892	5
5893	8
5894	5
5895	5
5896	2
5897	5
5898	6
5899	3
5900	6
5901	7
5902	6
5903	3
5904	2
5905	2
5906	6
5907	3
5908	4
5909	10
5910	8
5911	3
5912	5
5913	6
5914	5
5915	4
5916	3
5917	3
5918	6
5919	8
5920	2
5921	4
5922	2
5923	2
5924	0
5925	1
5926	6
5927	2
5928	1
5929	4
5930	6
5931	3
5932	3
5933	0
5934	5
5935	3
5936	5
5937	3
5938	6
5939	4
5940	2
5941	8
5942	5
5943	3
5944	4
5945	5
5946	4
5947	4
5948	4
5949	6
5950	1
5951	7
5952	3
5953	8
5954	6
5955	5
5956	8
5957	4
5958	6
5959	3
5960	3
5961	2
5962	4
5963	5
5964	4
5965	3
5966	9
5967	6
5968	6
5969	0
5970	4
5971	2
5972	5
5973	4
5974	3
5975	2
5976	7
5977	6
5978	6
5979	5
5980	6
5981	3
5982	6
5983	5
5984	3
5985	6
5986	4
5987	5
5988	6
5989	4
5990	3
5991	4
5992	6
5993	5
5994	1
5995	3
5996	2
5997	3
5998	5
5999	4
6000	6
6001	9
6002	3
6003	3
6004	2
6005	4
6006	4
6007	7
6008	6
6009	1
6010	6
6011	6
6012	2
6013	3
6014	7
6015	1
6016	4
6017	3
6018	5
6019	2
6020	5
6021	4
6022	9
6023	2
6024	6
6025	4
6026	3
6027	3
6028	10
6029	6
6030	5
6031	6
6032	4
6033	10
6034	5
6035	9
6036	2
6037	8
6038	7
6039	4
6040	3
6041	6
6042	2
6043	3
6044	3
6045	4
6046	5
6047	2
6048	3
6049	3
6050	7
6051	7
6052	3
6053	3
6054	7
6055	5
6056	5
6057	8
6058	0
6059	6
6060	3
6061	7
6062	4
6063	6
6064	4
6065	5
6066	3
6067	3
6068	4
6069	2
6070	2
6071	1
6072	4
6073	5
6074	3
6075	7
6076	6
6077	4
6078	4
6079	6
6080	3
6081	6
6082	7
6083	7
6084	4
6085	8
6086	5
6087	5
6088	10
6089	3
6090	4
6091	2
6092	3
6093	5
6094	9
6095	1
6096	8
6097	13
6098	6
6099	4
6100	5
6101	8
6102	6
6103	2
6104	5
6105	7
6106	9
6107	3
6108	3
6109	4
6110	6
6111	3
6112	6
6113	6
6114	6
6115	1
6116	2
6117	3
6118	5
6119	2
6120	11
6121	4
6122	6
6123	2
6124	9
6125	3
6126	8
6127	7
6128	7
6129	8
6130	4
6131	4
6132	4
6133	3
6134	8
6135	7
6136	1
6137	4
6138	10
6139	6
6140	3
6141	5
6142	5
6143	5
6144	3
6145	6
6146	2
6147	7
6148	1
6149	3
6150	9
6151	8
6152	2
6153	1
6154	7
6155	2
6156	6
6157	4
6158	2
6159	2
6160	3
6161	1
6162	5
6163	6
6164	4
6165	3
6166	4
6167	0
6168	2
6169	2
6170	4
6171	2
6172	4
6173	7
6174	2
6175	3
6176	4
6177	3
6178	4
6179	5
6180	9
6181	3
6182	5
6183	5
6184	1
6185	1
6186	8
6187	4
6188	5
6189	3
6190	10
6191	2
6192	9
6193	6
6194	4
6195	5
6196	4
6197	8
6198	1
6199	1
6200	5
6201	9
6202	6
6203	5
6204	4
6205	5
6206	0
6207	6
6208	1
6209	6
6210	3
6211	3
6212	8
6213	7
6214	3
6215	2
6216	4
6217	3
6218	4
6219	0
6220	6
6221	1
6222	3
6223	1
6224	4
6225	3
6226	5
6227	8
6228	3
6229	5
6230	6
6231	4
6232	7
6233	2
6234	7
6235	2
6236	3
6237	4
6238	3
6239	3
6240	3
6241	2
6242	1
6243	2
6244	6
6245	5
6246	5
6247	3
6248	3
6249	4
6250	3
6251	4
6252	5
6253	5
6254	10
6255	5
6256	3
6257	3
6258	2
6259	3
6260	4
6261	7
6262	3
6263	5
6264	4
6265	4
6266	1
6267	3
6268	6
6269	5
6270	6
6271	2
6272	4
6273	3
6274	6
6275	6
6276	4
6277	5
6278	2
6279	3
6280	5
6281	7
6282	3
6283	2
6284	2
6285	4
6286	3
6287	2
6288	4
6289	6
6290	3
6291	4
6292	1
6293	8
6294	1
6295	2
6296	5
6297	3
6298	5
6299	2
6300	6
6301	1
6302	4
6303	5
6304	4
6305	3
6306	5
6307	4
6308	5
6309	5
6310	4
6311	7
6312	1
6313	2
6314	3
6315	3
6316	3
6317	5
6318	4
6319	5
6320	3
6321	3
6322	4
6323	1
6324	4
6325	1
6326	5
6327	3
6328	1
6329	6
6330	3
6331	4
6332	3
6333	2
6334	4
6335	2
6336	2
6337	6
6338	2
6339	3
6340	6
6341	4
6342	7
6343	1
6344	5
6345	2
6346	4
6347	4
6348	3
6349	6
6350	6
6351	2
6352	4
6353	5
6354	7
6355	4
6356	5
6357	1
6358	1
6359	3
6360	4
6361	6
6362	2
6363	0
6364	5
6365	7
6366	0
6367	3
6368	3
6369	2
6370	3
6371	3
6372	1
6373	9
6374	6
6375	5
6376	3
6377	6
6378	2
6379	2
6380	4
6381	5
6382	6
6383	2
6384	6
6385	7
6386	3
6387	9
6388	2
6389	2
6390	4
6391	4
6392	3
6393	4
6394	6
6395	5
6396	4
6397	10
6398	2
6399	5
6400	6
6401	3
6402	4
6403	4
6404	0
6405	4
6406	5
6407	4
6408	2
6409	4
6410	1
6411	4
6412	0
6413	6
6414	4
6415	5
6416	7
6417	2
6418	3
6419	4
6420	3
6421	5
6422	9
6423	7
6424	6
6425	5
6426	0
6427	6
6428	4
6429	5
6430	4
6431	4
6432	4
6433	7
6434	3
6435	5
6436	4
6437	4
6438	2
6439	3
6440	1
6441	4
6442	6
6443	2
6444	6
6445	1
6446	4
6447	3
6448	4
6449	5
6450	3
6451	6
6452	4
6453	5
6454	4
6455	3
6456	5
6457	3
6458	3
6459	1
6460	6
6461	1
6462	5
6463	2
6464	7
6465	4
6466	7
6467	4
6468	4
6469	0
6470	1
6471	1
6472	1
6473	0
6474	3
6475	5
6476	6
6477	1
6478	6
6479	8
6480	4
6481	3
6482	5
6483	2
6484	2
6485	4
6486	2
6487	3
6488	5
6489	2
6490	1
6491	6
6492	5
6493	1
6494	8
6495	2
6496	3
6497	4
6498	3
6499	1
6500	2
6501	2
6502	4
6503	1
6504	8
6505	2
6506	4
6507	3
6508	5
6509	1
6510	0
6511	3
6512	1
6513	8
6514	5
6515	2
6516	2
6517	2
6518	7
6519	3
6520	0
6521	4
6522	1
6523	4
6524	5
6525	4
6526	4
6527	3
6528	3
6529	2
6530	3
6531	1
6532	4
6533	2
6534	6
6535	2
6536	7
6537	4
6538	4
6539	2
6540	2
6541	3
6542	4
6543	3
6544	2
6545	2
6546	3
6547	0
6548	1
6549	3
6550	2
6551	5
6552	3
6553	2
6554	2
6555	0
6556	2
6557	3
6558	1
6559	2
6560	3
6561	2
6562	3
6563	2
6564	3
6565	2
6566	4
6567	1
6568	2
6569	1
6570	4
6571	3
6572	5
6573	2
6574	3
6575	2
6576	1
6577	4
6578	2
6579	3
6580	0
6581	4
6582	3
6583	5
6584	1
6585	3
6586	1
6587	2
6588	1
6589	5
6590	5
6591	4
6592	3
6593	2
6594	2
6595	3
6596	3
6597	1
6598	3
6599	3
6600	3
6601	3
6602	1
6603	1
6604	5
6605	0
6606	3
6607	4
6608	5
6609	4
6610	1
6611	4
6612	4
6613	5
6614	1
6615	4
6616	2
6617	2
6618	4
6619	3
6620	0
6621	6
6622	1
6623	4
6624	0
6625	1
6626	0
6627	2
6628	2
6629	3
6630	3
6631	2
6632	4
6633	3
6634	3
6635	4
6636	0
6637	5
6638	0
6639	2
6640	2
6641	4
6642	1
6643	4
6644	3
6645	2
6646	6
6647	2
6648	1
6649	6
6650	2
6651	3
6652	2
6653	2
6654	4
6655	3
6656	4
6657	3
6658	2
6659	2
6660	6
6661	2
6662	2
6663	3
6664	3
6665	2
6666	0
6667	1
6668	5
6669	3
6670	0
6671	2
6672	1
6673	6
6674	3
6675	2
6676	2
6677	1
6678	3
6679	1
6680	6
6681	4
6682	4
6683	1
6684	3
6685	3
6686	3
6687	3
6688	4
6689	1
6690	3
6691	0
6692	1
6693	1
6694	10
6695	1
6696	1
6697	2
6698	2
6699	4
6700	1
6701	3
6702	3
6703	4
6704	3
6705	2
6706	2
6707	0
6708	3
6709	1
6710	2
6711	2
6712	1
6713	3
6714	3
6715	2
6716	2
6717	0
6718	1
6719	4
6720	3
6721	2
6722	4
6723	4
6724	4
6725	4
6726	3
6727	2
6728	1
6729	7
6730	1
6731	1
6732	3
6733	7
6734	1
6735	0
6736	0
6737	1
6738	3
6739	3
6740	5
6741	1
6742	2
6743	1
6744	0
6745	1
6746	0
6747	1
6748	4
6749	1
6750	1
6751	1
6752	0
6753	3
6754	4
6755	1
6756	0
6757	1
6758	1
6759	0
6760	1
6761	1
6762	2
6763	1
6764	4
6765	2
6766	3
6767	1
6768	3
6769	2
6770	2
6771	1
6772	1
6773	0
6774	3
6775	0
6776	0
6777	0
6778	3
6779	1
6780	1
6781	4
6782	0
6783	2
6784	0
6785	1
6786	2
6787	0
6788	2
6789	1
6790	1
6791	1
6792	1
6793	3
6794	5
6795	2
6796	2
6797	6
6798	0
6799	0
6800	0
6801	0
6802	2
6803	2
6804	3
6805	3
6806	0
6807	4
6808	3
6809	2
6810	4
6811	3
6812	0
6813	4
6814	2
6815	5
6816	2
6817	0
6818	2
6819	6
6820	3
6821	3
6822	1
6823	2
6824	2
6825	2
6826	1
6827	0
6828	2
6829	3
6830	2
6831	1
6832	1
6833	2
6834	1
6835	0
6836	1
6837	5
6838	3
6839	4
6840	0
6841	3
6842	2
6843	1
6844	1
6845	2
6846	3
6847	5
6848	0
6849	2
6850	5
6851	0
6852	2
6853	3
6854	3
6855	0
6856	3
6857	2
6858	3
6859	1
6860	2
6861	1
6862	1
6863	1
6864	2
6865	2
6866	0
6867	3
6868	1
6869	1
6870	4
6871	2
6872	3
6873	3
6874	4
6875	3
6876	3
6877	4
6878	1
6879	3
6880	3
6881	1
6882	4
6883	1
6884	3
6885	2
6886	0
6887	1
6888	5
6889	3
6890	8
6891	4
6892	3
6893	3
6894	4
6895	0
6896	1
6897	6
6898	3
6899	1
6900	3
6901	3
6902	3
6903	2
6904	1
6905	3
6906	3
6907	2
6908	4
6909	2
6910	4
6911	1
6912	3
6913	2
6914	2
6915	1
6916	5
6917	1
6918	0
6919	1
6920	3
6921	2
6922	1
6923	2
6924	1
6925	2
6926	3
6927	2
6928	5
6929	3
6930	3
6931	2
6932	3
6933	3
6934	2
6935	3
6936	2
6937	1
6938	3
6939	1
6940	1
6941	1
6942	2
6943	1
6944	3
6945	3
6946	2
6947	3
6948	3
6949	3
6950	1
6951	1
6952	1
6953	2
6954	6
6955	6
6956	2
6957	4
6958	1
6959	2
6960	2
6961	2
6962	1
6963	2
6964	2
6965	1
6966	2
6967	4
6968	2
6969	1
6970	4
6971	0
6972	2
6973	1
6974	4
6975	3
6976	0
6977	2
6978	5
6979	1
6980	4
6981	2
6982	2
6983	2
6984	6
6985	2
6986	3
6987	1
6988	2
6989	0
6990	1
6991	4
6992	2
6993	1
6994	2
6995	3
6996	0
6997	8
6998	2
6999	1
7000	3
7001	2
7002	4
7003	1
7004	3
7005	3
7006	2
7007	1
7008	3
7009	3
7010	4
7011	5
7012	2
7013	2
7014	1
7015	4
7016	3
7017	3
7018	1
7019	0
7020	2
7021	1
7022	1
7023	4
7024	0
7025	2
7026	0
7027	1
7028	2
7029	0
7030	2
7031	4
7032	0
7033	1
7034	3
7035	4
7036	7
7037	1
7038	1
7039	1
7040	5
7041	2
7042	1
7043	2
7044	3
7045	0
7046	2
7047	2
7048	2
7049	2
7050	4
7051	2
7052	3
7053	1
7054	2
7055	1
7056	2
7057	2
7058	3
7059	1
7060	3
7061	3
7062	2
7063	2
7064	1
7065	3
7066	0
7067	1
7068	2
7069	3
7070	0
7071	4
7072	2
7073	2
7074	1
7075	2
7076	0
7077	4
7078	2
7079	1
7080	0
7081	1
7082	2
7083	1
7084	2
7085	2
7086	1
7087	4
7088	2
7089	3
7090	1
7091	3
7092	4
7093	3
7094	1
7095	1
7096	0
7097	0
7098	3
7099	2
7100	1
7101	3
7102	2
7103	2
7104	2
7105	0
7106	0
7107	2
7108	3
7109	0
7110	2
7111	1
7112	0
7113	3
7114	3
7115	2
7116	2
7117	4
7118	1
7119	4
7120	1
7121	0
7122	5
7123	4
7124	1
7125	1
7126	3
7127	3
7128	2
7129	1
7130	2
7131	1
7132	1
7133	1
7134	2
7135	1
7136	2
7137	4
7138	3
7139	2
7140	1
7141	1
7142	2
7143	2
7144	1
7145	3
7146	3
7147	1
7148	2
7149	0
7150	0
7151	3
7152	2
7153	1
7154	2
7155	1
7156	1
7157	2
7158	5
7159	6
7160	3
7161	3
7162	1
7163	5
7164	1
7165	2
7166	8
7167	0
7168	2
7169	2
7170	3
7171	8
7172	3
7173	4
7174	3
7175	2
7176	0
7177	1
7178	5
7179	3
7180	3
7181	4
7182	1
7183	2
7184	2
7185	1
7186	4
7187	3
7188	3
7189	2
7190	3
7191	1
7192	0
7193	2
7194	2
7195	2
7196	1
7197	2
7198	2
7199	0
7200	2
7201	2
7202	1
7203	2
7204	2
7205	1
7206	3
7207	1
7208	4
7209	0
7210	2
7211	1
7212	5
7213	0
7214	4
7215	4
7216	2
7217	2
7218	3
7219	2
7220	4
7221	1
7222	2
7223	3
7224	0
7225	5
7226	2
7227	2
7228	2
7229	2
7230	5
7231	3
7232	3
7233	0
7234	2
7235	0
7236	1
7237	5
7238	2
7239	0
7240	1
7241	2
7242	4
7243	6
7244	4
7245	4
7246	0
7247	2
7248	4
7249	4
7250	0
7251	2
7252	1
7253	3
7254	1
7255	1
7256	3
7257	4
7258	0
7259	4
7260	2
7261	2
7262	1
7263	1
7264	3
7265	0
7266	1
7267	1
7268	3
7269	2
7270	5
7271	1
7272	1
7273	4
7274	1
7275	4
7276	2
7277	0
7278	2
7279	1
7280	3
7281	5
7282	3
7283	5
7284	0
7285	7
7286	3
7287	2
7288	5
7289	3
7290	4
7291	1
7292	4
7293	2
7294	2
7295	0
7296	2
7297	6
7298	2
7299	3
7300	0
7301	1
7302	2
7303	2
7304	2
7305	1
7306	4
7307	0
7308	3
7309	0
7310	1
7311	0
7312	1
7313	1
7314	5
7315	1
7316	4
7317	2
7318	2
7319	2
7320	4
7321	3
7322	3
7323	1
7324	0
7325	4
7326	1
7327	6
7328	3
7329	1
7330	4
7331	2
7332	1
7333	3
7334	4
7335	1
7336	3
7337	2
7338	3
7339	2
7340	2
7341	1
7342	3
7343	3
7344	0
7345	2
7346	0
7347	2
7348	3
7349	0
7350	0
7351	3
7352	0
7353	3
7354	2
7355	1
7356	0
7357	4
7358	2
7359	2
7360	2
7361	2
7362	1
7363	1
7364	7
7365	1
7366	1
7367	1
7368	2
7369	2
7370	3
7371	1
7372	1
7373	2
7374	5
7375	3
7376	2
7377	1
7378	5
7379	2
7380	0
7381	0
7382	2
7383	0
7384	1
7385	2
7386	5
7387	2
7388	2
7389	3
7390	1
7391	1
7392	2
7393	2
7394	2
7395	1
7396	1
7397	2
7398	2
7399	1
7400	2
7401	0
7402	3
7403	1
7404	3
7405	1
7406	2
7407	0
7408	1
7409	0
7410	3
7411	1
7412	1
7413	1
7414	2
7415	3
7416	2
7417	1
7418	1
7419	0
7420	1
7421	3
7422	1
7423	5
7424	3
7425	3
7426	2
7427	5
7428	1
7429	0
7430	2
7431	1
7432	4
7433	1
7434	3
7435	0
7436	2
7437	3
7438	2
7439	1
7440	2
7441	2
7442	2
7443	0
7444	1
7445	1
7446	2
7447	0
7448	0
7449	5
7450	1
7451	1
7452	1
7453	1
7454	2
7455	2
7456	1
7457	2
7458	1
7459	0
7460	0
7461	1
7462	1
7463	1
7464	1
7465	1
7466	0
7467	0
7468	3
7469	1
7470	2
7471	1
7472	2
7473	1
7474	2
7475	0
7476	1
7477	0
7478	0
7479	2
7480	1
7481	0
7482	3
7483	1
7484	0
7485	2
7486	2
7487	1
7488	2
7489	2
7490	3
7491	3
7492	1
7493	0
7494	0
7495	1
7496	0
7497	2
7498	3
7499	0
7500	4
7501	1
7502	2
7503	0
7504	2
7505	0
7506	0
7507	1
7508	2
7509	2
7510	3
7511	1
7512	0
7513	1
7514	0
7515	2
7516	1
7517	1
7518	4
7519	3
7520	1
7521	1
7522	2
7523	0
7524	0
7525	2
7526	1
7527	2
7528	0
7529	1
7530	3
7531	4
7532	0
7533	2
7534	1
7535	1
7536	0
7537	1
7538	0
7539	0
7540	0
7541	1
7542	1
7543	3
7544	3
7545	1
7546	3
7547	1
7548	1
7549	1
7550	1
7551	2
7552	0
7553	3
7554	2
7555	2
7556	1
7557	2
7558	1
7559	2
7560	1
7561	1
7562	1
7563	0
7564	0
7565	5
7566	0
7567	1
7568	0
7569	2
7570	2
7571	1
7572	2
7573	4
7574	1
7575	1
7576	3
7577	0
7578	1
7579	0
7580	2
7581	3
7582	0
7583	2
7584	0
7585	3
7586	1
7587	2
7588	1
7589	5
7590	1
7591	2
7592	0
7593	0
7594	4
7595	1
7596	1
7597	3
7598	0
7599	1
7600	2
7601	0
7602	1
7603	2
7604	1
7605	2
7606	1
7607	0
7608	0
7609	0
7610	2
7611	1
7612	0
7613	0
7614	4
7615	0
7616	0
7617	3
7618	1
7619	1
7620	0
7621	1
7622	2
7623	0
7624	0
7625	1
7626	1
7627	0
7628	2
7629	0
7630	0
7631	2
7632	1
7633	1
7634	2
7635	2
7636	1
7637	2
7638	1
7639	2
7640	3
7641	1
7642	1
7643	3
7644	2
7645	1
7646	1
7647	3
7648	4
7649	1
7650	2
7651	4
7652	0
7653	2
7654	2
7655	3
7656	1
7657	2
7658	2
7659	0
7660	2
7661	5
7662	0
7663	2
7664	0
7665	2
7666	3
7667	1
7668	2
7669	4
7670	1
7671	1
7672	0
7673	0
7674	3
7675	0
7676	2
7677	1
7678	1
7679	2
7680	0
7681	2
7682	2
7683	1
7684	1
7685	1
7686	2
7687	1
7688	1
7689	2
7690	2
7691	1
7692	0
7693	1
7694	0
7695	1
7696	1
7697	0
7698	3
7699	2
7700	1
7701	2
7702	0
7703	2
7704	1
7705	2
7706	4
7707	3
7708	2
7709	1
7710	2
7711	0
7712	0
7713	0
7714	1
7715	0
7716	1
7717	0
7718	2
7719	0
7720	1
7721	2
7722	0
7723	0
7724	1
7725	0
7726	1
7727	4
7728	0
7729	1
7730	1
7731	2
7732	2
7733	2
7734	1
7735	1
7736	4
7737	3
7738	1
7739	0
7740	3
7741	0
7742	0
7743	1
7744	0
7745	1
7746	2
7747	4
7748	0
7749	0
7750	1
7751	1
7752	2
7753	0
7754	0
7755	1
7756	5
7757	0
7758	0
7759	0
7760	1
7761	1
7762	2
7763	4
7764	1
7765	0
7766	1
7767	2
7768	2
7769	1
7770	1
7771	1
7772	0
7773	0
7774	0
7775	2
7776	0
7777	2
7778	1
7779	1
7780	2
7781	2
7782	2
7783	0
7784	1
7785	2
7786	0
7787	1
7788	1
7789	2
7790	1
7791	0
7792	2
7793	1
7794	0
7795	0
7796	1
7797	2
7798	3
7799	2
7800	1
7801	1
7802	0
7803	1
7804	0
7805	1
7806	1
7807	0
7808	1
7809	0
7810	0
7811	1
7812	0
7813	2
7814	0
7815	2
7816	1
7817	2
7818	3
7819	1
7820	1
7821	1
7822	1
7823	1
7824	2
7825	0
7826	2
7827	2
7828	0
7829	2
7830	1
7831	0
7832	1
7833	1
7834	4
7835	2
7836	1
7837	0
7838	1
7839	0
7840	1
7841	1
7842	0
7843	1
7844	0
7845	0
7846	2
7847	1
7848	0
7849	2
7850	0
7851	1
7852	1
7853	0
7854	0
7855	2
7856	1
7857	1
7858	0
7859	0
7860	1
7861	1
7862	1
7863	0
7864	2
7865	2
7866	0
7867	1
7868	2
7869	2
7870	1
7871	1
7872	0
7873	1
7874	0
7875	0
7876	1
7877	1
7878	1
7879	3
7880	1
7881	4
7882	0
7883	1
7884	1
7885	1
7886	1
7887	1
7888	2
7889	4
7890	0
7891	1
7892	0
7893	1
7894	4
7895	0
7896	1
7897	0
7898	3
7899	1
7900	2
7901	5
7902	0
7903	0
7904	3
7905	0
7906	1
7907	4
7908	0
7909	2
7910	1
7911	0
7912	1
7913	0
7914	3
7915	2
7916	0
7917	4
7918	2
7919	2
7920	0
7921	0
7922	0
7923	2
7924	0
7925	1
7926	5
7927	2
7928	0
7929	1
7930	1
7931	1
7932	2
7933	2
7934	3
7935	0
7936	1
7937	0
7938	3
7939	1
7940	1
7941	2
7942	1
7943	0
7944	1
7945	0
7946	0
7947	2
7948	1
7949	0
7950	2
7951	0
7952	1
7953	0
7954	1
7955	0
7956	0
7957	0
7958	1
7959	0
7960	2
7961	3
7962	1
7963	1
7964	1
7965	0
7966	3
7967	4
7968	1
7969	2
7970	0
7971	0
7972	2
7973	1
7974	0
7975	0
7976	1
7977	0
7978	1
7979	1
7980	0
7981	1
7982	1
7983	0
7984	1
7985	1
7986	1
7987	2
7988	0
7989	2
7990	2
7991	0
7992	0
7993	1
7994	1
7995	1
7996	2
7997	1
7998	1
7999	0
8000	2
8001	1
8002	2
8003	0
8004	1
8005	2
8006	0
8007	0
8008	2
8009	1
8010	1
8011	0
8012	0
8013	0
8014	1
8015	1
8016	1
8017	1
8018	2
8019	2
8020	4
8021	1
8022	1
8023	0
8024	0
8025	1
8026	0
8027	0
8028	0
8029	0
8030	3
8031	1
8032	3
8033	3
8034	0
8035	1
8036	3
8037	0
8038	1
8039	1
8040	3
8041	0
8042	1
8043	1
8044	0
8045	1
8046	2
8047	0
8048	2
8049	1
8050	2
8051	1
8052	0
8053	1
8054	1
8055	2
8056	0
8057	0
8058	1
8059	0
8060	2
8061	0
8062	3
8063	0
8064	2
8065	0
8066	1
8067	1
8068	2
8069	1
8070	2
8071	1
8072	1
8073	0
8074	0
8075	0
8076	0
8077	0
8078	2
8079	0
8080	1
8081	2
8082	0
8083	2
8084	2
8085	2
8086	2
8087	1
8088	0
8089	0
8090	3
8091	0
8092	2
8093	1
8094	0
8095	0
8096	0
8097	1
8098	0
8099	0
8100	2
8101	1
8102	0
8103	1
8104	0
8105	1
8106	1
8107	0
8108	2
8109	1
8110	2
8111	0
8112	1
8113	1
8114	0
8115	0
8116	0
8117	1
8118	2
8119	1
8120	0
8121	2
8122	1
8123	1
8124	0
8125	3
8126	0
8127	0
8128	1
8129	1
8130	0
8131	0
8132	2
8133	1
8134	0
8135	1
8136	1
8137	2
8138	0
8139	1
8140	0
8141	1
8142	1
8143	5
8144	0
8145	2
8146	2
8147	2
8148	0
8149	0
8150	3
8151	3
8152	2
8153	1
8154	1
8155	2
8156	0
8157	0
8158	0
8159	1
8160	0
8161	1
8162	1
8163	1
8164	1
8165	0
8166	2
8167	0
8168	1
8169	1
8170	3
8171	1
8172	2
8173	2
8174	1
8175	1
8176	0
8177	1
8178	4
8179	3
8180	0
8181	1
8182	2
8183	0
8184	0
8185	2
8186	0
8187	0
8188	2
8189	2
8190	0
8191	2
8192	0
8193	1
8194	0
8195	2
8196	1
8197	1
8198	0
8199	0
8200	2
8201	1
8202	1
8203	2
8204	2
8205	2
8206	1
8207	0
8208	1
8209	0
8210	2
8211	0
8212	0
8213	0
8214	2
8215	2
8216	0
8217	1
8218	0
8219	1
8220	0
8221	0
8222	1
8223	4
8224	0
8225	1
8226	2
8227	2
8228	0
8229	0
8230	0
8231	0
8232	1
8233	1
8234	2
8235	2
8236	0
8237	0
8238	1
8239	1
8240	3
8241	2
8242	0
8243	0
8244	1
8245	0
8246	1
8247	2
8248	0
8249	0
8250	0
8251	3
8252	1
8253	0
8254	1
8255	1
8256	0
8257	1
8258	1
8259	0
8260	3
8261	1
8262	0
8263	0
8264	2
8265	0
8266	2
8267	0
8268	3
8269	3
8270	0
8271	1
8272	1
8273	1
8274	1
8275	1
8276	1
8277	2
8278	0
8279	1
8280	2
8281	2
8282	3
8283	0
8284	2
8285	0
8286	1
8287	1
8288	2
8289	1
8290	0
8291	2
8292	0
8293	1
8294	1
8295	0
8296	0
8297	1
8298	0
8299	0
8300	0
8301	0
8302	2
8303	0
8304	0
8305	1
8306	2
8307	2
8308	0
8309	2
8310	2
8311	3
8312	1
8313	5
8314	1
8315	2
8316	4
8317	0
8318	1
8319	1
8320	0
8321	0
8322	2
8323	1
8324	0
8325	0
8326	3
8327	0
8328	3
8329	1
8330	2
8331	1
8332	1
8333	1
8334	1
8335	0
8336	1
8337	2
8338	1
8339	1
8340	3
8341	3
8342	1
8343	2
8344	2
8345	0
8346	2
8347	2
8348	2
8349	0
8350	1
8351	2
8352	1
8353	1
8354	3
8355	1
8356	1
8357	3
8358	2
8359	0
8360	2
8361	3
8362	3
8363	1
8364	3
8365	1
8366	2
8367	3
8368	0
8369	3
8370	0
8371	1
8372	2
8373	1
8374	2
8375	1
8376	0
8377	2
8378	0
8379	2
8380	3
8381	2
8382	2
8383	1
8384	0
8385	3
8386	2
8387	1
8388	0
8389	0
8390	3
8391	0
8392	1
8393	0
8394	1
8395	2
8396	0
8397	0
8398	2
8399	0
8400	2
8401	1
8402	1
8403	4
8404	1
8405	2
8406	0
8407	2
8408	2
8409	1
8410	1
8411	3
8412	1
8413	1
8414	4
8415	2
8416	0
8417	0
8418	0
8419	1
8420	1
8421	2
8422	0
8423	1
8424	2
8425	1
8426	1
8427	2
8428	1
8429	2
8430	0
8431	1
8432	1
8433	0
8434	0
8435	0
8436	2
8437	2
8438	1
8439	2
8440	3
8441	1
8442	1
8443	0
8444	1
8445	0
8446	0
8447	2
8448	0
8449	2
8450	3
8451	0
8452	1
8453	0
8454	1
8455	2
8456	0
8457	2
8458	2
8459	0
8460	3
8461	1
8462	0
8463	0
8464	0
8465	0
8466	1
8467	2
8468	0
8469	1
8470	0
8471	1
8472	1
8473	1
8474	2
8475	1
8476	1
8477	2
8478	0
8479	1
8480	0
8481	0
8482	1
8483	1
8484	0
8485	2
8486	0
8487	2
8488	0
8489	1
8490	2
8491	1
8492	0
8493	3
8494	2
8495	1
8496	1
8497	1
8498	0
8499	2
8500	1
8501	1
8502	3
8503	5
8504	1
8505	1
8506	2
8507	0
8508	1
8509	0
8510	3
8511	1
8512	1
8513	2
8514	0
8515	2
8516	1
8517	2
8518	1
8519	0
8520	0
8521	0
8522	0
8523	2
8524	2
8525	1
8526	0
8527	2
8528	1
8529	0
8530	2
8531	0
8532	2
8533	0
8534	0
8535	0
8536	0
8537	1
8538	0
8539	2
8540	3
8541	2
8542	1
8543	2
8544	1
8545	1
8546	1
8547	0
8548	0
8549	2
8550	1
8551	0
8552	1
8553	1
8554	0
8555	2
8556	1
8557	2
8558	1
8559	1
8560	1
8561	1
8562	1
8563	1
8564	2
8565	2
8566	0
8567	0
8568	0
8569	1
8570	1
8571	2
8572	3
8573	0
8574	0
8575	3
8576	1
8577	0
8578	1
8579	1
8580	1
8581	1
8582	0
8583	0
8584	1
8585	0
8586	3
8587	1
8588	1
8589	1
8590	1
8591	1
8592	1
8593	0
8594	0
8595	0
8596	0
8597	1
8598	1
8599	0
8600	1
8601	2
8602	2
8603	1
8604	3
8605	0
8606	0
8607	0
8608	1
8609	0
8610	3
8611	0
8612	0
8613	0
8614	1
8615	1
8616	2
8617	1
8618	1
8619	1
8620	1
8621	2
8622	2
8623	0
8624	2
8625	0
8626	0
8627	1
8628	0
8629	0
8630	2
8631	0
8632	2
8633	0
8634	0
8635	2
8636	1
8637	0
8638	0
8639	0
8640	0
8641	1
8642	1
8643	1
8644	0
8645	0
8646	2
8647	2
8648	2
8649	2
8650	0
8651	0
8652	0
8653	1
8654	0
8655	1
8656	1
8657	2
8658	1
8659	1
8660	0
8661	0
8662	0
8663	2
8664	0
8665	2
8666	0
8667	0
8668	0
8669	2
8670	1
8671	3
8672	0
8673	2
8674	3
8675	1
8676	0
8677	0
8678	0
8679	2
8680	3
8681	1
8682	1
8683	0
8684	1
8685	3
8686	3
8687	0
8688	1
8689	1
8690	1
8691	0
8692	1
8693	1
8694	3
8695	0
8696	1
8697	2
8698	1
8699	3
8700	2
8701	3
8702	5
8703	2
8704	3
8705	1
8706	2
8707	1
8708	1
8709	0
8710	1
8711	1
8712	0
8713	3
8714	0
8715	2
8716	1
8717	1
8718	3
8719	0
8720	1
8721	1
8722	1
8723	1
8724	1
8725	1
8726	2
8727	2
8728	1
8729	1
8730	1
8731	1
8732	1
8733	1
8734	2
8735	2
8736	1
8737	0
8738	2
8739	1
8740	1
8741	1
8742	0
8743	1
8744	1
8745	1
8746	1
8747	1
8748	0
8749	4
8750	1
8751	0
8752	0
8753	3
8754	2
8755	1
8756	0
8757	4
8758	0
8759	0
8760	1
8761	1
8762	1
8763	1
8764	4
8765	1
8766	0
8767	1
8768	2
8769	1
8770	0
8771	5
8772	0
8773	0
8774	2
8775	1
8776	1
8777	2
8778	3
8779	0
8780	1
8781	0
8782	1
8783	0
8784	1
8785	1
8786	1
8787	1
8788	2
8789	2
8790	0
8791	1
8792	3
8793	1
8794	1
8795	2
8796	0
8797	0
8798	4
8799	1
8800	2
8801	1
8802	1
8803	1
8804	2
8805	0
8806	1
8807	0
8808	1
8809	1
8810	0
8811	2
8812	1
8813	1
8814	1
8815	4
8816	0
8817	0
8818	1
8819	4
8820	3
8821	0
8822	0
8823	0
8824	1
8825	0
8826	1
8827	2
8828	1
8829	1
8830	2
8831	0
8832	0
8833	0
8834	1
8835	0
8836	2
8837	2
8838	0
8839	3
8840	1
8841	1
8842	3
8843	0
8844	1
8845	1
8846	3
8847	2
8848	2
8849	2
8850	1
8851	3
8852	1
8853	2
8854	0
8855	0
8856	0
8857	1
8858	1
8859	0
8860	2
8861	1
8862	1
8863	1
8864	3
8865	1
8866	1
8867	2
8868	1
8869	1
8870	2
8871	2
8872	1
8873	3
8874	0
8875	2
8876	3
8877	0
8878	1
8879	0
8880	0
8881	0
8882	0
8883	0
8884	0
8885	0
8886	0
8887	2
8888	3
8889	0
8890	0
8891	2
8892	3
8893	2
8894	1
8895	0
8896	0
8897	1
8898	2
8899	3
8900	1
8901	1
8902	0
8903	1
8904	3
8905	1
8906	0
8907	0
8908	0
8909	0
8910	2
8911	2
8912	1
8913	0
8914	0
8915	2
8916	4
8917	2
8918	2
8919	1
8920	0
8921	1
8922	1
8923	2
8924	0
8925	1
8926	2
8927	2
8928	2
8929	0
8930	1
8931	3
8932	0
8933	0
8934	3
8935	2
8936	1
8937	2
8938	0
8939	4
8940	2
8941	2
8942	1
8943	0
8944	1
8945	3
8946	1
8947	0
8948	1
8949	1
8950	1
8951	0
8952	3
8953	0
8954	2
8955	1
8956	1
8957	1
8958	0
8959	1
8960	3
8961	1
8962	0
8963	2
8964	1
8965	2
8966	1
8967	1
8968	2
8969	0
8970	2
8971	0
8972	4
8973	0
8974	1
8975	0
8976	0
8977	0
8978	1
8979	1
8980	0
8981	1
8982	2
8983	1
8984	0
8985	0
8986	1
8987	0
8988	0
8989	1
8990	0
8991	0
8992	2
8993	1
8994	2
8995	0
8996	4
8997	1
8998	4
8999	1
9000	1
9001	0
9002	0
9003	0
9004	0
9005	1
9006	0
9007	1
9008	0
9009	1
9010	1
9011	0
9012	2
9013	0
9014	0
9015	0
9016	1
9017	0
9018	2
9019	2
9020	3
9021	1
9022	0
9023	2
9024	1
9025	1
9026	0
9027	1
9028	1
9029	1
9030	2
9031	0
9032	2
9033	0
9034	0
9035	1
9036	2
9037	1
9038	2
9039	4
9040	1
9041	1
9042	0
9043	2
9044	1
9045	2
9046	0
9047	1
9048	1
9049	2
9050	1
9051	0
9052	0
9053	5
9054	2
9055	3
9056	1
9057	3
9058	2
9059	1
9060	2
9061	1
9062	0
9063	1
9064	1
9065	1
9066	0
9067	0
9068	0
9069	1
9070	2
9071	0
9072	2
9073	1
9074	1
9075	2
9076	1
9077	0
9078	1
9079	0
9080	0
9081	1
9082	1
9083	0
9084	1
9085	0
9086	4
9087	2
9088	1
9089	2
9090	2
9091	0
9092	4
9093	1
9094	0
9095	1
9096	0
9097	1
9098	0
9099	1
9100	1
9101	0
9102	1
9103	2
9104	1
9105	1
9106	2
9107	0
9108	0
9109	0
9110	1
9111	1
9112	3
9113	2
9114	1
9115	1
9116	0
9117	1
9118	2
9119	0
9120	1
9121	0
9122	1
9123	1
9124	0
9125	0
9126	0
9127	2
9128	4
9129	0
9130	0
9131	1
9132	2
9133	0
9134	0
9135	0
9136	1
9137	3
9138	3
9139	2
9140	1
9141	3
9142	2
9143	2
9144	0
9145	2
9146	0
9147	3
9148	0
9149	1
9150	4
9151	0
9152	1
9153	0
9154	0
9155	0
9156	1
9157	3
9158	0
9159	0
9160	2
9161	1
9162	2
9163	2
9164	2
9165	1
9166	0
9167	3
9168	1
9169	1
9170	0
9171	0
9172	2
9173	2
9174	0
9175	2
9176	2
9177	1
9178	2
9179	1
9180	0
9181	0
9182	3
9183	0
9184	2
9185	4
9186	1
9187	1
9188	3
9189	3
9190	1
9191	2
9192	0
9193	3
9194	1
9195	2
9196	0
9197	1
9198	1
9199	2
9200	1
9201	0
9202	2
9203	1
9204	0
9205	0
9206	0
9207	0
9208	0
9209	2
9210	3
9211	1
9212	2
9213	2
9214	0
9215	0
9216	0
9217	4
9218	3
9219	1
9220	1
9221	1
9222	2
9223	1
9224	1
9225	2
9226	5
9227	0
9228	1
9229	1
9230	0
9231	0
9232	0
9233	3
9234	0
9235	0
9236	0
9237	1
9238	0
9239	1
9240	2
9241	1
9242	1
9243	0
9244	0
9245	0
9246	0
9247	0
9248	1
9249	2
9250	1
9251	2
9252	1
9253	1
9254	2
9255	3
9256	2
9257	4
9258	1
9259	3
9260	3
9261	0
9262	1
9263	1
9264	2
9265	0
9266	1
9267	2
9268	1
9269	3
9270	0
9271	0
9272	1
9273	0
9274	0
9275	1
9276	3
9277	0
9278	2
9279	0
9280	0
9281	0
9282	0
9283	0
9284	1
9285	1
9286	0
9287	0
9288	2
9289	2
9290	0
9291	0
9292	0
9293	1
9294	2
9295	1
9296	0
9297	0
9298	0
9299	2
9300	1
9301	1
9302	1
9303	1
9304	1
9305	2
9306	1
9307	0
9308	1
9309	5
9310	4
9311	0
9312	1
9313	1
9314	2
9315	2
9316	0
9317	0
9318	0
9319	1
9320	0
9321	2
9322	2
9323	1
9324	3
9325	3
9326	0
9327	1
9328	2
9329	1
9330	2
9331	1
9332	4
9333	1
9334	2
9335	2
9336	0
9337	1
9338	2
9339	0
9340	2
9341	3
9342	1
9343	2
9344	2
9345	0
9346	1
9347	1
9348	0
9349	2
9350	0
9351	2
9352	1
9353	2
9354	1
9355	2
9356	3
9357	0
9358	1
9359	1
9360	1
9361	0
9362	0
9363	4
9364	0
9365	0
9366	4
9367	1
9368	0
9369	1
9370	1
9371	4
9372	0
9373	3
9374	3
9375	1
9376	0
9377	1
9378	1
9379	0
9380	1
9381	0
9382	0
9383	3
9384	0
9385	1
9386	1
9387	0
9388	1
9389	1
9390	3
9391	2
9392	1
9393	1
9394	2
9395	0
9396	1
9397	2
9398	1
9399	2
9400	5
9401	2
9402	1
9403	2
9404	0
9405	1
9406	3
9407	0
9408	1
9409	0
9410	2
9411	1
9412	1
9413	1
9414	3
9415	2
9416	1
9417	2
9418	1
9419	2
9420	1
9421	0
9422	3
9423	1
9424	3
9425	3
9426	0
9427	1
9428	2
9429	0
9430	2
9431	3
9432	2
9433	0
9434	0
9435	2
9436	1
9437	4
9438	2
9439	0
9440	3
9441	0
9442	2
9443	1
9444	1
9445	0
9446	0
9447	1
9448	1
9449	1
9450	4
9451	1
9452	3
9453	0
9454	1
9455	1
9456	4
9457	2
9458	1
9459	3
9460	1
9461	2
9462	2
9463	1
9464	2
9465	1
9466	3
9467	3
9468	3
9469	2
9470	2
9471	0
9472	1
9473	2
9474	5
9475	0
9476	0
9477	2
9478	0
9479	0
9480	0
9481	1
9482	4
9483	0
9484	2
9485	1
9486	1
9487	2
9488	1
9489	0
9490	0
9491	1
9492	1
9493	1
9494	3
9495	3
9496	1
9497	2
9498	0
9499	2
9500	1
9501	0
9502	1
9503	1
9504	1
9505	1
9506	2
9507	1
9508	0
9509	4
9510	0
9511	1
9512	2
9513	1
9514	1
9515	0
9516	1
9517	1
9518	0
9519	0
9520	2
9521	0
9522	1
9523	0
9524	1
9525	2
9526	3
9527	2
9528	2
9529	0
9530	2
9531	0
9532	1
9533	1
9534	0
9535	2
9536	1
9537	1
9538	0
9539	3
9540	0
9541	1
9542	0
9543	1
9544	0
9545	1
9546	0
9547	0
9548	2
9549	1
9550	1
9551	0
9552	1
9553	1
9554	1
9555	1
9556	0
9557	0
9558	1
9559	1
9560	1
9561	1
9562	0
9563	1
9564	0
9565	2
9566	0
9567	3
9568	0
9569	0
9570	1
9571	3
9572	0
9573	0
9574	3
9575	1
9576	2
9577	0
9578	0
9579	0
9580	2
9581	2
9582	0
9583	1
9584	1
9585	0
9586	1
9587	0
9588	1
9589	0
9590	2
9591	0
9592	2
9593	3
9594	2
9595	0
9596	1
9597	0
9598	1
9599	1
9600	1
9601	0
9602	2
9603	2
9604	1
9605	3
9606	2
9607	0
9608	2
9609	1
9610	3
9611	0
9612	1
9613	1
9614	0
9615	0
9616	1
9617	3
9618	2
9619	1
9620	0
9621	3
9622	1
9623	0
9624	1
9625	1
9626	2
9627	1
9628	1
9629	1
9630	1
9631	1
9632	1
9633	1
9634	0
9635	3
9636	1
9637	1
9638	1
9639	2
9640	1
9641	2
9642	1
9643	4
9644	1
9645	1
9646	2
9647	2
9648	0
9649	0
9650	0
9651	1
9652	1
9653	1
9654	0
9655	1
9656	1
9657	4
9658	0
9659	2
9660	2
9661	1
9662	1
9663	0
9664	1
9665	1
9666	1
9667	0
9668	2
9669	1
9670	0
9671	0
9672	3
9673	1
9674	2
9675	1
9676	0
9677	0
9678	2
9679	0
9680	1
9681	0
9682	4
9683	0
9684	1
9685	0
9686	3
9687	1
9688	1
9689	1
9690	0
9691	0
9692	3
9693	0
9694	2
9695	0
9696	1
9697	1
9698	1
9699	1
9700	0
9701	1
9702	1
9703	0
9704	1
9705	3
9706	1
9707	4
9708	0
9709	1
9710	0
9711	0
9712	0
9713	2
9714	2
9715	1
9716	1
9717	1
9718	1
9719	2
9720	0
9721	1
9722	0
9723	1
9724	0
9725	0
9726	1
9727	0
9728	1
9729	1
9730	0
9731	3
9732	2
9733	2
9734	0
9735	2
9736	1
9737	1
9738	1
9739	2
9740	1
9741	1
9742	1
9743	1
9744	1
9745	1
9746	1
9747	3
9748	1
9749	0
9750	3
9751	2
9752	2
9753	0
9754	3
9755	1
9756	0
9757	0
9758	1
9759	0
9760	1
9761	1
9762	2
9763	1
9764	1
9765	2
9766	0
9767	2
9768	1
9769	2
9770	1
9771	1
9772	1
9773	1
9774	1
9775	3
9776	1
9777	1
9778	1
9779	0
9780	0
9781	1
9782	2
9783	2
9784	1
9785	1
9786	1
9787	1
9788	2
9789	0
9790	1
9791	1
9792	1
9793	0
9794	0
9795	1
9796	0
9797	0
9798	0
9799	1
9800	1
9801	3
9802	2
9803	2
9804	0
9805	1
9806	2
9807	2
9808	1
9809	0
9810	0
9811	1
9812	0
9813	1
9814	2
9815	4
9816	2
9817	1
9818	1
9819	1
9820	2
9821	1
9822	0
9823	2
9824	1
9825	0
9826	1
9827	3
9828	2
9829	0
9830	4
9831	0
9832	1
9833	0
9834	1
9835	0
9836	5
9837	1
9838	0
9839	1
9840	1
9841	1
9842	0
9843	0
9844	1
9845	0
9846	0
9847	1
9848	1
9849	1
9850	0
9851	4
9852	1
9853	0
9854	1
9855	0
9856	1
9857	3
9858	0
9859	0
9860	0
9861	1
9862	1
9863	0
9864	0
9865	1
9866	0
9867	1
9868	1
9869	3
9870	2
9871	0
9872	1
9873	2
9874	0
9875	2
9876	0
9877	0
9878	1
9879	1
9880	2
9881	3
9882	2
9883	2
9884	0
9885	3
9886	2
9887	0
9888	0
9889	0
9890	0
9891	0
9892	1
9893	0
9894	0
9895	0
9896	1
9897	1
9898	3
9899	1
9900	0
9901	0
9902	0
9903	1
9904	0
9905	0
9906	1
9907	4
9908	0
9909	0
9910	4
9911	0
9912	1
9913	0
9914	2
9915	2
9916	0
9917	0
9918	2
9919	0
9920	2
9921	2
9922	1
9923	0
9924	0
9925	1
9926	1
9927	0
9928	0
9929	3
9930	2
9931	0
9932	2
9933	2
9934	2
9935	2
9936	1
9937	1
9938	1
9939	4
9940	3
9941	1
9942	0
9943	0
9944	0
9945	0
9946	1
9947	1
9948	0
9949	0
9950	1
9951	2
9952	2
9953	2
9954	0
9955	0
9956	2
9957	1
9958	0
9959	0
9960	2
9961	0
9962	2
9963	1
9964	0
9965	0
9966	1
9967	0
9968	1
9969	1
9970	0
9971	1
9972	1
9973	2
9974	0
9975	1
9976	2
9977	1
9978	2
9979	0
9980	1
9981	1
9982	1
9983	2
9984	1
9985	1
9986	1
9987	1
9988	0
9989	2
9990	1
9991	1
9992	1
9993	2
9994	1
9995	1
9996	3
9997	2
9998	0
9999	0
10000	3
