1	417689174
2	11594538
3	4054855
4	2709646
5	2089510
6	2086486
7	2219190
8	2434452
9	2652544
10	2883854
11	3135299
12	3450490
13	3873025
14	4425285
15	5092962
16	5879010
17	6728755
18	7583703
19	8378396
20	9023591
21	9469485
22	9669100
23	9599190
24	9282259
25	8721804
26	7971029
27	7104295
28	6171779
29	5230068
30	4327712
31	3497055
32	2770457
33	2156978
34	1645591
35	1235361
36	919543
37	676164
38	498294
39	368582
40	277824
41	212963
42	169215
43	139850
44	118961
45	104981
46	95003
47	89415
48	84678
49	79856
50	75734
51	71979
52	68364
53	64849
54	61480
55	58126
56	54515
57	51307
58	48169
59	45292
60	42631
61	40659
62	37826
63	35766
64	34424
65	32801
66	31149
67	29747
68	28375
69	27612
70	26100
71	24903
72	24155
73	23162
74	22640
75	21737
76	20845
77	20283
78	20346
79	19380
80	18528
81	18420
82	17547
83	17053
84	16552
85	16318
86	15625
87	15336
88	14689
89	14429
90	14076
91	13755
92	13600
93	13389
94	12990
95	12567
96	12349
97	12235
98	11660
99	11364
100	11212
101	11102
102	10407
103	10488
104	9696
105	9740
106	9373
107	9195
108	8860
109	8776
110	8494
111	8403
112	8301
113	7898
114	7929
115	7849
116	7574
117	7579
118	7218
119	7105
120	6905
121	6886
122	6789
123	6587
124	6595
125	6404
126	6405
127	6291
128	6033
129	5934
130	5849
131	5680
132	5708
133	5568
134	5409
135	5421
136	5313
137	5439
138	5272
139	5192
140	5063
141	5052
142	5007
143	4908
144	4862
145	4865
146	4876
147	4633
148	4623
149	4629
150	4354
151	4373
152	4259
153	4182
154	4246
155	4133
156	4124
157	4156
158	4073
159	3954
160	3890
161	3930
162	3986
163	3911
164	3900
165	3837
166	3775
167	3729
168	3748
169	3727
170	3595
171	3496
172	3538
173	3502
174	3428
175	3493
176	3453
177	3483
178	3387
179	3459
180	3379
181	3389
182	3284
183	3331
184	3354
185	3318
186	3178
187	3168
188	3103
189	3011
190	2870
191	2924
192	2961
193	2916
194	2882
195	2820
196	2792
197	2786
198	2866
199	2794
200	2779
201	2644
202	2611
203	2752
204	2577
205	2586
206	2599
207	2571
208	2509
209	2592
210	2503
211	2522
212	2463
213	2429
214	2371
215	2336
216	2502
217	2462
218	2407
219	2269
220	2324
221	2263
222	2258
223	2208
224	2225
225	2357
226	2230
227	2281
228	2185
229	2218
230	2163
231	2304
232	2228
233	2113
234	2133
235	2163
236	2049
237	2115
238	2159
239	2182
240	2058
241	2023
242	2114
243	2157
244	2123
245	2014
246	1966
247	2021
248	1987
249	2011
250	2075
251	1882
252	1920
253	1936
254	1866
255	1835
256	1832
257	1724
258	1730
259	1735
260	1794
261	1839
262	1896
263	1770
264	1867
265	1874
266	1810
267	1838
268	1779
269	1858
270	1836
271	1855
272	1790
273	1811
274	1814
275	1755
276	1755
277	1784
278	1800
279	1726
280	1646
281	1742
282	1733
283	1688
284	1741
285	1589
286	1659
287	1684
288	1615
289	1515
290	1553
291	1555
292	1594
293	1644
294	1572
295	1658
296	1563
297	1602
298	1586
299	1576
300	1570
301	1629
302	1604
303	1600
304	1600
305	1609
306	1551
307	1571
308	1603
309	1561
310	1605
311	1556
312	1562
313	1536
314	1585
315	1560
316	1528
317	1382
318	1454
319	1410
320	1473
321	1342
322	1465
323	1375
324	1330
325	1440
326	1446
327	1407
328	1336
329	1387
330	1348
331	1448
332	1350
333	1292
334	1333
335	1368
336	1340
337	1314
338	1333
339	1334
340	1282
341	1304
342	1270
343	1268
344	1233
345	1268
346	1282
347	1287
348	1261
349	1244
350	1259
351	1198
352	1229
353	1243
354	1181
355	1241
356	1209
357	1163
358	1157
359	1176
360	1224
361	1171
362	1206
363	1142
364	1115
365	1125
366	1130
367	1102
368	1170
369	1099
370	1092
371	1000
372	1087
373	1010
374	982
375	976
376	1043
377	1011
378	1030
379	1018
380	945
381	909
382	947
383	893
384	880
385	916
386	915
387	939
388	941
389	844
390	900
391	852
392	885
393	896
394	853
395	831
396	845
397	814
398	822
399	742
400	769
401	722
402	774
403	761
404	772
405	751
406	769
407	762
408	758
409	724
410	743
411	769
412	751
413	733
414	716
415	691
416	704
417	742
418	724
419	702
420	695
421	686
422	643
423	676
424	582
425	583
426	636
427	640
428	673
429	650
430	575
431	619
432	607
433	615
434	628
435	636
436	653
437	593
438	643
439	568
440	570
441	560
442	602
443	573
444	584
445	586
446	552
447	595
448	520
449	539
450	504
451	539
452	534
453	572
454	524
455	538
456	518
457	499
458	534
459	506
460	490
461	482
462	546
463	514
464	527
465	484
466	521
467	533
468	515
469	508
470	483
471	518
472	498
473	511
474	489
475	511
476	495
477	534
478	478
479	462
480	465
481	459
482	489
483	542
484	488
485	461
486	464
487	475
488	450
489	462
490	453
491	480
492	431
493	454
494	476
495	442
496	444
497	451
498	424
499	417
500	442
501	397
502	457
503	436
504	446
505	436
506	435
507	441
508	472
509	453
510	470
511	426
512	445
513	424
514	448
515	451
516	443
517	421
518	434
519	410
520	403
521	402
522	395
523	361
524	374
525	402
526	390
527	391
528	392
529	444
530	434
531	425
532	436
533	393
534	392
535	410
536	376
537	342
538	373
539	391
540	392
541	390
542	406
543	394
544	362
545	395
546	390
547	408
548	400
549	369
550	365
551	378
552	389
553	374
554	407
555	354
556	390
557	360
558	370
559	380
560	386
561	388
562	364
563	360
564	354
565	363
566	366
567	341
568	380
569	339
570	368
571	361
572	351
573	316
574	335
575	319
576	330
577	312
578	324
579	323
580	357
581	320
582	355
583	322
584	316
585	348
586	338
587	377
588	345
589	362
590	334
591	314
592	320
593	304
594	310
595	277
596	309
597	307
598	320
599	325
600	323
601	340
602	278
603	318
604	307
605	312
606	316
607	298
608	296
609	348
610	336
611	303
612	308
613	307
614	305
615	254
616	310
617	298
618	287
619	278
620	310
621	308
622	308
623	283
624	293
625	311
626	255
627	285
628	307
629	304
630	287
631	266
632	275
633	291
634	269
635	253
636	281
637	272
638	288
639	260
640	279
641	251
642	251
643	252
644	245
645	285
646	257
647	244
648	250
649	245
650	239
651	247
652	255
653	278
654	260
655	273
656	242
657	253
658	271
659	234
660	261
661	235
662	242
663	252
664	271
665	236
666	239
667	232
668	252
669	237
670	232
671	237
672	211
673	213
674	234
675	219
676	222
677	238
678	237
679	224
680	241
681	224
682	217
683	228
684	213
685	233
686	232
687	212
688	224
689	242
690	235
691	233
692	220
693	209
694	223
695	210
696	225
697	215
698	207
699	226
700	220
701	207
702	189
703	201
704	179
705	205
706	206
707	218
708	194
709	192
710	204
711	202
712	186
713	210
714	178
715	222
716	195
717	209
718	191
719	212
720	185
721	195
722	197
723	204
724	166
725	220
726	211
727	200
728	207
729	196
730	201
731	203
732	187
733	188
734	186
735	198
736	193
737	206
738	165
739	199
740	194
741	204
742	205
743	172
744	231
745	164
746	172
747	188
748	190
749	169
750	195
751	183
752	171
753	179
754	202
755	202
756	180
757	167
758	162
759	166
760	165
761	182
762	167
763	188
764	192
765	149
766	162
767	173
768	169
769	160
770	163
771	179
772	163
773	166
774	179
775	164
776	141
777	173
778	174
779	173
780	180
781	175
782	185
783	179
784	174
785	194
786	173
787	168
788	176
789	171
790	180
791	177
792	182
793	168
794	170
795	146
796	181
797	156
798	178
799	159
800	146
801	148
802	122
803	158
804	177
805	168
806	147
807	156
808	172
809	180
810	153
811	166
812	157
813	162
814	167
815	158
816	180
817	148
818	160
819	147
820	141
821	156
822	140
823	146
824	143
825	133
826	150
827	154
828	143
829	143
830	141
831	144
832	151
833	142
834	159
835	152
836	134
837	170
838	132
839	121
840	152
841	157
842	146
843	149
844	140
845	145
846	129
847	164
848	132
849	130
850	134
851	151
852	149
853	141
854	142
855	143
856	126
857	155
858	123
859	129
860	143
861	143
862	129
863	159
864	124
865	134
866	123
867	160
868	151
869	152
870	149
871	135
872	140
873	149
874	138
875	126
876	130
877	121
878	125
879	134
880	153
881	115
882	132
883	120
884	146
885	150
886	161
887	122
888	133
889	130
890	131
891	122
892	131
893	111
894	140
895	115
896	110
897	129
898	117
899	130
900	115
901	121
902	121
903	137
904	136
905	133
906	123
907	124
908	131
909	119
910	119
911	113
912	132
913	125
914	115
915	95
916	126
917	129
918	130
919	116
920	119
921	106
922	129
923	137
924	128
925	128
926	136
927	137
928	112
929	125
930	124
931	129
932	125
933	116
934	120
935	121
936	115
937	110
938	129
939	121
940	115
941	135
942	118
943	125
944	133
945	122
946	136
947	113
948	110
949	126
950	99
951	119
952	109
953	141
954	107
955	104
956	99
957	109
958	120
959	109
960	114
961	97
962	111
963	97
964	104
965	129
966	117
967	105
968	119
969	113
970	109
971	145
972	102
973	120
974	117
975	123
976	111
977	117
978	132
979	134
980	114
981	128
982	124
983	117
984	137
985	145
986	122
987	124
988	114
989	123
990	128
991	122
992	125
993	116
994	112
995	113
996	134
997	121
998	131
999	112
1000	112
1001	104
1002	111
1003	104
1004	119
1005	107
1006	116
1007	111
1008	112
1009	121
1010	131
1011	99
1012	136
1013	110
1014	94
1015	117
1016	124
1017	114
1018	116
1019	103
1020	127
1021	91
1022	116
1023	114
1024	110
1025	99
1026	92
1027	113
1028	126
1029	134
1030	121
1031	107
1032	124
1033	139
1034	90
1035	119
1036	110
1037	106
1038	102
1039	112
1040	127
1041	90
1042	112
1043	111
1044	108
1045	117
1046	107
1047	119
1048	123
1049	109
1050	123
1051	109
1052	106
1053	97
1054	109
1055	109
1056	89
1057	109
1058	92
1059	100
1060	106
1061	91
1062	116
1063	111
1064	107
1065	103
1066	95
1067	89
1068	94
1069	109
1070	91
1071	89
1072	98
1073	107
1074	100
1075	83
1076	99
1077	128
1078	90
1079	109
1080	105
1081	94
1082	102
1083	96
1084	103
1085	120
1086	88
1087	114
1088	105
1089	113
1090	97
1091	103
1092	101
1093	81
1094	112
1095	101
1096	105
1097	96
1098	88
1099	101
1100	88
1101	94
1102	81
1103	85
1104	102
1105	81
1106	102
1107	94
1108	78
1109	86
1110	97
1111	110
1112	92
1113	113
1114	107
1115	81
1116	75
1117	91
1118	97
1119	97
1120	101
1121	100
1122	84
1123	85
1124	87
1125	69
1126	76
1127	95
1128	96
1129	90
1130	82
1131	87
1132	87
1133	80
1134	88
1135	91
1136	101
1137	98
1138	88
1139	79
1140	71
1141	80
1142	87
1143	82
1144	81
1145	89
1146	105
1147	94
1148	85
1149	109
1150	103
1151	102
1152	94
1153	77
1154	101
1155	81
1156	77
1157	90
1158	93
1159	64
1160	89
1161	91
1162	86
1163	81
1164	92
1165	92
1166	88
1167	69
1168	92
1169	84
1170	90
1171	85
1172	85
1173	83
1174	85
1175	84
1176	71
1177	93
1178	68
1179	87
1180	87
1181	82
1182	64
1183	71
1184	88
1185	70
1186	86
1187	84
1188	74
1189	79
1190	88
1191	77
1192	71
1193	92
1194	76
1195	80
1196	88
1197	84
1198	66
1199	89
1200	95
1201	82
1202	73
1203	91
1204	81
1205	74
1206	70
1207	87
1208	87
1209	80
1210	91
1211	87
1212	75
1213	92
1214	72
1215	79
1216	84
1217	96
1218	72
1219	96
1220	79
1221	76
1222	84
1223	92
1224	70
1225	90
1226	81
1227	80
1228	82
1229	80
1230	95
1231	82
1232	100
1233	88
1234	95
1235	83
1236	105
1237	85
1238	88
1239	96
1240	100
1241	97
1242	85
1243	89
1244	81
1245	91
1246	102
1247	89
1248	88
1249	85
1250	93
1251	76
1252	82
1253	96
1254	86
1255	97
1256	60
1257	93
1258	76
1259	81
1260	98
1261	92
1262	92
1263	88
1264	74
1265	84
1266	67
1267	74
1268	103
1269	106
1270	83
1271	91
1272	88
1273	90
1274	75
1275	95
1276	82
1277	94
1278	72
1279	86
1280	82
1281	83
1282	79
1283	89
1284	80
1285	81
1286	83
1287	80
1288	85
1289	89
1290	70
1291	89
1292	80
1293	99
1294	63
1295	74
1296	98
1297	77
1298	82
1299	83
1300	79
1301	74
1302	79
1303	81
1304	72
1305	76
1306	93
1307	76
1308	80
1309	74
1310	82
1311	95
1312	63
1313	82
1314	83
1315	67
1316	61
1317	80
1318	76
1319	93
1320	82
1321	77
1322	76
1323	72
1324	72
1325	77
1326	64
1327	78
1328	67
1329	71
1330	76
1331	73
1332	75
1333	71
1334	77
1335	85
1336	67
1337	69
1338	71
1339	82
1340	77
1341	69
1342	71
1343	90
1344	68
1345	79
1346	70
1347	69
1348	83
1349	82
1350	79
1351	72
1352	78
1353	78
1354	70
1355	70
1356	82
1357	83
1358	76
1359	78
1360	82
1361	90
1362	96
1363	97
1364	100
1365	80
1366	87
1367	71
1368	78
1369	57
1370	80
1371	79
1372	87
1373	90
1374	69
1375	88
1376	78
1377	82
1378	84
1379	91
1380	84
1381	83
1382	89
1383	89
1384	93
1385	78
1386	94
1387	92
1388	80
1389	83
1390	68
1391	85
1392	75
1393	81
1394	63
1395	85
1396	84
1397	80
1398	79
1399	89
1400	80
1401	88
1402	93
1403	74
1404	83
1405	96
1406	66
1407	75
1408	74
1409	79
1410	74
1411	74
1412	84
1413	82
1414	79
1415	66
1416	80
1417	82
1418	72
1419	75
1420	83
1421	69
1422	68
1423	68
1424	75
1425	83
1426	74
1427	72
1428	67
1429	70
1430	71
1431	72
1432	77
1433	65
1434	72
1435	68
1436	75
1437	59
1438	77
1439	62
1440	69
1441	56
1442	78
1443	71
1444	83
1445	70
1446	58
1447	70
1448	72
1449	64
1450	75
1451	65
1452	90
1453	61
1454	78
1455	75
1456	76
1457	82
1458	68
1459	79
1460	62
1461	79
1462	83
1463	78
1464	67
1465	80
1466	73
1467	71
1468	63
1469	67
1470	63
1471	71
1472	54
1473	59
1474	66
1475	66
1476	50
1477	66
1478	78
1479	72
1480	69
1481	73
1482	65
1483	76
1484	56
1485	77
1486	62
1487	80
1488	60
1489	57
1490	82
1491	67
1492	68
1493	71
1494	66
1495	71
1496	69
1497	79
1498	62
1499	76
1500	70
1501	57
1502	73
1503	58
1504	77
1505	63
1506	66
1507	55
1508	53
1509	63
1510	63
1511	65
1512	64
1513	64
1514	57
1515	53
1516	66
1517	67
1518	56
1519	68
1520	60
1521	63
1522	52
1523	63
1524	52
1525	61
1526	49
1527	54
1528	43
1529	55
1530	57
1531	70
1532	64
1533	61
1534	63
1535	65
1536	57
1537	51
1538	51
1539	69
1540	54
1541	59
1542	49
1543	64
1544	48
1545	71
1546	68
1547	42
1548	68
1549	54
1550	49
1551	48
1552	46
1553	61
1554	44
1555	55
1556	58
1557	65
1558	56
1559	58
1560	59
1561	55
1562	57
1563	52
1564	53
1565	48
1566	67
1567	55
1568	62
1569	56
1570	42
1571	59
1572	49
1573	67
1574	39
1575	64
1576	45
1577	60
1578	63
1579	44
1580	44
1581	55
1582	45
1583	52
1584	40
1585	47
1586	43
1587	51
1588	45
1589	47
1590	48
1591	38
1592	43
1593	43
1594	47
1595	56
1596	59
1597	59
1598	39
1599	46
1600	49
1601	47
1602	54
1603	52
1604	59
1605	43
1606	60
1607	45
1608	44
1609	43
1610	44
1611	38
1612	42
1613	56
1614	49
1615	53
1616	52
1617	47
1618	48
1619	38
1620	38
1621	58
1622	59
1623	39
1624	49
1625	49
1626	51
1627	41
1628	52
1629	51
1630	37
1631	37
1632	56
1633	43
1634	52
1635	56
1636	54
1637	42
1638	38
1639	30
1640	53
1641	35
1642	37
1643	46
1644	45
1645	51
1646	39
1647	44
1648	40
1649	50
1650	48
1651	41
1652	47
1653	51
1654	31
1655	54
1656	44
1657	42
1658	29
1659	55
1660	43
1661	56
1662	48
1663	43
1664	52
1665	45
1666	40
1667	40
1668	47
1669	48
1670	46
1671	51
1672	50
1673	47
1674	51
1675	47
1676	60
1677	54
1678	51
1679	49
1680	54
1681	62
1682	50
1683	55
1684	47
1685	60
1686	60
1687	42
1688	52
1689	54
1690	56
1691	48
1692	48
1693	52
1694	50
1695	56
1696	53
1697	38
1698	43
1699	40
1700	48
1701	49
1702	38
1703	49
1704	54
1705	45
1706	52
1707	60
1708	63
1709	66
1710	56
1711	58
1712	31
1713	53
1714	48
1715	66
1716	49
1717	41
1718	71
1719	48
1720	56
1721	56
1722	52
1723	63
1724	54
1725	44
1726	33
1727	40
1728	57
1729	39
1730	53
1731	51
1732	54
1733	54
1734	53
1735	36
1736	60
1737	59
1738	51
1739	49
1740	46
1741	58
1742	51
1743	48
1744	45
1745	46
1746	57
1747	58
1748	60
1749	68
1750	55
1751	45
1752	55
1753	47
1754	44
1755	67
1756	56
1757	46
1758	56
1759	65
1760	56
1761	49
1762	69
1763	47
1764	55
1765	56
1766	43
1767	62
1768	69
1769	61
1770	45
1771	63
1772	41
1773	48
1774	54
1775	52
1776	48
1777	52
1778	58
1779	42
1780	62
1781	44
1782	31
1783	62
1784	55
1785	45
1786	52
1787	45
1788	52
1789	40
1790	45
1791	47
1792	45
1793	31
1794	42
1795	45
1796	56
1797	31
1798	54
1799	44
1800	38
1801	44
1802	44
1803	44
1804	52
1805	50
1806	35
1807	35
1808	47
1809	43
1810	43
1811	42
1812	31
1813	53
1814	36
1815	38
1816	48
1817	57
1818	30
1819	38
1820	34
1821	40
1822	48
1823	40
1824	50
1825	52
1826	47
1827	45
1828	58
1829	44
1830	46
1831	33
1832	54
1833	46
1834	47
1835	43
1836	46
1837	42
1838	39
1839	43
1840	29
1841	50
1842	37
1843	39
1844	37
1845	39
1846	54
1847	36
1848	49
1849	37
1850	37
1851	44
1852	32
1853	33
1854	47
1855	30
1856	39
1857	32
1858	61
1859	38
1860	38
1861	39
1862	31
1863	39
1864	45
1865	32
1866	39
1867	45
1868	27
1869	37
1870	46
1871	39
1872	36
1873	45
1874	31
1875	41
1876	36
1877	51
1878	45
1879	40
1880	46
1881	36
1882	45
1883	45
1884	40
1885	50
1886	47
1887	45
1888	35
1889	45
1890	40
1891	38
1892	55
1893	56
1894	48
1895	41
1896	46
1897	48
1898	47
1899	49
1900	42
1901	52
1902	48
1903	42
1904	48
1905	39
1906	39
1907	38
1908	43
1909	55
1910	40
1911	55
1912	36
1913	49
1914	41
1915	30
1916	35
1917	42
1918	36
1919	52
1920	46
1921	36
1922	44
1923	51
1924	38
1925	45
1926	47
1927	38
1928	31
1929	37
1930	49
1931	47
1932	38
1933	44
1934	46
1935	47
1936	39
1937	43
1938	38
1939	50
1940	63
1941	40
1942	31
1943	31
1944	34
1945	37
1946	45
1947	47
1948	38
1949	43
1950	35
1951	35
1952	47
1953	30
1954	47
1955	46
1956	30
1957	37
1958	38
1959	35
1960	39
1961	29
1962	42
1963	33
1964	37
1965	43
1966	42
1967	41
1968	35
1969	46
1970	50
1971	38
1972	36
1973	40
1974	42
1975	42
1976	48
1977	53
1978	43
1979	52
1980	29
1981	37
1982	41
1983	39
1984	31
1985	33
1986	42
1987	34
1988	42
1989	48
1990	35
1991	44
1992	50
1993	47
1994	44
1995	40
1996	33
1997	41
1998	41
1999	41
2000	34
2001	45
2002	41
2003	45
2004	23
2005	32
2006	37
2007	35
2008	40
2009	40
2010	42
2011	37
2012	45
2013	32
2014	36
2015	34
2016	39
2017	38
2018	32
2019	32
2020	42
2021	34
2022	34
2023	39
2024	35
2025	33
2026	20
2027	40
2028	43
2029	30
2030	48
2031	36
2032	43
2033	42
2034	33
2035	36
2036	34
2037	56
2038	44
2039	45
2040	40
2041	32
2042	45
2043	42
2044	44
2045	48
2046	25
2047	38
2048	53
2049	40
2050	34
2051	42
2052	40
2053	35
2054	35
2055	35
2056	43
2057	48
2058	40
2059	43
2060	45
2061	39
2062	49
2063	41
2064	46
2065	37
2066	52
2067	42
2068	42
2069	61
2070	31
2071	48
2072	40
2073	49
2074	50
2075	37
2076	54
2077	60
2078	39
2079	45
2080	39
2081	48
2082	57
2083	48
2084	41
2085	45
2086	42
2087	38
2088	43
2089	39
2090	60
2091	38
2092	41
2093	35
2094	34
2095	36
2096	38
2097	58
2098	42
2099	32
2100	35
2101	46
2102	44
2103	37
2104	54
2105	42
2106	37
2107	43
2108	39
2109	37
2110	32
2111	40
2112	44
2113	34
2114	38
2115	50
2116	52
2117	46
2118	40
2119	41
2120	47
2121	49
2122	40
2123	51
2124	30
2125	47
2126	45
2127	50
2128	44
2129	48
2130	51
2131	59
2132	50
2133	47
2134	55
2135	38
2136	48
2137	41
2138	47
2139	28
2140	32
2141	35
2142	30
2143	41
2144	45
2145	36
2146	46
2147	37
2148	37
2149	26
2150	34
2151	34
2152	22
2153	36
2154	42
2155	39
2156	32
2157	33
2158	44
2159	33
2160	38
2161	30
2162	38
2163	39
2164	34
2165	23
2166	37
2167	39
2168	48
2169	35
2170	39
2171	55
2172	39
2173	46
2174	46
2175	54
2176	37
2177	37
2178	39
2179	43
2180	53
2181	50
2182	36
2183	43
2184	48
2185	32
2186	35
2187	43
2188	45
2189	34
2190	37
2191	39
2192	41
2193	48
2194	41
2195	34
2196	34
2197	34
2198	46
2199	37
2200	31
2201	26
2202	36
2203	42
2204	34
2205	33
2206	30
2207	46
2208	42
2209	39
2210	47
2211	35
2212	44
2213	36
2214	41
2215	41
2216	26
2217	36
2218	45
2219	33
2220	50
2221	39
2222	44
2223	35
2224	40
2225	33
2226	33
2227	44
2228	32
2229	30
2230	37
2231	34
2232	35
2233	36
2234	43
2235	47
2236	47
2237	41
2238	38
2239	50
2240	57
2241	44
2242	42
2243	39
2244	36
2245	48
2246	33
2247	34
2248	50
2249	36
2250	46
2251	37
2252	42
2253	37
2254	38
2255	41
2256	35
2257	37
2258	33
2259	30
2260	32
2261	32
2262	30
2263	36
2264	29
2265	42
2266	31
2267	43
2268	30
2269	33
2270	38
2271	40
2272	36
2273	43
2274	25
2275	31
2276	36
2277	50
2278	29
2279	46
2280	47
2281	44
2282	28
2283	24
2284	46
2285	38
2286	33
2287	38
2288	41
2289	36
2290	30
2291	40
2292	34
2293	35
2294	39
2295	40
2296	42
2297	45
2298	38
2299	47
2300	40
2301	30
2302	34
2303	40
2304	27
2305	26
2306	41
2307	38
2308	32
2309	24
2310	37
2311	29
2312	34
2313	39
2314	37
2315	39
2316	40
2317	28
2318	41
2319	28
2320	30
2321	24
2322	48
2323	42
2324	36
2325	50
2326	45
2327	36
2328	45
2329	38
2330	57
2331	32
2332	37
2333	40
2334	33
2335	37
2336	34
2337	34
2338	42
2339	43
2340	32
2341	30
2342	46
2343	40
2344	37
2345	45
2346	15
2347	31
2348	47
2349	28
2350	44
2351	35
2352	36
2353	29
2354	33
2355	40
2356	39
2357	41
2358	32
2359	40
2360	39
2361	36
2362	30
2363	29
2364	33
2365	31
2366	21
2367	27
2368	33
2369	25
2370	37
2371	29
2372	33
2373	22
2374	33
2375	31
2376	30
2377	37
2378	32
2379	33
2380	28
2381	33
2382	29
2383	28
2384	34
2385	27
2386	38
2387	29
2388	42
2389	34
2390	36
2391	38
2392	34
2393	25
2394	33
2395	30
2396	30
2397	34
2398	21
2399	27
2400	35
2401	31
2402	36
2403	40
2404	33
2405	27
2406	32
2407	37
2408	30
2409	29
2410	28
2411	28
2412	24
2413	22
2414	22
2415	18
2416	27
2417	21
2418	26
2419	24
2420	24
2421	21
2422	28
2423	17
2424	21
2425	25
2426	25
2427	32
2428	26
2429	24
2430	27
2431	36
2432	22
2433	21
2434	22
2435	22
2436	27
2437	33
2438	25
2439	21
2440	23
2441	24
2442	26
2443	25
2444	17
2445	28
2446	14
2447	27
2448	20
2449	27
2450	33
2451	24
2452	28
2453	25
2454	20
2455	17
2456	21
2457	33
2458	27
2459	26
2460	41
2461	29
2462	35
2463	27
2464	28
2465	22
2466	18
2467	21
2468	33
2469	39
2470	29
2471	27
2472	23
2473	21
2474	25
2475	30
2476	22
2477	21
2478	21
2479	34
2480	16
2481	18
2482	28
2483	19
2484	19
2485	23
2486	32
2487	24
2488	24
2489	22
2490	24
2491	31
2492	23
2493	24
2494	17
2495	22
2496	19
2497	22
2498	31
2499	26
2500	34
2501	27
2502	33
2503	29
2504	25
2505	20
2506	39
2507	31
2508	27
2509	37
2510	27
2511	15
2512	26
2513	29
2514	14
2515	37
2516	25
2517	19
2518	31
2519	13
2520	17
2521	15
2522	29
2523	28
2524	29
2525	29
2526	22
2527	21
2528	22
2529	27
2530	21
2531	26
2532	19
2533	22
2534	28
2535	15
2536	19
2537	17
2538	19
2539	19
2540	24
2541	21
2542	31
2543	26
2544	31
2545	30
2546	19
2547	21
2548	24
2549	29
2550	16
2551	20
2552	28
2553	20
2554	31
2555	29
2556	21
2557	20
2558	18
2559	27
2560	16
2561	26
2562	33
2563	18
2564	19
2565	13
2566	16
2567	25
2568	26
2569	16
2570	31
2571	21
2572	19
2573	21
2574	18
2575	28
2576	21
2577	14
2578	14
2579	19
2580	30
2581	27
2582	19
2583	9
2584	20
2585	13
2586	33
2587	15
2588	19
2589	12
2590	22
2591	13
2592	21
2593	18
2594	33
2595	8
2596	19
2597	11
2598	19
2599	14
2600	19
2601	24
2602	15
2603	12
2604	19
2605	17
2606	23
2607	17
2608	21
2609	19
2610	16
2611	9
2612	19
2613	8
2614	17
2615	13
2616	14
2617	13
2618	13
2619	20
2620	16
2621	21
2622	20
2623	12
2624	17
2625	17
2626	18
2627	23
2628	23
2629	16
2630	15
2631	15
2632	22
2633	19
2634	15
2635	22
2636	23
2637	21
2638	13
2639	19
2640	19
2641	9
2642	25
2643	14
2644	13
2645	21
2646	21
2647	15
2648	13
2649	22
2650	16
2651	16
2652	17
2653	23
2654	21
2655	20
2656	11
2657	19
2658	16
2659	19
2660	20
2661	24
2662	26
2663	11
2664	16
2665	14
2666	29
2667	18
2668	21
2669	18
2670	28
2671	22
2672	18
2673	14
2674	26
2675	17
2676	17
2677	24
2678	21
2679	19
2680	27
2681	13
2682	23
2683	13
2684	18
2685	25
2686	19
2687	15
2688	11
2689	20
2690	17
2691	17
2692	29
2693	13
2694	24
2695	26
2696	20
2697	15
2698	16
2699	19
2700	19
2701	16
2702	12
2703	22
2704	21
2705	24
2706	23
2707	9
2708	23
2709	16
2710	17
2711	18
2712	16
2713	18
2714	8
2715	13
2716	15
2717	13
2718	13
2719	22
2720	22
2721	21
2722	34
2723	19
2724	20
2725	17
2726	18
2727	13
2728	17
2729	17
2730	17
2731	27
2732	24
2733	14
2734	23
2735	20
2736	21
2737	21
2738	14
2739	17
2740	14
2741	14
2742	21
2743	19
2744	25
2745	21
2746	18
2747	14
2748	26
2749	21
2750	19
2751	17
2752	24
2753	27
2754	23
2755	17
2756	20
2757	14
2758	23
2759	21
2760	26
2761	26
2762	19
2763	20
2764	19
2765	19
2766	21
2767	19
2768	21
2769	18
2770	21
2771	15
2772	28
2773	17
2774	22
2775	17
2776	17
2777	19
2778	14
2779	15
2780	18
2781	21
2782	12
2783	15
2784	15
2785	16
2786	32
2787	19
2788	13
2789	11
2790	20
2791	13
2792	13
2793	10
2794	17
2795	16
2796	15
2797	13
2798	17
2799	17
2800	14
2801	16
2802	12
2803	11
2804	13
2805	19
2806	22
2807	9
2808	10
2809	18
2810	15
2811	10
2812	15
2813	13
2814	20
2815	15
2816	21
2817	22
2818	17
2819	8
2820	17
2821	17
2822	18
2823	28
2824	11
2825	22
2826	12
2827	11
2828	16
2829	16
2830	13
2831	14
2832	12
2833	15
2834	12
2835	15
2836	17
2837	13
2838	7
2839	10
2840	14
2841	14
2842	18
2843	6
2844	15
2845	14
2846	14
2847	13
2848	21
2849	15
2850	10
2851	20
2852	19
2853	15
2854	15
2855	14
2856	14
2857	9
2858	21
2859	11
2860	14
2861	7
2862	9
2863	12
2864	13
2865	13
2866	19
2867	12
2868	13
2869	12
2870	10
2871	7
2872	15
2873	15
2874	14
2875	15
2876	10
2877	8
2878	13
2879	18
2880	11
2881	7
2882	14
2883	14
2884	22
2885	19
2886	11
2887	11
2888	17
2889	9
2890	9
2891	8
2892	19
2893	14
2894	17
2895	15
2896	9
2897	23
2898	16
2899	15
2900	15
2901	6
2902	13
2903	10
2904	14
2905	13
2906	20
2907	16
2908	14
2909	12
2910	10
2911	10
2912	18
2913	11
2914	19
2915	15
2916	10
2917	12
2918	18
2919	10
2920	13
2921	7
2922	17
2923	14
2924	14
2925	24
2926	12
2927	11
2928	16
2929	14
2930	16
2931	12
2932	10
2933	10
2934	12
2935	14
2936	13
2937	16
2938	14
2939	18
2940	18
2941	12
2942	13
2943	17
2944	14
2945	15
2946	15
2947	21
2948	17
2949	5
2950	8
2951	13
2952	9
2953	14
2954	13
2955	10
2956	6
2957	11
2958	8
2959	10
2960	9
2961	7
2962	16
2963	9
2964	6
2965	7
2966	12
2967	12
2968	13
2969	13
2970	8
2971	9
2972	8
2973	9
2974	12
2975	16
2976	12
2977	6
2978	14
2979	15
2980	11
2981	13
2982	12
2983	18
2984	6
2985	18
2986	8
2987	11
2988	12
2989	14
2990	5
2991	5
2992	17
2993	13
2994	17
2995	14
2996	13
2997	13
2998	14
2999	6
3000	14
3001	5
3002	7
3003	11
3004	8
3005	10
3006	14
3007	13
3008	14
3009	9
3010	12
3011	13
3012	11
3013	11
3014	13
3015	12
3016	11
3017	15
3018	10
3019	9
3020	10
3021	10
3022	19
3023	17
3024	14
3025	9
3026	16
3027	10
3028	11
3029	11
3030	10
3031	8
3032	18
3033	4
3034	14
3035	11
3036	9
3037	14
3038	12
3039	9
3040	8
3041	7
3042	8
3043	12
3044	7
3045	10
3046	11
3047	10
3048	17
3049	14
3050	10
3051	15
3052	7
3053	13
3054	11
3055	9
3056	5
3057	11
3058	11
3059	22
3060	18
3061	16
3062	11
3063	12
3064	9
3065	14
3066	14
3067	14
3068	12
3069	12
3070	8
3071	12
3072	17
3073	16
3074	6
3075	15
3076	10
3077	17
3078	10
3079	8
3080	19
3081	10
3082	12
3083	12
3084	13
3085	15
3086	18
3087	19
3088	16
3089	10
3090	5
3091	7
3092	13
3093	11
3094	11
3095	18
3096	11
3097	7
3098	18
3099	21
3100	16
3101	11
3102	14
3103	14
3104	10
3105	13
3106	16
3107	17
3108	13
3109	16
3110	13
3111	17
3112	14
3113	14
3114	9
3115	13
3116	15
3117	12
3118	6
3119	13
3120	14
3121	15
3122	10
3123	8
3124	14
3125	9
3126	8
3127	7
3128	15
3129	11
3130	8
3131	15
3132	11
3133	7
3134	10
3135	14
3136	12
3137	18
3138	18
3139	8
3140	14
3141	13
3142	9
3143	17
3144	13
3145	18
3146	7
3147	12
3148	21
3149	9
3150	15
3151	6
3152	12
3153	7
3154	19
3155	7
3156	11
3157	15
3158	12
3159	10
3160	12
3161	12
3162	14
3163	10
3164	13
3165	12
3166	10
3167	8
3168	14
3169	10
3170	10
3171	11
3172	13
3173	15
3174	12
3175	16
3176	14
3177	17
3178	8
3179	15
3180	9
3181	10
3182	13
3183	9
3184	16
3185	10
3186	11
3187	13
3188	9
3189	16
3190	16
3191	11
3192	13
3193	15
3194	6
3195	9
3196	9
3197	12
3198	15
3199	6
3200	11
3201	11
3202	7
3203	9
3204	18
3205	11
3206	16
3207	8
3208	8
3209	8
3210	15
3211	13
3212	12
3213	10
3214	11
3215	9
3216	18
3217	9
3218	9
3219	12
3220	14
3221	16
3222	18
3223	10
3224	7
3225	16
3226	7
3227	11
3228	13
3229	8
3230	10
3231	7
3232	11
3233	10
3234	13
3235	13
3236	8
3237	16
3238	12
3239	10
3240	12
3241	10
3242	17
3243	8
3244	17
3245	10
3246	11
3247	10
3248	13
3249	15
3250	10
3251	12
3252	7
3253	9
3254	10
3255	15
3256	15
3257	9
3258	15
3259	14
3260	12
3261	11
3262	10
3263	10
3264	4
3265	10
3266	13
3267	14
3268	8
3269	9
3270	7
3271	16
3272	12
3273	8
3274	6
3275	8
3276	12
3277	10
3278	7
3279	14
3280	13
3281	11
3282	7
3283	14
3284	9
3285	10
3286	8
3287	11
3288	12
3289	10
3290	13
3291	9
3292	13
3293	13
3294	10
3295	7
3296	11
3297	8
3298	13
3299	20
3300	15
3301	7
3302	12
3303	10
3304	10
3305	14
3306	11
3307	15
3308	8
3309	12
3310	8
3311	9
3312	8
3313	11
3314	11
3315	8
3316	15
3317	15
3318	11
3319	15
3320	17
3321	7
3322	12
3323	6
3324	11
3325	6
3326	10
3327	9
3328	15
3329	10
3330	10
3331	17
3332	12
3333	10
3334	13
3335	18
3336	10
3337	14
3338	10
3339	17
3340	16
3341	18
3342	10
3343	9
3344	17
3345	14
3346	11
3347	15
3348	12
3349	12
3350	16
3351	11
3352	6
3353	24
3354	11
3355	12
3356	10
3357	15
3358	12
3359	14
3360	7
3361	10
3362	9
3363	10
3364	22
3365	15
3366	21
3367	11
3368	7
3369	13
3370	10
3371	9
3372	14
3373	13
3374	13
3375	13
3376	13
3377	12
3378	8
3379	12
3380	9
3381	10
3382	13
3383	13
3384	8
3385	8
3386	12
3387	13
3388	10
3389	9
3390	6
3391	11
3392	13
3393	17
3394	10
3395	10
3396	14
3397	9
3398	16
3399	15
3400	7
3401	14
3402	12
3403	16
3404	11
3405	7
3406	10
3407	7
3408	16
3409	13
3410	8
3411	13
3412	11
3413	16
3414	15
3415	14
3416	12
3417	11
3418	14
3419	11
3420	10
3421	8
3422	7
3423	10
3424	12
3425	10
3426	10
3427	12
3428	18
3429	15
3430	10
3431	16
3432	9
3433	6
3434	13
3435	16
3436	12
3437	10
3438	16
3439	15
3440	6
3441	13
3442	10
3443	6
3444	13
3445	11
3446	11
3447	12
3448	8
3449	6
3450	12
3451	12
3452	6
3453	8
3454	12
3455	10
3456	12
3457	18
3458	12
3459	16
3460	11
3461	5
3462	9
3463	3
3464	9
3465	7
3466	7
3467	13
3468	9
3469	9
3470	16
3471	11
3472	6
3473	14
3474	14
3475	12
3476	15
3477	8
3478	13
3479	6
3480	10
3481	12
3482	18
3483	14
3484	9
3485	16
3486	8
3487	14
3488	14
3489	10
3490	10
3491	16
3492	10
3493	9
3494	7
3495	15
3496	8
3497	12
3498	8
3499	16
3500	9
3501	8
3502	16
3503	5
3504	10
3505	12
3506	6
3507	15
3508	12
3509	6
3510	11
3511	8
3512	19
3513	11
3514	10
3515	9
3516	14
3517	8
3518	13
3519	16
3520	15
3521	10
3522	9
3523	11
3524	9
3525	9
3526	11
3527	9
3528	10
3529	11
3530	11
3531	13
3532	7
3533	12
3534	9
3535	15
3536	13
3537	13
3538	7
3539	6
3540	7
3541	10
3542	10
3543	7
3544	11
3545	10
3546	13
3547	6
3548	10
3549	9
3550	9
3551	10
3552	9
3553	12
3554	14
3555	9
3556	12
3557	13
3558	8
3559	5
3560	13
3561	7
3562	14
3563	11
3564	6
3565	6
3566	5
3567	13
3568	13
3569	6
3570	8
3571	7
3572	12
3573	10
3574	16
3575	11
3576	13
3577	10
3578	7
3579	17
3580	8
3581	11
3582	8
3583	7
3584	12
3585	9
3586	8
3587	8
3588	15
3589	12
3590	10
3591	5
3592	11
3593	8
3594	9
3595	9
3596	14
3597	12
3598	11
3599	17
3600	8
3601	12
3602	9
3603	12
3604	7
3605	15
3606	13
3607	9
3608	8
3609	9
3610	13
3611	10
3612	12
3613	13
3614	10
3615	5
3616	9
3617	13
3618	14
3619	11
3620	7
3621	9
3622	13
3623	9
3624	11
3625	10
3626	9
3627	11
3628	12
3629	12
3630	6
3631	8
3632	11
3633	13
3634	10
3635	12
3636	8
3637	6
3638	10
3639	11
3640	13
3641	6
3642	17
3643	9
3644	5
3645	14
3646	9
3647	7
3648	17
3649	13
3650	11
3651	11
3652	9
3653	9
3654	7
3655	10
3656	16
3657	6
3658	6
3659	4
3660	8
3661	10
3662	10
3663	11
3664	14
3665	14
3666	18
3667	12
3668	15
3669	9
3670	7
3671	15
3672	14
3673	7
3674	7
3675	12
3676	6
3677	13
3678	9
3679	8
3680	9
3681	10
3682	6
3683	7
3684	12
3685	10
3686	9
3687	13
3688	9
3689	20
3690	11
3691	12
3692	13
3693	14
3694	11
3695	18
3696	15
3697	14
3698	10
3699	14
3700	15
3701	11
3702	9
3703	7
3704	9
3705	15
3706	14
3707	7
3708	11
3709	6
3710	16
3711	11
3712	20
3713	9
3714	6
3715	10
3716	17
3717	11
3718	11
3719	5
3720	7
3721	8
3722	10
3723	13
3724	10
3725	9
3726	11
3727	12
3728	11
3729	12
3730	11
3731	15
3732	8
3733	9
3734	14
3735	13
3736	10
3737	8
3738	9
3739	10
3740	14
3741	6
3742	12
3743	6
3744	14
3745	7
3746	8
3747	15
3748	6
3749	6
3750	12
3751	11
3752	9
3753	8
3754	10
3755	9
3756	12
3757	16
3758	8
3759	10
3760	8
3761	8
3762	9
3763	4
3764	10
3765	5
3766	12
3767	10
3768	9
3769	18
3770	6
3771	9
3772	13
3773	6
3774	13
3775	8
3776	1
3777	9
3778	6
3779	6
3780	7
3781	6
3782	7
3783	4
3784	11
3785	7
3786	10
3787	8
3788	10
3789	6
3790	8
3791	6
3792	3
3793	8
3794	13
3795	6
3796	15
3797	16
3798	9
3799	9
3800	14
3801	8
3802	12
3803	10
3804	7
3805	7
3806	8
3807	6
3808	7
3809	8
3810	12
3811	6
3812	10
3813	12
3814	8
3815	14
3816	5
3817	9
3818	10
3819	9
3820	9
3821	6
3822	4
3823	10
3824	9
3825	7
3826	8
3827	12
3828	6
3829	7
3830	8
3831	14
3832	9
3833	9
3834	8
3835	8
3836	7
3837	8
3838	8
3839	8
3840	7
3841	5
3842	11
3843	7
3844	12
3845	11
3846	10
3847	10
3848	8
3849	12
3850	12
3851	8
3852	5
3853	9
3854	8
3855	10
3856	5
3857	7
3858	6
3859	16
3860	15
3861	5
3862	8
3863	11
3864	9
3865	14
3866	8
3867	10
3868	13
3869	3
3870	10
3871	4
3872	4
3873	5
3874	3
3875	14
3876	5
3877	6
3878	6
3879	11
3880	10
3881	15
3882	6
3883	11
3884	10
3885	14
3886	5
3887	10
3888	11
3889	10
3890	11
3891	5
3892	3
3893	11
3894	5
3895	13
3896	12
3897	4
3898	9
3899	7
3900	8
3901	10
3902	6
3903	13
3904	2
3905	10
3906	12
3907	8
3908	5
3909	4
3910	12
3911	2
3912	13
3913	9
3914	1
3915	6
3916	11
3917	5
3918	7
3919	14
3920	9
3921	2
3922	10
3923	9
3924	6
3925	4
3926	9
3927	6
3928	8
3929	3
3930	10
3931	12
3932	7
3933	11
3934	7
3935	14
3936	10
3937	7
3938	8
3939	6
3940	10
3941	9
3942	8
3943	10
3944	9
3945	8
3946	10
3947	9
3948	5
3949	11
3950	16
3951	9
3952	9
3953	4
3954	6
3955	12
3956	3
3957	6
3958	8
3959	8
3960	8
3961	8
3962	5
3963	4
3964	8
3965	5
3966	6
3967	4
3968	3
3969	4
3970	2
3971	4
3972	7
3973	8
3974	4
3975	4
3976	3
3977	3
3978	6
3979	8
3980	7
3981	4
3982	8
3983	7
3984	3
3985	10
3986	6
3987	11
3988	5
3989	7
3990	5
3991	5
3992	10
3993	6
3994	6
3995	9
3996	5
3997	3
3998	7
3999	5
4000	4
4001	10
4002	5
4003	6
4004	5
4005	3
4006	6
4007	7
4008	3
4009	3
4010	4
4011	5
4012	7
4013	7
4014	9
4015	10
4016	5
4017	5
4018	5
4019	2
4020	8
4021	8
4022	5
4023	3
4024	5
4025	4
4026	6
4027	7
4028	5
4029	8
4030	3
4031	5
4032	6
4033	7
4034	3
4035	5
4036	5
4037	6
4038	5
4039	6
4040	3
4041	5
4042	10
4043	6
4044	1
4045	7
4046	7
4047	7
4048	9
4049	15
4050	9
4051	12
4052	6
4053	6
4054	4
4055	9
4056	3
4057	12
4058	3
4059	5
4060	5
4061	12
4062	6
4063	4
4064	1
4065	6
4066	5
4067	2
4068	9
4069	2
4070	4
4071	7
4072	1
4073	5
4074	4
4075	6
4076	4
4077	8
4078	8
4079	4
4080	12
4081	5
4082	7
4083	6
4084	3
4085	4
4086	7
4087	8
4088	7
4089	5
4090	6
4091	8
4092	9
4093	3
4094	6
4095	5
4096	6
4097	2
4098	7
4099	3
4100	5
4101	5
4102	7
4103	6
4104	4
4105	4
4106	5
4107	4
4108	8
4109	4
4110	7
4111	4
4112	5
4113	6
4114	4
4115	3
4116	2
4117	4
4118	5
4119	4
4120	5
4121	4
4122	6
4123	4
4124	6
4125	3
4126	6
4127	5
4128	5
4129	3
4130	5
4131	3
4132	6
4133	9
4134	2
4135	8
4136	2
4137	1
4138	8
4139	8
4140	4
4141	6
4142	7
4143	3
4144	4
4145	5
4146	1
4147	4
4148	3
4149	2
4150	5
4151	3
4152	6
4153	3
4154	2
4155	4
4156	9
4157	6
4158	6
4159	5
4160	6
4161	3
4162	5
4163	5
4164	3
4165	4
4166	8
4167	6
4168	5
4169	3
4170	4
4171	4
4172	3
4173	6
4174	5
4175	7
4176	5
4177	4
4178	7
4179	6
4180	3
4181	6
4182	1
4183	5
4184	6
4185	7
4186	2
4187	8
4188	10
4189	4
4190	1
4191	4
4192	5
4193	7
4194	3
4195	8
4196	7
4197	2
4198	4
4199	6
4200	6
4201	3
4202	2
4203	5
4204	2
4205	13
4206	5
4207	3
4208	8
4209	2
4210	1
4211	6
4212	5
4213	3
4214	9
4215	7
4216	4
4217	3
4218	3
4219	7
4220	7
4221	2
4222	5
4223	5
4224	7
4225	3
4226	7
4227	7
4228	5
4229	9
4230	2
4231	6
4232	5
4233	9
4234	3
4235	7
4236	8
4237	4
4238	6
4239	7
4240	0
4241	4
4242	6
4243	3
4244	5
4245	9
4246	7
4247	9
4248	2
4249	9
4250	5
4251	2
4252	5
4253	1
4254	7
4255	3
4256	8
4257	5
4258	8
4259	5
4260	4
4261	7
4262	3
4263	3
4264	1
4265	5
4266	4
4267	6
4268	5
4269	7
4270	4
4271	8
4272	3
4273	4
4274	7
4275	5
4276	4
4277	3
4278	3
4279	5
4280	8
4281	6
4282	8
4283	7
4284	5
4285	1
4286	4
4287	7
4288	10
4289	5
4290	6
4291	4
4292	6
4293	3
4294	4
4295	3
4296	3
4297	5
4298	6
4299	7
4300	4
4301	5
4302	4
4303	5
4304	5
4305	7
4306	3
4307	5
4308	5
4309	4
4310	4
4311	5
4312	4
4313	5
4314	6
4315	3
4316	0
4317	3
4318	8
4319	3
4320	5
4321	3
4322	7
4323	1
4324	5
4325	3
4326	3
4327	5
4328	3
4329	2
4330	7
4331	7
4332	4
4333	5
4334	7
4335	9
4336	4
4337	8
4338	4
4339	5
4340	1
4341	1
4342	8
4343	3
4344	5
4345	7
4346	4
4347	0
4348	3
4349	4
4350	6
4351	4
4352	8
4353	2
4354	4
4355	6
4356	5
4357	4
4358	4
4359	4
4360	4
4361	4
4362	4
4363	3
4364	2
4365	2
4366	2
4367	5
4368	5
4369	3
4370	6
4371	3
4372	4
4373	2
4374	6
4375	4
4376	2
4377	3
4378	5
4379	3
4380	5
4381	3
4382	7
4383	5
4384	4
4385	4
4386	4
4387	2
4388	3
4389	3
4390	3
4391	6
4392	5
4393	2
4394	8
4395	3
4396	3
4397	5
4398	2
4399	2
4400	3
4401	4
4402	8
4403	3
4404	5
4405	5
4406	2
4407	2
4408	4
4409	4
4410	2
4411	8
4412	5
4413	6
4414	3
4415	5
4416	1
4417	8
4418	7
4419	1
4420	0
4421	6
4422	2
4423	3
4424	3
4425	3
4426	5
4427	3
4428	6
4429	4
4430	1
4431	3
4432	1
4433	7
4434	6
4435	8
4436	5
4437	4
4438	6
4439	4
4440	5
4441	1
4442	5
4443	8
4444	2
4445	1
4446	5
4447	4
4448	7
4449	2
4450	8
4451	9
4452	8
4453	4
4454	3
4455	4
4456	7
4457	6
4458	6
4459	3
4460	3
4461	3
4462	8
4463	7
4464	5
4465	4
4466	4
4467	5
4468	5
4469	4
4470	4
4471	5
4472	1
4473	5
4474	1
4475	6
4476	3
4477	5
4478	2
4479	9
4480	5
4481	1
4482	3
4483	7
4484	7
4485	4
4486	3
4487	5
4488	4
4489	6
4490	0
4491	10
4492	4
4493	1
4494	6
4495	3
4496	4
4497	5
4498	3
4499	8
4500	8
4501	6
4502	3
4503	3
4504	3
4505	6
4506	7
4507	4
4508	0
4509	6
4510	3
4511	4
4512	7
4513	4
4514	6
4515	5
4516	5
4517	2
4518	6
4519	5
4520	7
4521	7
4522	0
4523	4
4524	5
4525	1
4526	1
4527	6
4528	2
4529	3
4530	2
4531	3
4532	2
4533	4
4534	4
4535	5
4536	2
4537	1
4538	2
4539	4
4540	4
4541	2
4542	6
4543	3
4544	4
4545	4
4546	7
4547	5
4548	7
4549	5
4550	1
4551	0
4552	6
4553	3
4554	7
4555	2
4556	5
4557	3
4558	5
4559	2
4560	2
4561	7
4562	6
4563	5
4564	3
4565	4
4566	3
4567	1
4568	2
4569	4
4570	3
4571	5
4572	4
4573	2
4574	3
4575	1
4576	5
4577	3
4578	5
4579	3
4580	0
4581	2
4582	2
4583	6
4584	1
4585	6
4586	7
4587	5
4588	5
4589	6
4590	4
4591	2
4592	6
4593	7
4594	0
4595	6
4596	0
4597	4
4598	6
4599	3
4600	3
4601	2
4602	4
4603	2
4604	4
4605	7
4606	3
4607	5
4608	6
4609	1
4610	5
4611	6
4612	5
4613	4
4614	6
4615	1
4616	5
4617	4
4618	5
4619	5
4620	7
4621	2
4622	4
4623	5
4624	6
4625	3
4626	5
4627	2
4628	4
4629	2
4630	1
4631	5
4632	4
4633	4
4634	5
4635	2
4636	3
4637	2
4638	3
4639	2
4640	7
4641	6
4642	6
4643	4
4644	4
4645	2
4646	3
4647	4
4648	5
4649	2
4650	3
4651	1
4652	6
4653	1
4654	1
4655	5
4656	5
4657	0
4658	3
4659	1
4660	5
4661	4
4662	3
4663	3
4664	3
4665	4
4666	5
4667	2
4668	5
4669	4
4670	5
4671	6
4672	5
4673	5
4674	6
4675	9
4676	4
4677	3
4678	5
4679	6
4680	2
4681	1
4682	2
4683	4
4684	4
4685	1
4686	3
4687	5
4688	4
4689	3
4690	8
4691	4
4692	3
4693	3
4694	2
4695	0
4696	4
4697	3
4698	2
4699	3
4700	4
4701	4
4702	4
4703	4
4704	4
4705	3
4706	4
4707	2
4708	0
4709	1
4710	3
4711	3
4712	3
4713	3
4714	5
4715	2
4716	3
4717	3
4718	5
4719	5
4720	3
4721	1
4722	2
4723	3
4724	3
4725	9
4726	7
4727	3
4728	3
4729	3
4730	8
4731	4
4732	3
4733	2
4734	8
4735	7
4736	0
4737	0
4738	3
4739	5
4740	8
4741	2
4742	2
4743	2
4744	6
4745	2
4746	5
4747	2
4748	7
4749	0
4750	5
4751	3
4752	4
4753	3
4754	2
4755	5
4756	4
4757	3
4758	2
4759	10
4760	5
4761	4
4762	3
4763	4
4764	4
4765	6
4766	4
4767	6
4768	5
4769	2
4770	5
4771	5
4772	4
4773	3
4774	2
4775	4
4776	3
4777	6
4778	2
4779	2
4780	8
4781	0
4782	3
4783	6
4784	1
4785	2
4786	4
4787	4
4788	1
4789	4
4790	4
4791	2
4792	4
4793	2
4794	2
4795	2
4796	6
4797	3
4798	4
4799	5
4800	6
4801	2
4802	2
4803	4
4804	7
4805	7
4806	4
4807	5
4808	8
4809	7
4810	4
4811	2
4812	3
4813	0
4814	1
4815	8
4816	4
4817	3
4818	4
4819	4
4820	1
4821	2
4822	5
4823	4
4824	3
4825	4
4826	3
4827	3
4828	6
4829	2
4830	4
4831	3
4832	3
4833	5
4834	5
4835	1
4836	2
4837	5
4838	4
4839	0
4840	3
4841	4
4842	3
4843	7
4844	4
4845	4
4846	1
4847	3
4848	7
4849	2
4850	6
4851	5
4852	3
4853	5
4854	5
4855	2
4856	2
4857	2
4858	1
4859	3
4860	2
4861	3
4862	3
4863	3
4864	2
4865	5
4866	1
4867	0
4868	2
4869	5
4870	3
4871	3
4872	1
4873	0
4874	6
4875	3
4876	6
4877	3
4878	3
4879	6
4880	3
4881	2
4882	4
4883	7
4884	6
4885	5
4886	2
4887	2
4888	6
4889	2
4890	1
4891	1
4892	5
4893	5
4894	4
4895	3
4896	2
4897	4
4898	6
4899	1
4900	4
4901	3
4902	5
4903	5
4904	2
4905	1
4906	2
4907	5
4908	2
4909	1
4910	4
4911	1
4912	0
4913	0
4914	0
4915	1
4916	5
4917	3
4918	1
4919	6
4920	1
4921	3
4922	7
4923	2
4924	4
4925	4
4926	2
4927	3
4928	2
4929	5
4930	4
4931	1
4932	5
4933	1
4934	5
4935	2
4936	4
4937	2
4938	4
4939	3
4940	3
4941	1
4942	5
4943	3
4944	2
4945	3
4946	3
4947	0
4948	1
4949	2
4950	5
4951	5
4952	1
4953	5
4954	3
4955	2
4956	3
4957	4
4958	3
4959	5
4960	3
4961	3
4962	2
4963	5
4964	0
4965	4
4966	2
4967	1
4968	2
4969	5
4970	3
4971	4
4972	6
4973	1
4974	3
4975	2
4976	0
4977	2
4978	5
4979	2
4980	5
4981	6
4982	4
4983	6
4984	4
4985	1
4986	2
4987	6
4988	7
4989	2
4990	2
4991	3
4992	1
4993	1
4994	4
4995	2
4996	4
4997	3
4998	2
4999	4
5000	0
5001	5
5002	3
5003	3
5004	1
5005	4
5006	3
5007	3
5008	1
5009	6
5010	3
5011	0
5012	2
5013	3
5014	0
5015	4
5016	5
5017	4
5018	3
5019	3
5020	4
5021	4
5022	2
5023	4
5024	5
5025	2
5026	4
5027	2
5028	4
5029	9
5030	4
5031	5
5032	4
5033	3
5034	2
5035	4
5036	1
5037	3
5038	4
5039	4
5040	5
5041	3
5042	3
5043	2
5044	2
5045	3
5046	4
5047	5
5048	2
5049	2
5050	4
5051	4
5052	1
5053	0
5054	2
5055	0
5056	2
5057	6
5058	2
5059	7
5060	5
5061	3
5062	1
5063	5
5064	9
5065	3
5066	1
5067	2
5068	0
5069	1
5070	1
5071	3
5072	5
5073	4
5074	2
5075	4
5076	1
5077	4
5078	2
5079	4
5080	3
5081	5
5082	6
5083	2
5084	7
5085	1
5086	5
5087	2
5088	3
5089	5
5090	7
5091	5
5092	3
5093	1
5094	2
5095	4
5096	2
5097	4
5098	2
5099	5
5100	1
5101	2
5102	5
5103	2
5104	5
5105	4
5106	1
5107	3
5108	4
5109	3
5110	2
5111	7
5112	3
5113	5
5114	2
5115	3
5116	9
5117	5
5118	2
5119	7
5120	4
5121	6
5122	5
5123	2
5124	4
5125	5
5126	7
5127	4
5128	1
5129	4
5130	2
5131	4
5132	5
5133	2
5134	5
5135	2
5136	4
5137	2
5138	3
5139	1
5140	3
5141	2
5142	4
5143	3
5144	4
5145	4
5146	1
5147	4
5148	10
5149	2
5150	4
5151	2
5152	1
5153	0
5154	2
5155	2
5156	4
5157	6
5158	4
5159	4
5160	5
5161	4
5162	8
5163	4
5164	4
5165	2
5166	2
5167	5
5168	4
5169	5
5170	4
5171	1
5172	3
5173	7
5174	2
5175	2
5176	4
5177	3
5178	2
5179	2
5180	5
5181	5
5182	6
5183	5
5184	4
5185	4
5186	0
5187	2
5188	3
5189	1
5190	4
5191	2
5192	3
5193	1
5194	3
5195	0
5196	3
5197	2
5198	5
5199	5
5200	7
5201	2
5202	1
5203	2
5204	5
5205	2
5206	2
5207	3
5208	5
5209	7
5210	4
5211	5
5212	6
5213	4
5214	6
5215	2
5216	4
5217	4
5218	4
5219	4
5220	2
5221	6
5222	4
5223	1
5224	8
5225	2
5226	2
5227	2
5228	2
5229	2
5230	1
5231	3
5232	0
5233	3
5234	3
5235	4
5236	7
5237	3
5238	3
5239	2
5240	3
5241	4
5242	2
5243	4
5244	3
5245	6
5246	2
5247	3
5248	5
5249	4
5250	5
5251	2
5252	5
5253	7
5254	1
5255	4
5256	2
5257	6
5258	3
5259	3
5260	2
5261	4
5262	6
5263	0
5264	1
5265	3
5266	3
5267	4
5268	4
5269	0
5270	3
5271	3
5272	6
5273	2
5274	2
5275	3
5276	1
5277	4
5278	5
5279	4
5280	4
5281	7
5282	3
5283	4
5284	3
5285	1
5286	5
5287	5
5288	3
5289	2
5290	2
5291	2
5292	3
5293	8
5294	1
5295	2
5296	3
5297	2
5298	2
5299	7
5300	2
5301	5
5302	3
5303	1
5304	3
5305	5
5306	3
5307	5
5308	2
5309	2
5310	2
5311	2
5312	2
5313	3
5314	1
5315	1
5316	2
5317	3
5318	3
5319	4
5320	1
5321	2
5322	2
5323	5
5324	0
5325	4
5326	5
5327	6
5328	2
5329	2
5330	3
5331	5
5332	4
5333	4
5334	3
5335	2
5336	1
5337	6
5338	4
5339	0
5340	4
5341	1
5342	1
5343	0
5344	4
5345	5
5346	5
5347	2
5348	2
5349	5
5350	4
5351	3
5352	1
5353	4
5354	2
5355	7
5356	5
5357	4
5358	1
5359	1
5360	1
5361	1
5362	5
5363	3
5364	0
5365	3
5366	4
5367	5
5368	4
5369	4
5370	2
5371	1
5372	7
5373	4
5374	3
5375	3
5376	2
5377	3
5378	3
5379	1
5380	3
5381	2
5382	4
5383	4
5384	2
5385	1
5386	1
5387	0
5388	3
5389	2
5390	2
5391	1
5392	1
5393	5
5394	0
5395	4
5396	4
5397	3
5398	1
5399	5
5400	2
5401	3
5402	3
5403	1
5404	1
5405	4
5406	5
5407	5
5408	3
5409	2
5410	2
5411	7
5412	5
5413	3
5414	2
5415	5
5416	4
5417	5
5418	3
5419	1
5420	4
5421	3
5422	4
5423	2
5424	0
5425	3
5426	4
5427	1
5428	4
5429	4
5430	3
5431	1
5432	0
5433	7
5434	3
5435	2
5436	4
5437	3
5438	1
5439	9
5440	1
5441	5
5442	2
5443	0
5444	5
5445	3
5446	1
5447	2
5448	4
5449	3
5450	3
5451	2
5452	2
5453	5
5454	2
5455	1
5456	2
5457	3
5458	4
5459	4
5460	2
5461	2
5462	6
5463	1
5464	8
5465	4
5466	4
5467	1
5468	4
5469	4
5470	5
5471	5
5472	2
5473	3
5474	3
5475	2
5476	3
5477	2
5478	6
5479	7
5480	4
5481	2
5482	5
5483	2
5484	3
5485	3
5486	6
5487	4
5488	2
5489	4
5490	2
5491	0
5492	2
5493	2
5494	1
5495	6
5496	2
5497	3
5498	2
5499	3
5500	3
5501	3
5502	4
5503	1
5504	3
5505	4
5506	1
5507	4
5508	2
5509	2
5510	2
5511	3
5512	2
5513	4
5514	1
5515	1
5516	6
5517	1
5518	7
5519	3
5520	4
5521	6
5522	1
5523	4
5524	1
5525	3
5526	1
5527	7
5528	1
5529	2
5530	2
5531	2
5532	5
5533	4
5534	2
5535	1
5536	4
5537	3
5538	3
5539	4
5540	4
5541	2
5542	2
5543	2
5544	3
5545	4
5546	5
5547	4
5548	2
5549	3
5550	3
5551	2
5552	2
5553	1
5554	2
5555	1
5556	2
5557	3
5558	3
5559	5
5560	0
5561	3
5562	1
5563	0
5564	0
5565	4
5566	4
5567	3
5568	2
5569	3
5570	0
5571	3
5572	2
5573	2
5574	1
5575	1
5576	2
5577	3
5578	4
5579	3
5580	2
5581	1
5582	4
5583	2
5584	2
5585	3
5586	1
5587	3
5588	1
5589	4
5590	4
5591	1
5592	3
5593	2
5594	1
5595	4
5596	3
5597	4
5598	3
5599	7
5600	1
5601	4
5602	3
5603	1
5604	0
5605	4
5606	1
5607	4
5608	1
5609	2
5610	3
5611	3
5612	6
5613	1
5614	4
5615	1
5616	1
5617	0
5618	4
5619	2
5620	6
5621	0
5622	5
5623	1
5624	1
5625	2
5626	2
5627	2
5628	1
5629	1
5630	6
5631	2
5632	1
5633	0
5634	0
5635	4
5636	2
5637	1
5638	0
5639	2
5640	1
5641	4
5642	6
5643	0
5644	2
5645	2
5646	0
5647	1
5648	1
5649	3
5650	4
5651	2
5652	2
5653	2
5654	3
5655	4
5656	6
5657	5
5658	2
5659	3
5660	4
5661	2
5662	1
5663	2
5664	1
5665	0
5666	4
5667	2
5668	4
5669	2
5670	2
5671	4
5672	1
5673	1
5674	4
5675	1
5676	1
5677	3
5678	2
5679	3
5680	2
5681	2
5682	4
5683	6
5684	2
5685	4
5686	2
5687	3
5688	1
5689	4
5690	2
5691	1
5692	4
5693	2
5694	4
5695	3
5696	2
5697	3
5698	3
5699	3
5700	2
5701	2
5702	1
5703	5
5704	1
5705	4
5706	4
5707	4
5708	2
5709	4
5710	5
5711	3
5712	3
5713	1
5714	4
5715	4
5716	1
5717	4
5718	2
5719	2
5720	0
5721	2
5722	5
5723	3
5724	2
5725	0
5726	1
5727	4
5728	2
5729	4
5730	3
5731	2
5732	5
5733	3
5734	4
5735	3
5736	2
5737	3
5738	2
5739	2
5740	3
5741	1
5742	3
5743	3
5744	1
5745	4
5746	4
5747	3
5748	3
5749	3
5750	3
5751	2
5752	0
5753	1
5754	8
5755	1
5756	2
5757	4
5758	4
5759	2
5760	0
5761	4
5762	3
5763	3
5764	0
5765	5
5766	1
5767	1
5768	4
5769	1
5770	5
5771	3
5772	1
5773	2
5774	4
5775	5
5776	4
5777	3
5778	3
5779	2
5780	0
5781	2
5782	2
5783	3
5784	2
5785	2
5786	2
5787	3
5788	3
5789	3
5790	0
5791	2
5792	0
5793	6
5794	2
5795	2
5796	4
5797	1
5798	1
5799	2
5800	9
5801	0
5802	3
5803	0
5804	1
5805	2
5806	3
5807	3
5808	3
5809	5
5810	1
5811	4
5812	2
5813	2
5814	1
5815	3
5816	4
5817	3
5818	1
5819	4
5820	1
5821	0
5822	0
5823	3
5824	1
5825	1
5826	3
5827	2
5828	2
5829	0
5830	2
5831	0
5832	4
5833	4
5834	6
5835	4
5836	4
5837	3
5838	1
5839	2
5840	5
5841	1
5842	3
5843	3
5844	3
5845	6
5846	3
5847	0
5848	4
5849	2
5850	4
5851	2
5852	3
5853	1
5854	5
5855	5
5856	4
5857	6
5858	1
5859	3
5860	4
5861	1
5862	1
5863	3
5864	3
5865	4
5866	4
5867	1
5868	3
5869	3
5870	2
5871	1
5872	1
5873	0
5874	3
5875	3
5876	6
5877	3
5878	4
5879	1
5880	1
5881	0
5882	3
5883	3
5884	6
5885	0
5886	6
5887	4
5888	0
5889	2
5890	2
5891	6
5892	4
5893	4
5894	1
5895	3
5896	5
5897	4
5898	3
5899	4
5900	4
5901	1
5902	6
5903	3
5904	2
5905	2
5906	2
5907	2
5908	3
5909	3
5910	11
5911	1
5912	6
5913	2
5914	3
5915	3
5916	1
5917	0
5918	1
5919	3
5920	2
5921	1
5922	4
5923	4
5924	2
5925	3
5926	3
5927	2
5928	1
5929	3
5930	2
5931	1
5932	0
5933	4
5934	2
5935	6
5936	2
5937	2
5938	5
5939	6
5940	2
5941	2
5942	2
5943	6
5944	4
5945	2
5946	3
5947	1
5948	5
5949	4
5950	2
5951	4
5952	3
5953	2
5954	2
5955	2
5956	3
5957	2
5958	5
5959	3
5960	6
5961	3
5962	3
5963	5
5964	1
5965	2
5966	2
5967	2
5968	2
5969	4
5970	3
5971	4
5972	6
5973	3
5974	2
5975	2
5976	1
5977	2
5978	3
5979	4
5980	3
5981	2
5982	2
5983	3
5984	2
5985	1
5986	6
5987	4
5988	2
5989	2
5990	4
5991	5
5992	1
5993	1
5994	3
5995	1
5996	3
5997	6
5998	3
5999	5
6000	3
6001	1
6002	1
6003	0
6004	5
6005	5
6006	2
6007	4
6008	2
6009	1
6010	4
6011	3
6012	3
6013	1
6014	1
6015	1
6016	5
6017	0
6018	2
6019	3
6020	4
6021	4
6022	2
6023	1
6024	1
6025	4
6026	4
6027	5
6028	1
6029	1
6030	3
6031	2
6032	1
6033	1
6034	3
6035	6
6036	2
6037	4
6038	2
6039	1
6040	1
6041	1
6042	3
6043	1
6044	0
6045	3
6046	1
6047	2
6048	2
6049	0
6050	1
6051	1
6052	4
6053	2
6054	6
6055	3
6056	5
6057	3
6058	2
6059	1
6060	0
6061	5
6062	1
6063	2
6064	3
6065	4
6066	4
6067	1
6068	3
6069	3
6070	3
6071	5
6072	1
6073	3
6074	3
6075	1
6076	2
6077	4
6078	1
6079	4
6080	2
6081	1
6082	3
6083	3
6084	2
6085	4
6086	2
6087	1
6088	3
6089	2
6090	2
6091	3
6092	2
6093	2
6094	5
6095	1
6096	1
6097	5
6098	3
6099	2
6100	2
6101	2
6102	5
6103	2
6104	2
6105	0
6106	4
6107	4
6108	1
6109	0
6110	4
6111	2
6112	5
6113	2
6114	6
6115	1
6116	4
6117	0
6118	3
6119	5
6120	4
6121	2
6122	1
6123	3
6124	1
6125	1
6126	3
6127	1
6128	3
6129	3
6130	1
6131	1
6132	3
6133	4
6134	3
6135	1
6136	3
6137	3
6138	4
6139	1
6140	0
6141	3
6142	1
6143	1
6144	2
6145	0
6146	1
6147	3
6148	2
6149	3
6150	0
6151	3
6152	2
6153	3
6154	5
6155	1
6156	2
6157	1
6158	2
6159	4
6160	3
6161	8
6162	4
6163	1
6164	4
6165	0
6166	1
6167	1
6168	2
6169	4
6170	3
6171	4
6172	3
6173	2
6174	2
6175	2
6176	0
6177	1
6178	4
6179	5
6180	1
6181	4
6182	5
6183	1
6184	4
6185	3
6186	2
6187	2
6188	3
6189	1
6190	3
6191	2
6192	3
6193	0
6194	5
6195	2
6196	2
6197	7
6198	1
6199	1
6200	2
6201	1
6202	2
6203	5
6204	3
6205	1
6206	1
6207	3
6208	6
6209	4
6210	4
6211	3
6212	4
6213	3
6214	4
6215	4
6216	6
6217	0
6218	7
6219	1
6220	2
6221	4
6222	4
6223	1
6224	4
6225	5
6226	1
6227	4
6228	4
6229	3
6230	7
6231	3
6232	2
6233	2
6234	0
6235	0
6236	6
6237	12
6238	2
6239	2
6240	2
6241	5
6242	4
6243	2
6244	5
6245	4
6246	2
6247	4
6248	3
6249	2
6250	2
6251	1
6252	0
6253	3
6254	5
6255	3
6256	2
6257	5
6258	5
6259	1
6260	3
6261	1
6262	1
6263	3
6264	5
6265	4
6266	3
6267	0
6268	6
6269	4
6270	3
6271	2
6272	5
6273	2
6274	5
6275	2
6276	2
6277	3
6278	2
6279	1
6280	4
6281	2
6282	1
6283	1
6284	2
6285	5
6286	6
6287	2
6288	6
6289	2
6290	2
6291	3
6292	0
6293	4
6294	1
6295	0
6296	5
6297	2
6298	2
6299	0
6300	2
6301	0
6302	2
6303	3
6304	1
6305	3
6306	3
6307	1
6308	1
6309	2
6310	3
6311	1
6312	3
6313	3
6314	3
6315	3
6316	1
6317	4
6318	2
6319	2
6320	2
6321	5
6322	1
6323	3
6324	3
6325	1
6326	3
6327	2
6328	3
6329	4
6330	1
6331	2
6332	2
6333	2
6334	3
6335	4
6336	1
6337	4
6338	1
6339	4
6340	2
6341	2
6342	4
6343	1
6344	2
6345	5
6346	1
6347	3
6348	2
6349	2
6350	1
6351	5
6352	5
6353	3
6354	2
6355	2
6356	5
6357	5
6358	3
6359	4
6360	3
6361	3
6362	1
6363	6
6364	1
6365	2
6366	6
6367	5
6368	2
6369	1
6370	8
6371	3
6372	5
6373	4
6374	2
6375	1
6376	4
6377	4
6378	1
6379	4
6380	2
6381	2
6382	4
6383	1
6384	3
6385	2
6386	3
6387	1
6388	5
6389	1
6390	4
6391	4
6392	3
6393	2
6394	3
6395	1
6396	2
6397	2
6398	0
6399	5
6400	6
6401	3
6402	3
6403	5
6404	6
6405	2
6406	0
6407	3
6408	2
6409	3
6410	0
6411	0
6412	6
6413	1
6414	3
6415	2
6416	2
6417	1
6418	1
6419	2
6420	4
6421	0
6422	2
6423	3
6424	5
6425	1
6426	1
6427	2
6428	1
6429	3
6430	4
6431	1
6432	2
6433	1
6434	1
6435	6
6436	3
6437	2
6438	3
6439	3
6440	4
6441	4
6442	2
6443	3
6444	5
6445	2
6446	3
6447	3
6448	4
6449	1
6450	3
6451	3
6452	5
6453	3
6454	1
6455	1
6456	1
6457	3
6458	3
6459	4
6460	2
6461	4
6462	2
6463	3
6464	3
6465	1
6466	2
6467	2
6468	3
6469	4
6470	3
6471	5
6472	4
6473	1
6474	0
6475	2
6476	2
6477	1
6478	1
6479	3
6480	1
6481	2
6482	3
6483	2
6484	1
6485	2
6486	5
6487	2
6488	1
6489	1
6490	1
6491	2
6492	4
6493	0
6494	2
6495	2
6496	4
6497	4
6498	1
6499	1
6500	2
6501	4
6502	2
6503	3
6504	2
6505	4
6506	1
6507	2
6508	3
6509	2
6510	5
6511	3
6512	2
6513	2
6514	3
6515	1
6516	2
6517	1
6518	8
6519	3
6520	1
6521	5
6522	1
6523	2
6524	0
6525	1
6526	3
6527	3
6528	2
6529	4
6530	2
6531	2
6532	2
6533	1
6534	4
6535	2
6536	1
6537	2
6538	2
6539	4
6540	0
6541	4
6542	1
6543	3
6544	2
6545	1
6546	4
6547	4
6548	0
6549	5
6550	3
6551	3
6552	1
6553	2
6554	1
6555	4
6556	2
6557	1
6558	1
6559	0
6560	2
6561	1
6562	4
6563	2
6564	0
6565	2
6566	3
6567	2
6568	4
6569	3
6570	2
6571	2
6572	1
6573	2
6574	6
6575	3
6576	3
6577	0
6578	1
6579	2
6580	2
6581	1
6582	1
6583	4
6584	4
6585	1
6586	2
6587	2
6588	3
6589	2
6590	3
6591	2
6592	3
6593	3
6594	4
6595	2
6596	1
6597	0
6598	2
6599	3
6600	2
6601	1
6602	3
6603	1
6604	3
6605	2
6606	3
6607	2
6608	5
6609	4
6610	2
6611	5
6612	3
6613	2
6614	2
6615	3
6616	3
6617	1
6618	2
6619	3
6620	3
6621	3
6622	2
6623	2
6624	0
6625	2
6626	5
6627	3
6628	3
6629	6
6630	3
6631	1
6632	7
6633	1
6634	4
6635	1
6636	5
6637	0
6638	5
6639	0
6640	7
6641	4
6642	0
6643	2
6644	3
6645	6
6646	2
6647	2
6648	1
6649	4
6650	3
6651	1
6652	4
6653	1
6654	5
6655	4
6656	6
6657	1
6658	3
6659	5
6660	1
6661	2
6662	1
6663	2
6664	3
6665	3
6666	2
6667	1
6668	2
6669	2
6670	4
6671	1
6672	3
6673	2
6674	4
6675	1
6676	0
6677	3
6678	3
6679	3
6680	1
6681	2
6682	2
6683	2
6684	1
6685	0
6686	2
6687	2
6688	0
6689	4
6690	4
6691	3
6692	5
6693	0
6694	4
6695	1
6696	3
6697	5
6698	0
6699	0
6700	0
6701	2
6702	5
6703	4
6704	4
6705	2
6706	4
6707	3
6708	1
6709	4
6710	2
6711	3
6712	4
6713	0
6714	3
6715	1
6716	4
6717	2
6718	2
6719	1
6720	1
6721	3
6722	2
6723	3
6724	2
6725	3
6726	2
6727	5
6728	2
6729	1
6730	2
6731	1
6732	2
6733	2
6734	4
6735	3
6736	3
6737	1
6738	2
6739	2
6740	1
6741	1
6742	2
6743	3
6744	5
6745	1
6746	3
6747	6
6748	5
6749	3
6750	2
6751	4
6752	5
6753	1
6754	1
6755	0
6756	3
6757	2
6758	2
6759	5
6760	1
6761	2
6762	3
6763	1
6764	1
6765	2
6766	0
6767	2
6768	2
6769	2
6770	2
6771	5
6772	4
6773	0
6774	4
6775	2
6776	1
6777	6
6778	4
6779	3
6780	3
6781	2
6782	3
6783	0
6784	5
6785	1
6786	2
6787	4
6788	3
6789	4
6790	5
6791	9
6792	5
6793	3
6794	2
6795	4
6796	2
6797	2
6798	3
6799	5
6800	1
6801	3
6802	1
6803	7
6804	4
6805	5
6806	5
6807	1
6808	4
6809	3
6810	0
6811	3
6812	3
6813	3
6814	5
6815	4
6816	1
6817	0
6818	3
6819	3
6820	3
6821	6
6822	1
6823	3
6824	4
6825	4
6826	5
6827	6
6828	1
6829	3
6830	5
6831	4
6832	3
6833	4
6834	2
6835	4
6836	7
6837	4
6838	3
6839	3
6840	4
6841	0
6842	3
6843	5
6844	2
6845	2
6846	1
6847	1
6848	6
6849	4
6850	2
6851	5
6852	0
6853	2
6854	3
6855	3
6856	2
6857	5
6858	4
6859	3
6860	2
6861	2
6862	3
6863	2
6864	1
6865	3
6866	4
6867	3
6868	2
6869	5
6870	1
6871	2
6872	4
6873	2
6874	2
6875	3
6876	1
6877	1
6878	2
6879	7
6880	2
6881	0
6882	4
6883	2
6884	4
6885	3
6886	1
6887	1
6888	0
6889	4
6890	3
6891	4
6892	2
6893	3
6894	6
6895	4
6896	0
6897	3
6898	4
6899	3
6900	4
6901	6
6902	1
6903	1
6904	1
6905	0
6906	0
6907	2
6908	0
6909	2
6910	3
6911	1
6912	1
6913	5
6914	4
6915	0
6916	3
6917	1
6918	2
6919	3
6920	3
6921	4
6922	4
6923	2
6924	1
6925	2
6926	1
6927	4
6928	2
6929	3
6930	4
6931	2
6932	2
6933	1
6934	3
6935	4
6936	2
6937	2
6938	3
6939	3
6940	3
6941	3
6942	1
6943	0
6944	3
6945	2
6946	3
6947	2
6948	5
6949	0
6950	2
6951	1
6952	4
6953	1
6954	1
6955	2
6956	1
6957	4
6958	2
6959	3
6960	2
6961	7
6962	1
6963	2
6964	0
6965	1
6966	0
6967	3
6968	3
6969	2
6970	3
6971	2
6972	2
6973	6
6974	1
6975	1
6976	5
6977	4
6978	2
6979	1
6980	1
6981	3
6982	1
6983	5
6984	4
6985	3
6986	3
6987	1
6988	3
6989	0
6990	2
6991	2
6992	7
6993	3
6994	3
6995	4
6996	3
6997	1
6998	2
6999	1
7000	6
7001	0
7002	6
7003	1
7004	2
7005	6
7006	4
7007	3
7008	0
7009	1
7010	2
7011	3
7012	3
7013	3
7014	2
7015	0
7016	0
7017	2
7018	6
7019	3
7020	3
7021	2
7022	0
7023	3
7024	3
7025	2
7026	1
7027	1
7028	2
7029	3
7030	5
7031	4
7032	3
7033	2
7034	3
7035	2
7036	3
7037	3
7038	6
7039	2
7040	2
7041	6
7042	2
7043	2
7044	2
7045	4
7046	4
7047	1
7048	5
7049	4
7050	2
7051	3
7052	2
7053	4
7054	0
7055	1
7056	5
7057	3
7058	6
7059	2
7060	4
7061	2
7062	4
7063	3
7064	2
7065	3
7066	4
7067	3
7068	6
7069	4
7070	5
7071	2
7072	1
7073	5
7074	4
7075	2
7076	1
7077	6
7078	1
7079	2
7080	2
7081	4
7082	0
7083	3
7084	5
7085	2
7086	7
7087	5
7088	3
7089	3
7090	2
7091	2
7092	0
7093	3
7094	4
7095	2
7096	4
7097	5
7098	1
7099	1
7100	2
7101	3
7102	2
7103	5
7104	3
7105	1
7106	1
7107	4
7108	5
7109	4
7110	1
7111	4
7112	3
7113	4
7114	1
7115	5
7116	2
7117	6
7118	3
7119	2
7120	1
7121	3
7122	3
7123	8
7124	2
7125	4
7126	5
7127	2
7128	4
7129	2
7130	2
7131	4
7132	0
7133	4
7134	0
7135	1
7136	1
7137	2
7138	2
7139	4
7140	0
7141	4
7142	6
7143	2
7144	3
7145	5
7146	0
7147	1
7148	3
7149	3
7150	3
7151	1
7152	1
7153	3
7154	0
7155	3
7156	0
7157	0
7158	3
7159	3
7160	4
7161	5
7162	7
7163	3
7164	1
7165	2
7166	4
7167	1
7168	0
7169	2
7170	2
7171	0
7172	1
7173	4
7174	2
7175	1
7176	3
7177	4
7178	2
7179	3
7180	4
7181	3
7182	1
7183	2
7184	2
7185	5
7186	1
7187	2
7188	1
7189	3
7190	0
7191	1
7192	0
7193	4
7194	2
7195	5
7196	4
7197	0
7198	1
7199	1
7200	3
7201	2
7202	2
7203	0
7204	4
7205	1
7206	0
7207	3
7208	1
7209	1
7210	2
7211	0
7212	2
7213	2
7214	1
7215	3
7216	3
7217	2
7218	1
7219	2
7220	3
7221	3
7222	5
7223	0
7224	0
7225	3
7226	2
7227	0
7228	1
7229	4
7230	2
7231	2
7232	1
7233	4
7234	3
7235	2
7236	2
7237	2
7238	4
7239	1
7240	1
7241	1
7242	1
7243	1
7244	4
7245	0
7246	0
7247	2
7248	2
7249	1
7250	1
7251	5
7252	3
7253	0
7254	1
7255	1
7256	2
7257	0
7258	1
7259	0
7260	1
7261	1
7262	4
7263	1
7264	1
7265	1
7266	2
7267	3
7268	2
7269	1
7270	3
7271	5
7272	0
7273	2
7274	1
7275	4
7276	1
7277	3
7278	4
7279	2
7280	1
7281	0
7282	1
7283	2
7284	1
7285	3
7286	0
7287	1
7288	2
7289	3
7290	4
7291	2
7292	2
7293	1
7294	2
7295	5
7296	3
7297	3
7298	4
7299	0
7300	0
7301	3
7302	2
7303	1
7304	5
7305	1
7306	3
7307	1
7308	1
7309	0
7310	3
7311	2
7312	0
7313	0
7314	1
7315	2
7316	3
7317	3
7318	0
7319	2
7320	3
7321	4
7322	0
7323	7
7324	2
7325	3
7326	1
7327	0
7328	1
7329	2
7330	0
7331	1
7332	4
7333	1
7334	2
7335	0
7336	2
7337	3
7338	2
7339	1
7340	1
7341	0
7342	2
7343	0
7344	2
7345	2
7346	2
7347	1
7348	2
7349	2
7350	2
7351	2
7352	4
7353	1
7354	2
7355	2
7356	3
7357	1
7358	3
7359	2
7360	5
7361	4
7362	4
7363	2
7364	2
7365	0
7366	0
7367	3
7368	3
7369	3
7370	0
7371	1
7372	1
7373	2
7374	2
7375	1
7376	1
7377	2
7378	2
7379	3
7380	1
7381	1
7382	0
7383	6
7384	1
7385	2
7386	3
7387	2
7388	1
7389	3
7390	3
7391	1
7392	2
7393	3
7394	0
7395	6
7396	2
7397	3
7398	2
7399	1
7400	4
7401	1
7402	5
7403	3
7404	2
7405	1
7406	1
7407	0
7408	1
7409	1
7410	1
7411	2
7412	2
7413	3
7414	0
7415	0
7416	4
7417	4
7418	2
7419	2
7420	1
7421	5
7422	5
7423	0
7424	1
7425	2
7426	2
7427	2
7428	6
7429	2
7430	1
7431	1
7432	3
7433	3
7434	4
7435	1
7436	1
7437	2
7438	1
7439	1
7440	2
7441	1
7442	3
7443	2
7444	4
7445	2
7446	1
7447	1
7448	0
7449	1
7450	1
7451	0
7452	1
7453	1
7454	4
7455	1
7456	5
7457	1
7458	5
7459	7
7460	6
7461	2
7462	1
7463	2
7464	3
7465	5
7466	2
7467	5
7468	4
7469	2
7470	1
7471	4
7472	2
7473	4
7474	0
7475	4
7476	4
7477	3
7478	2
7479	4
7480	1
7481	0
7482	4
7483	3
7484	3
7485	3
7486	2
7487	2
7488	1
7489	3
7490	1
7491	4
7492	3
7493	2
7494	2
7495	0
7496	2
7497	5
7498	1
7499	2
7500	3
7501	2
7502	2
7503	0
7504	3
7505	1
7506	1
7507	6
7508	2
7509	2
7510	2
7511	2
7512	1
7513	2
7514	3
7515	2
7516	2
7517	1
7518	4
7519	0
7520	3
7521	4
7522	1
7523	3
7524	3
7525	2
7526	1
7527	2
7528	4
7529	1
7530	5
7531	0
7532	3
7533	2
7534	2
7535	3
7536	4
7537	2
7538	1
7539	1
7540	3
7541	7
7542	4
7543	4
7544	1
7545	3
7546	4
7547	3
7548	2
7549	2
7550	0
7551	1
7552	1
7553	1
7554	3
7555	2
7556	1
7557	3
7558	2
7559	3
7560	1
7561	3
7562	4
7563	1
7564	2
7565	0
7566	2
7567	3
7568	1
7569	2
7570	1
7571	4
7572	2
7573	0
7574	1
7575	1
7576	3
7577	1
7578	0
7579	5
7580	4
7581	4
7582	0
7583	2
7584	2
7585	8
7586	2
7587	0
7588	2
7589	3
7590	3
7591	3
7592	0
7593	3
7594	4
7595	6
7596	5
7597	0
7598	2
7599	2
7600	2
7601	7
7602	2
7603	2
7604	2
7605	4
7606	3
7607	4
7608	3
7609	6
7610	3
7611	3
7612	2
7613	2
7614	0
7615	5
7616	2
7617	2
7618	3
7619	8
7620	3
7621	2
7622	3
7623	5
7624	1
7625	4
7626	2
7627	6
7628	5
7629	2
7630	5
7631	5
7632	3
7633	3
7634	0
7635	3
7636	1
7637	2
7638	5
7639	4
7640	1
7641	2
7642	7
7643	2
7644	0
7645	2
7646	2
7647	4
7648	1
7649	3
7650	2
7651	2
7652	0
7653	7
7654	3
7655	1
7656	2
7657	1
7658	7
7659	0
7660	2
7661	1
7662	1
7663	3
7664	1
7665	3
7666	1
7667	3
7668	0
7669	2
7670	0
7671	6
7672	0
7673	4
7674	5
7675	2
7676	2
7677	2
7678	1
7679	2
7680	4
7681	2
7682	1
7683	3
7684	3
7685	5
7686	2
7687	1
7688	3
7689	2
7690	0
7691	3
7692	2
7693	5
7694	2
7695	2
7696	3
7697	3
7698	5
7699	3
7700	1
7701	2
7702	1
7703	2
7704	1
7705	3
7706	2
7707	2
7708	2
7709	1
7710	6
7711	4
7712	0
7713	1
7714	3
7715	2
7716	2
7717	3
7718	1
7719	4
7720	2
7721	7
7722	4
7723	1
7724	3
7725	4
7726	3
7727	2
7728	1
7729	2
7730	2
7731	5
7732	1
7733	2
7734	1
7735	2
7736	3
7737	0
7738	1
7739	1
7740	1
7741	2
7742	1
7743	2
7744	5
7745	2
7746	4
7747	4
7748	3
7749	1
7750	5
7751	2
7752	1
7753	1
7754	1
7755	2
7756	2
7757	4
7758	1
7759	3
7760	3
7761	1
7762	1
7763	1
7764	1
7765	2
7766	4
7767	2
7768	2
7769	4
7770	4
7771	0
7772	3
7773	5
7774	6
7775	1
7776	7
7777	0
7778	4
7779	2
7780	4
7781	2
7782	3
7783	3
7784	4
7785	4
7786	1
7787	0
7788	3
7789	7
7790	5
7791	0
7792	2
7793	5
7794	5
7795	3
7796	4
7797	4
7798	3
7799	2
7800	3
7801	2
7802	3
7803	1
7804	3
7805	1
7806	5
7807	2
7808	4
7809	4
7810	1
7811	4
7812	6
7813	4
7814	8
7815	2
7816	2
7817	2
7818	2
7819	4
7820	2
7821	2
7822	2
7823	4
7824	2
7825	3
7826	2
7827	3
7828	4
7829	2
7830	0
7831	2
7832	4
7833	4
7834	2
7835	3
7836	1
7837	6
7838	8
7839	5
7840	1
7841	3
7842	3
7843	4
7844	6
7845	3
7846	3
7847	2
7848	5
7849	5
7850	2
7851	6
7852	4
7853	3
7854	3
7855	2
7856	2
7857	3
7858	4
7859	2
7860	5
7861	2
7862	1
7863	2
7864	2
7865	1
7866	3
7867	2
7868	2
7869	1
7870	2
7871	3
7872	0
7873	3
7874	5
7875	5
7876	1
7877	1
7878	1
7879	4
7880	3
7881	0
7882	1
7883	1
7884	2
7885	6
7886	2
7887	3
7888	3
7889	4
7890	3
7891	5
7892	4
7893	2
7894	3
7895	3
7896	3
7897	2
7898	4
7899	2
7900	2
7901	2
7902	3
7903	2
7904	0
7905	4
7906	3
7907	3
7908	2
7909	4
7910	3
7911	1
7912	4
7913	2
7914	1
7915	1
7916	1
7917	0
7918	2
7919	2
7920	2
7921	2
7922	3
7923	4
7924	3
7925	5
7926	4
7927	4
7928	1
7929	4
7930	0
7931	0
7932	5
7933	2
7934	4
7935	2
7936	2
7937	0
7938	5
7939	3
7940	2
7941	0
7942	4
7943	3
7944	2
7945	2
7946	2
7947	4
7948	3
7949	1
7950	4
7951	1
7952	3
7953	1
7954	5
7955	2
7956	1
7957	1
7958	1
7959	1
7960	1
7961	2
7962	3
7963	2
7964	2
7965	1
7966	1
7967	0
7968	0
7969	2
7970	5
7971	5
7972	1
7973	5
7974	3
7975	2
7976	3
7977	3
7978	2
7979	1
7980	2
7981	2
7982	3
7983	4
7984	4
7985	1
7986	0
7987	2
7988	1
7989	0
7990	5
7991	1
7992	3
7993	2
7994	3
7995	3
7996	3
7997	3
7998	3
7999	2
8000	1
8001	0
8002	3
8003	3
8004	2
8005	3
8006	1
8007	3
8008	4
8009	1
8010	2
8011	4
8012	3
8013	1
8014	3
8015	6
8016	2
8017	0
8018	1
8019	2
8020	1
8021	1
8022	1
8023	2
8024	3
8025	1
8026	4
8027	0
8028	2
8029	6
8030	2
8031	2
8032	3
8033	1
8034	6
8035	2
8036	2
8037	4
8038	2
8039	2
8040	1
8041	1
8042	1
8043	4
8044	5
8045	1
8046	5
8047	1
8048	1
8049	5
8050	2
8051	0
8052	3
8053	3
8054	2
8055	2
8056	1
8057	1
8058	0
8059	1
8060	1
8061	3
8062	3
8063	2
8064	6
8065	4
8066	3
8067	3
8068	3
8069	3
8070	2
8071	3
8072	5
8073	1
8074	0
8075	0
8076	2
8077	3
8078	2
8079	4
8080	4
8081	2
8082	3
8083	2
8084	1
8085	4
8086	2
8087	1
8088	6
8089	2
8090	1
8091	1
8092	2
8093	4
8094	4
8095	4
8096	0
8097	6
8098	5
8099	3
8100	1
8101	0
8102	4
8103	2
8104	3
8105	1
8106	1
8107	2
8108	2
8109	3
8110	1
8111	3
8112	2
8113	4
8114	2
8115	4
8116	4
8117	3
8118	3
8119	2
8120	3
8121	0
8122	1
8123	1
8124	1
8125	1
8126	0
8127	2
8128	2
8129	1
8130	3
8131	6
8132	4
8133	3
8134	1
8135	4
8136	2
8137	1
8138	1
8139	4
8140	3
8141	3
8142	3
8143	4
8144	3
8145	2
8146	0
8147	4
8148	3
8149	4
8150	2
8151	0
8152	4
8153	2
8154	2
8155	2
8156	0
8157	1
8158	4
8159	2
8160	3
8161	2
8162	3
8163	1
8164	1
8165	2
8166	3
8167	1
8168	1
8169	5
8170	2
8171	2
8172	5
8173	3
8174	5
8175	1
8176	4
8177	5
8178	1
8179	3
8180	5
8181	1
8182	2
8183	0
8184	3
8185	4
8186	0
8187	0
8188	2
8189	4
8190	5
8191	2
8192	4
8193	3
8194	2
8195	1
8196	2
8197	1
8198	4
8199	8
8200	2
8201	4
8202	2
8203	2
8204	1
8205	5
8206	1
8207	1
8208	2
8209	4
8210	2
8211	5
8212	5
8213	4
8214	4
8215	2
8216	4
8217	4
8218	2
8219	5
8220	5
8221	1
8222	4
8223	2
8224	3
8225	2
8226	5
8227	7
8228	2
8229	4
8230	3
8231	4
8232	4
8233	5
8234	1
8235	5
8236	3
8237	1
8238	1
8239	4
8240	1
8241	6
8242	2
8243	4
8244	5
8245	3
8246	3
8247	3
8248	1
8249	2
8250	2
8251	4
8252	6
8253	5
8254	1
8255	3
8256	1
8257	1
8258	3
8259	3
8260	0
8261	1
8262	5
8263	2
8264	2
8265	2
8266	5
8267	5
8268	5
8269	1
8270	1
8271	3
8272	2
8273	5
8274	3
8275	3
8276	3
8277	3
8278	3
8279	1
8280	3
8281	2
8282	3
8283	3
8284	1
8285	5
8286	3
8287	3
8288	4
8289	5
8290	4
8291	4
8292	4
8293	1
8294	3
8295	0
8296	2
8297	3
8298	2
8299	3
8300	4
8301	3
8302	2
8303	2
8304	2
8305	4
8306	1
8307	4
8308	1
8309	2
8310	1
8311	3
8312	2
8313	2
8314	2
8315	3
8316	7
8317	2
8318	2
8319	5
8320	4
8321	3
8322	1
8323	1
8324	4
8325	2
8326	1
8327	4
8328	0
8329	4
8330	4
8331	5
8332	0
8333	2
8334	4
8335	2
8336	0
8337	3
8338	3
8339	4
8340	2
8341	7
8342	0
8343	2
8344	4
8345	4
8346	3
8347	2
8348	0
8349	1
8350	3
8351	3
8352	3
8353	5
8354	4
8355	1
8356	2
8357	2
8358	1
8359	0
8360	2
8361	1
8362	3
8363	0
8364	1
8365	1
8366	0
8367	6
8368	3
8369	2
8370	1
8371	1
8372	3
8373	2
8374	6
8375	1
8376	2
8377	2
8378	2
8379	2
8380	4
8381	3
8382	3
8383	2
8384	4
8385	2
8386	7
8387	4
8388	3
8389	1
8390	3
8391	3
8392	0
8393	3
8394	2
8395	4
8396	4
8397	0
8398	1
8399	1
8400	4
8401	0
8402	3
8403	3
8404	2
8405	2
8406	5
8407	4
8408	3
8409	4
8410	2
8411	4
8412	3
8413	4
8414	2
8415	3
8416	1
8417	2
8418	1
8419	4
8420	3
8421	4
8422	2
8423	4
8424	1
8425	1
8426	3
8427	3
8428	3
8429	0
8430	0
8431	1
8432	1
8433	3
8434	2
8435	2
8436	4
8437	2
8438	3
8439	3
8440	1
8441	4
8442	3
8443	2
8444	4
8445	4
8446	3
8447	2
8448	2
8449	1
8450	1
8451	3
8452	1
8453	1
8454	1
8455	1
8456	1
8457	1
8458	5
8459	4
8460	3
8461	0
8462	2
8463	2
8464	2
8465	3
8466	1
8467	3
8468	3
8469	0
8470	1
8471	2
8472	1
8473	2
8474	2
8475	2
8476	1
8477	3
8478	2
8479	3
8480	2
8481	3
8482	3
8483	2
8484	4
8485	3
8486	2
8487	2
8488	3
8489	1
8490	0
8491	1
8492	1
8493	2
8494	1
8495	1
8496	2
8497	3
8498	0
8499	5
8500	3
8501	4
8502	4
8503	2
8504	1
8505	0
8506	1
8507	1
8508	0
8509	2
8510	1
8511	3
8512	3
8513	3
8514	3
8515	3
8516	1
8517	2
8518	1
8519	1
8520	3
8521	2
8522	3
8523	0
8524	3
8525	1
8526	2
8527	0
8528	4
8529	1
8530	3
8531	3
8532	1
8533	0
8534	2
8535	1
8536	3
8537	0
8538	1
8539	3
8540	2
8541	2
8542	5
8543	1
8544	2
8545	2
8546	3
8547	2
8548	3
8549	5
8550	4
8551	0
8552	1
8553	2
8554	7
8555	1
8556	1
8557	1
8558	0
8559	0
8560	1
8561	1
8562	0
8563	2
8564	4
8565	1
8566	2
8567	0
8568	3
8569	2
8570	0
8571	6
8572	4
8573	3
8574	1
8575	1
8576	3
8577	4
8578	3
8579	2
8580	1
8581	3
8582	1
8583	2
8584	2
8585	4
8586	2
8587	4
8588	2
8589	1
8590	7
8591	3
8592	3
8593	4
8594	4
8595	2
8596	2
8597	2
8598	2
8599	1
8600	0
8601	2
8602	1
8603	1
8604	5
8605	2
8606	2
8607	4
8608	4
8609	3
8610	4
8611	3
8612	0
8613	2
8614	3
8615	1
8616	4
8617	6
8618	4
8619	1
8620	7
8621	2
8622	5
8623	1
8624	4
8625	9
8626	3
8627	2
8628	0
8629	1
8630	3
8631	6
8632	4
8633	3
8634	0
8635	4
8636	2
8637	2
8638	2
8639	4
8640	5
8641	2
8642	2
8643	6
8644	4
8645	4
8646	1
8647	0
8648	4
8649	2
8650	1
8651	3
8652	1
8653	3
8654	2
8655	0
8656	3
8657	2
8658	2
8659	4
8660	1
8661	4
8662	3
8663	5
8664	3
8665	0
8666	2
8667	2
8668	2
8669	4
8670	3
8671	1
8672	3
8673	2
8674	0
8675	2
8676	3
8677	1
8678	4
8679	2
8680	5
8681	4
8682	3
8683	3
8684	1
8685	2
8686	2
8687	9
8688	2
8689	2
8690	6
8691	3
8692	2
8693	0
8694	3
8695	4
8696	0
8697	9
8698	5
8699	1
8700	3
8701	6
8702	8
8703	5
8704	3
8705	2
8706	6
8707	1
8708	10
8709	5
8710	2
8711	2
8712	3
8713	1
8714	1
8715	5
8716	3
8717	1
8718	1
8719	3
8720	3
8721	5
8722	5
8723	5
8724	4
8725	0
8726	7
8727	2
8728	3
8729	3
8730	4
8731	1
8732	3
8733	1
8734	4
8735	1
8736	1
8737	3
8738	6
8739	4
8740	1
8741	5
8742	3
8743	5
8744	2
8745	3
8746	2
8747	5
8748	6
8749	0
8750	2
8751	1
8752	6
8753	7
8754	4
8755	8
8756	3
8757	3
8758	2
8759	3
8760	5
8761	6
8762	4
8763	2
8764	4
8765	2
8766	6
8767	7
8768	1
8769	3
8770	6
8771	1
8772	5
8773	3
8774	6
8775	5
8776	7
8777	2
8778	3
8779	4
8780	1
8781	0
8782	7
8783	3
8784	2
8785	6
8786	4
8787	2
8788	9
8789	4
8790	2
8791	3
8792	8
8793	3
8794	0
8795	3
8796	7
8797	7
8798	3
8799	3
8800	2
8801	5
8802	1
8803	1
8804	0
8805	2
8806	2
8807	3
8808	5
8809	1
8810	2
8811	2
8812	3
8813	0
8814	6
8815	2
8816	3
8817	0
8818	5
8819	5
8820	3
8821	3
8822	3
8823	2
8824	5
8825	4
8826	1
8827	4
8828	2
8829	2
8830	1
8831	1
8832	8
8833	1
8834	2
8835	3
8836	2
8837	2
8838	0
8839	3
8840	6
8841	2
8842	3
8843	3
8844	5
8845	2
8846	4
8847	4
8848	2
8849	2
8850	4
8851	1
8852	3
8853	1
8854	3
8855	3
8856	4
8857	1
8858	2
8859	6
8860	4
8861	2
8862	3
8863	4
8864	0
8865	5
8866	1
8867	4
8868	4
8869	0
8870	4
8871	3
8872	1
8873	2
8874	4
8875	2
8876	0
8877	4
8878	4
8879	3
8880	3
8881	6
8882	2
8883	1
8884	3
8885	1
8886	3
8887	3
8888	4
8889	3
8890	1
8891	3
8892	4
8893	3
8894	1
8895	2
8896	2
8897	2
8898	0
8899	2
8900	1
8901	2
8902	2
8903	0
8904	2
8905	2
8906	3
8907	1
8908	3
8909	3
8910	0
8911	0
8912	2
8913	1
8914	2
8915	0
8916	2
8917	3
8918	0
8919	2
8920	4
8921	1
8922	6
8923	2
8924	3
8925	4
8926	3
8927	2
8928	3
8929	0
8930	3
8931	1
8932	3
8933	2
8934	3
8935	5
8936	2
8937	0
8938	2
8939	3
8940	3
8941	1
8942	3
8943	4
8944	3
8945	2
8946	2
8947	4
8948	5
8949	6
8950	4
8951	2
8952	2
8953	2
8954	3
8955	4
8956	1
8957	4
8958	3
8959	3
8960	7
8961	1
8962	0
8963	3
8964	3
8965	4
8966	3
8967	2
8968	3
8969	4
8970	2
8971	3
8972	5
8973	5
8974	8
8975	4
8976	4
8977	1
8978	1
8979	4
8980	3
8981	1
8982	3
8983	2
8984	2
8985	5
8986	1
8987	3
8988	3
8989	2
8990	5
8991	3
8992	4
8993	3
8994	2
8995	1
8996	8
8997	6
8998	4
8999	2
9000	4
9001	3
9002	1
9003	4
9004	4
9005	6
9006	1
9007	2
9008	2
9009	7
9010	5
9011	5
9012	1
9013	4
9014	1
9015	1
9016	3
9017	3
9018	4
9019	2
9020	2
9021	3
9022	2
9023	5
9024	1
9025	4
9026	0
9027	6
9028	5
9029	2
9030	3
9031	4
9032	6
9033	3
9034	1
9035	3
9036	1
9037	10
9038	8
9039	5
9040	3
9041	5
9042	4
9043	6
9044	1
9045	8
9046	4
9047	8
9048	5
9049	3
9050	7
9051	2
9052	4
9053	1
9054	4
9055	7
9056	5
9057	2
9058	2
9059	6
9060	1
9061	8
9062	7
9063	5
9064	3
9065	2
9066	7
9067	4
9068	7
9069	5
9070	1
9071	9
9072	6
9073	7
9074	3
9075	5
9076	4
9077	0
9078	3
9079	4
9080	4
9081	1
9082	4
9083	8
9084	2
9085	3
9086	7
9087	4
9088	6
9089	3
9090	7
9091	4
9092	3
9093	4
9094	5
9095	4
9096	6
9097	6
9098	3
9099	3
9100	8
9101	4
9102	3
9103	2
9104	1
9105	0
9106	3
9107	4
9108	3
9109	7
9110	5
9111	5
9112	5
9113	2
9114	3
9115	11
9116	4
9117	6
9118	3
9119	2
9120	2
9121	9
9122	5
9123	8
9124	8
9125	5
9126	5
9127	2
9128	8
9129	3
9130	2
9131	6
9132	6
9133	5
9134	4
9135	2
9136	6
9137	8
9138	5
9139	2
9140	4
9141	7
9142	5
9143	6
9144	5
9145	3
9146	3
9147	3
9148	3
9149	3
9150	6
9151	4
9152	5
9153	5
9154	5
9155	9
9156	6
9157	2
9158	7
9159	10
9160	7
9161	2
9162	6
9163	6
9164	8
9165	4
9166	6
9167	2
9168	4
9169	4
9170	5
9171	3
9172	1
9173	5
9174	5
9175	2
9176	5
9177	6
9178	4
9179	3
9180	4
9181	4
9182	5
9183	8
9184	5
9185	4
9186	3
9187	5
9188	5
9189	1
9190	4
9191	3
9192	6
9193	4
9194	2
9195	0
9196	3
9197	1
9198	6
9199	2
9200	5
9201	3
9202	5
9203	3
9204	3
9205	5
9206	1
9207	4
9208	5
9209	1
9210	4
9211	2
9212	9
9213	3
9214	3
9215	4
9216	3
9217	2
9218	3
9219	4
9220	5
9221	6
9222	4
9223	5
9224	4
9225	5
9226	1
9227	4
9228	4
9229	3
9230	2
9231	7
9232	1
9233	6
9234	2
9235	0
9236	4
9237	4
9238	3
9239	3
9240	2
9241	3
9242	4
9243	4
9244	4
9245	1
9246	4
9247	1
9248	3
9249	4
9250	6
9251	4
9252	6
9253	0
9254	4
9255	6
9256	3
9257	5
9258	7
9259	5
9260	3
9261	4
9262	5
9263	1
9264	2
9265	5
9266	4
9267	3
9268	5
9269	2
9270	3
9271	0
9272	3
9273	3
9274	2
9275	4
9276	3
9277	3
9278	4
9279	4
9280	2
9281	6
9282	3
9283	3
9284	2
9285	2
9286	6
9287	2
9288	2
9289	3
9290	7
9291	4
9292	4
9293	6
9294	5
9295	5
9296	3
9297	3
9298	2
9299	4
9300	5
9301	2
9302	3
9303	4
9304	2
9305	4
9306	3
9307	3
9308	2
9309	1
9310	0
9311	3
9312	3
9313	5
9314	7
9315	9
9316	3
9317	4
9318	7
9319	7
9320	4
9321	3
9322	6
9323	5
9324	5
9325	10
9326	2
9327	1
9328	4
9329	3
9330	2
9331	3
9332	6
9333	4
9334	3
9335	1
9336	6
9337	4
9338	1
9339	3
9340	3
9341	1
9342	4
9343	2
9344	3
9345	5
9346	5
9347	1
9348	3
9349	3
9350	3
9351	3
9352	3
9353	2
9354	4
9355	2
9356	4
9357	2
9358	2
9359	2
9360	1
9361	4
9362	4
9363	5
9364	4
9365	4
9366	2
9367	1
9368	2
9369	1
9370	6
9371	8
9372	6
9373	1
9374	3
9375	3
9376	5
9377	4
9378	5
9379	4
9380	3
9381	4
9382	1
9383	4
9384	3
9385	0
9386	3
9387	0
9388	4
9389	2
9390	4
9391	2
9392	3
9393	2
9394	1
9395	2
9396	6
9397	2
9398	3
9399	3
9400	3
9401	4
9402	3
9403	3
9404	6
9405	8
9406	1
9407	2
9408	3
9409	4
9410	2
9411	2
9412	5
9413	4
9414	4
9415	1
9416	3
9417	3
9418	2
9419	3
9420	6
9421	2
9422	2
9423	3
9424	5
9425	5
9426	1
9427	8
9428	0
9429	5
9430	0
9431	3
9432	5
9433	2
9434	1
9435	2
9436	7
9437	1
9438	3
9439	4
9440	2
9441	1
9442	5
9443	2
9444	4
9445	3
9446	0
9447	1
9448	3
9449	4
9450	2
9451	5
9452	2
9453	0
9454	2
9455	2
9456	4
9457	1
9458	1
9459	2
9460	3
9461	3
9462	1
9463	5
9464	3
9465	6
9466	3
9467	6
9468	2
9469	6
9470	6
9471	2
9472	2
9473	3
9474	3
9475	0
9476	3
9477	1
9478	3
9479	2
9480	4
9481	1
9482	4
9483	3
9484	4
9485	7
9486	4
9487	4
9488	6
9489	2
9490	5
9491	1
9492	4
9493	4
9494	2
9495	5
9496	2
9497	5
9498	7
9499	4
9500	2
9501	4
9502	8
9503	3
9504	3
9505	2
9506	7
9507	3
9508	4
9509	1
9510	2
9511	1
9512	3
9513	2
9514	1
9515	5
9516	4
9517	6
9518	7
9519	5
9520	3
9521	1
9522	4
9523	2
9524	0
9525	2
9526	6
9527	3
9528	5
9529	3
9530	6
9531	5
9532	2
9533	5
9534	3
9535	5
9536	3
9537	3
9538	2
9539	4
9540	2
9541	1
9542	4
9543	4
9544	4
9545	3
9546	2
9547	1
9548	6
9549	5
9550	6
9551	5
9552	4
9553	2
9554	6
9555	7
9556	3
9557	6
9558	7
9559	3
9560	5
9561	8
9562	2
9563	2
9564	3
9565	10
9566	4
9567	5
9568	6
9569	5
9570	4
9571	5
9572	2
9573	3
9574	5
9575	4
9576	2
9577	2
9578	6
9579	7
9580	2
9581	1
9582	4
9583	4
9584	6
9585	2
9586	3
9587	4
9588	0
9589	6
9590	3
9591	3
9592	3
9593	7
9594	5
9595	7
9596	5
9597	3
9598	2
9599	4
9600	1
9601	5
9602	4
9603	3
9604	6
9605	5
9606	2
9607	6
9608	6
9609	5
9610	2
9611	3
9612	4
9613	4
9614	5
9615	3
9616	3
9617	3
9618	2
9619	5
9620	6
9621	3
9622	3
9623	2
9624	6
9625	3
9626	0
9627	2
9628	2
9629	8
9630	1
9631	6
9632	3
9633	5
9634	3
9635	2
9636	8
9637	2
9638	1
9639	3
9640	1
9641	6
9642	5
9643	2
9644	4
9645	2
9646	7
9647	6
9648	7
9649	3
9650	6
9651	6
9652	6
9653	2
9654	2
9655	2
9656	5
9657	8
9658	3
9659	4
9660	3
9661	5
9662	6
9663	7
9664	6
9665	6
9666	4
9667	6
9668	4
9669	2
9670	1
9671	6
9672	5
9673	6
9674	6
9675	1
9676	5
9677	6
9678	5
9679	2
9680	3
9681	5
9682	4
9683	5
9684	6
9685	3
9686	5
9687	7
9688	5
9689	6
9690	6
9691	1
9692	3
9693	8
9694	5
9695	3
9696	5
9697	4
9698	7
9699	3
9700	10
9701	3
9702	5
9703	4
9704	2
9705	8
9706	3
9707	4
9708	13
9709	3
9710	4
9711	1
9712	4
9713	5
9714	8
9715	5
9716	4
9717	5
9718	4
9719	1
9720	4
9721	5
9722	6
9723	4
9724	5
9725	1
9726	5
9727	5
9728	3
9729	4
9730	10
9731	5
9732	3
9733	4
9734	2
9735	4
9736	9
9737	3
9738	8
9739	8
9740	1
9741	1
9742	1
9743	5
9744	3
9745	2
9746	7
9747	1
9748	6
9749	2
9750	5
9751	4
9752	4
9753	3
9754	4
9755	4
9756	5
9757	1
9758	6
9759	5
9760	4
9761	5
9762	8
9763	1
9764	1
9765	7
9766	3
9767	4
9768	1
9769	1
9770	3
9771	6
9772	7
9773	7
9774	3
9775	3
9776	2
9777	3
9778	4
9779	5
9780	3
9781	1
9782	2
9783	3
9784	2
9785	3
9786	4
9787	3
9788	2
9789	5
9790	3
9791	3
9792	2
9793	3
9794	6
9795	4
9796	7
9797	3
9798	5
9799	2
9800	2
9801	2
9802	2
9803	3
9804	3
9805	0
9806	5
9807	0
9808	7
9809	5
9810	4
9811	3
9812	4
9813	3
9814	3
9815	2
9816	4
9817	0
9818	3
9819	3
9820	7
9821	4
9822	4
9823	3
9824	2
9825	4
9826	7
9827	5
9828	6
9829	0
9830	2
9831	4
9832	4
9833	4
9834	9
9835	3
9836	6
9837	8
9838	6
9839	2
9840	4
9841	2
9842	4
9843	5
9844	3
9845	4
9846	1
9847	4
9848	3
9849	6
9850	4
9851	6
9852	8
9853	5
9854	4
9855	4
9856	2
9857	2
9858	0
9859	2
9860	2
9861	3
9862	2
9863	4
9864	9
9865	5
9866	2
9867	2
9868	1
9869	1
9870	2
9871	2
9872	1
9873	2
9874	0
9875	2
9876	5
9877	0
9878	4
9879	6
9880	7
9881	3
9882	3
9883	7
9884	0
9885	1
9886	2
9887	1
9888	4
9889	2
9890	6
9891	3
9892	2
9893	4
9894	2
9895	3
9896	1
9897	4
9898	3
9899	1
9900	2
9901	1
9902	2
9903	1
9904	2
9905	4
9906	3
9907	5
9908	3
9909	3
9910	5
9911	3
9912	5
9913	2
9914	3
9915	2
9916	4
9917	2
9918	2
9919	8
9920	3
9921	3
9922	0
9923	1
9924	3
9925	2
9926	1
9927	3
9928	3
9929	3
9930	5
9931	5
9932	2
9933	4
9934	3
9935	2
9936	5
9937	3
9938	4
9939	3
9940	0
9941	1
9942	1
9943	2
9944	4
9945	4
9946	1
9947	4
9948	6
9949	4
9950	3
9951	3
9952	3
9953	4
9954	2
9955	4
9956	7
9957	1
9958	0
9959	1
9960	2
9961	3
9962	6
9963	1
9964	3
9965	1
9966	2
9967	4
9968	6
9969	1
9970	3
9971	1
9972	3
9973	4
9974	2
9975	6
9976	1
9977	1
9978	3
9979	3
9980	4
9981	1
9982	6
9983	5
9984	6
9985	2
9986	3
9987	1
9988	2
9989	2
9990	5
9991	2
9992	1
9993	2
9994	3
9995	2
9996	0
9997	1
9998	4
9999	4
10000	7
