1	369703195
2	13995969
3	5591444
4	3484251
5	2346502
6	1732618
7	1398804
8	1239037
9	1209955
10	1284097
11	1440966
12	1688871
13	2036584
14	2502905
15	3086573
16	3786979
17	4612920
18	5487041
19	6403043
20	7286790
21	8096838
22	8753673
23	9193768
24	9416254
25	9406901
26	9161670
27	8696530
28	8057634
29	7280336
30	6419997
31	5540335
32	4685763
33	3869519
34	3132089
35	2493846
36	1953636
37	1508926
38	1148669
39	867169
40	650007
41	489194
42	369620
43	286006
44	225305
45	183795
46	154437
47	134059
48	120539
49	110690
50	103874
51	98154
52	92912
53	88869
54	84667
55	80845
56	76405
57	73305
58	68997
59	65536
60	61492
61	57584
62	54416
63	50998
64	47493
65	45236
66	43371
67	40577
68	38901
69	37413
70	35648
71	34031
72	32597
73	31582
74	30796
75	29455
76	28598
77	27984
78	27702
79	26744
80	25770
81	25245
82	24273
83	23691
84	23008
85	22591
86	21940
87	21237
88	20817
89	20635
90	19924
91	19396
92	18588
93	18763
94	17991
95	17741
96	17165
97	16552
98	16316
99	15986
100	15330
101	15304
102	14852
103	14479
104	14377
105	14218
106	14166
107	13601
108	13553
109	12875
110	12658
111	12316
112	12083
113	12014
114	11505
115	11242
116	11197
117	10838
118	10613
119	10464
120	10229
121	10197
122	9958
123	9896
124	9650
125	9513
126	9367
127	8986
128	8995
129	8912
130	8495
131	8426
132	8374
133	8167
134	8203
135	8157
136	7950
137	7743
138	7612
139	7491
140	7390
141	7250
142	7391
143	7127
144	7098
145	7082
146	6809
147	6618
148	6498
149	6620
150	6347
151	6394
152	6295
153	5971
154	5989
155	5967
156	5899
157	5750
158	5892
159	5984
160	5887
161	5678
162	5502
163	5475
164	5478
165	5426
166	5356
167	5240
168	5121
169	5204
170	4873
171	4937
172	4939
173	4898
174	4931
175	4836
176	4806
177	4645
178	4563
179	4621
180	4489
181	4528
182	4403
183	4532
184	4462
185	4563
186	4280
187	4449
188	4317
189	4201
190	4196
191	4047
192	3963
193	3976
194	3948
195	3812
196	3782
197	3786
198	3770
199	3801
200	3715
201	3670
202	3664
203	3495
204	3664
205	3584
206	3506
207	3474
208	3488
209	3356
210	3321
211	3411
212	3423
213	3287
214	3343
215	3241
216	3349
217	3172
218	3125
219	3077
220	3056
221	3159
222	3087
223	3066
224	2929
225	2856
226	2860
227	2906
228	2857
229	2726
230	2775
231	2755
232	2634
233	2654
234	2601
235	2617
236	2538
237	2680
238	2614
239	2625
240	2715
241	2591
242	2643
243	2581
244	2581
245	2450
246	2584
247	2437
248	2327
249	2338
250	2355
251	2328
252	2297
253	2154
254	2320
255	2237
256	2294
257	2260
258	2227
259	2229
260	2135
261	2127
262	2122
263	2136
264	2102
265	1994
266	2039
267	1935
268	2005
269	2050
270	1981
271	1997
272	1901
273	1873
274	1987
275	1909
276	1850
277	1886
278	1828
279	1778
280	1840
281	1775
282	1847
283	1910
284	1812
285	1867
286	1815
287	1792
288	1800
289	1871
290	1678
291	1675
292	1722
293	1724
294	1700
295	1663
296	1652
297	1584
298	1671
299	1668
300	1636
301	1654
302	1699
303	1618
304	1598
305	1649
306	1547
307	1606
308	1565
309	1596
310	1552
311	1578
312	1611
313	1599
314	1531
315	1557
316	1470
317	1466
318	1586
319	1466
320	1522
321	1443
322	1424
323	1493
324	1460
325	1405
326	1418
327	1492
328	1396
329	1423
330	1415
331	1428
332	1442
333	1454
334	1374
335	1452
336	1273
337	1380
338	1284
339	1310
340	1287
341	1393
342	1365
343	1281
344	1280
345	1330
346	1325
347	1316
348	1364
349	1349
350	1219
351	1354
352	1272
353	1255
354	1208
355	1210
356	1196
357	1210
358	1211
359	1164
360	1173
361	1141
362	1154
363	1141
364	1046
365	1067
366	1065
367	1059
368	1132
369	1117
370	1132
371	1073
372	1110
373	1089
374	1124
375	1126
376	1073
377	1133
378	1138
379	1099
380	1085
381	1061
382	1072
383	1090
384	1082
385	1094
386	1073
387	1011
388	1050
389	979
390	1049
391	1024
392	1028
393	997
394	1031
395	1018
396	1053
397	1006
398	995
399	1078
400	997
401	985
402	986
403	978
404	1006
405	978
406	911
407	908
408	917
409	882
410	960
411	910
412	939
413	847
414	920
415	949
416	912
417	883
418	913
419	894
420	824
421	860
422	854
423	909
424	802
425	830
426	864
427	850
428	833
429	843
430	862
431	855
432	813
433	829
434	817
435	799
436	837
437	732
438	784
439	781
440	768
441	786
442	783
443	750
444	717
445	722
446	683
447	663
448	737
449	727
450	671
451	733
452	728
453	690
454	696
455	718
456	734
457	709
458	702
459	716
460	713
461	683
462	698
463	691
464	674
465	669
466	648
467	694
468	682
469	712
470	656
471	633
472	610
473	640
474	574
475	605
476	601
477	595
478	564
479	577
480	617
481	612
482	599
483	589
484	612
485	619
486	620
487	599
488	596
489	580
490	558
491	566
492	592
493	600
494	561
495	558
496	569
497	548
498	601
499	615
500	554
501	552
502	521
503	533
504	512
505	508
506	526
507	487
508	530
509	457
510	489
511	492
512	507
513	461
514	493
515	488
516	484
517	505
518	450
519	497
520	505
521	464
522	491
523	466
524	488
525	479
526	514
527	483
528	501
529	484
530	511
531	525
532	488
533	483
534	533
535	510
536	472
537	432
538	434
539	458
540	491
541	455
542	455
543	424
544	439
545	483
546	465
547	416
548	412
549	500
550	426
551	448
552	439
553	431
554	436
555	394
556	457
557	445
558	437
559	402
560	403
561	429
562	404
563	396
564	442
565	456
566	419
567	404
568	442
569	397
570	415
571	428
572	390
573	421
574	437
575	484
576	435
577	472
578	432
579	429
580	436
581	433
582	444
583	447
584	441
585	417
586	404
587	436
588	429
589	358
590	399
591	400
592	367
593	403
594	410
595	412
596	432
597	391
598	408
599	428
600	400
601	399
602	389
603	413
604	425
605	453
606	386
607	411
608	394
609	381
610	455
611	409
612	397
613	338
614	387
615	394
616	408
617	384
618	423
619	403
620	380
621	410
622	375
623	381
624	349
625	382
626	356
627	392
628	373
629	346
630	332
631	378
632	388
633	378
634	347
635	376
636	383
637	409
638	409
639	372
640	345
641	352
642	354
643	388
644	351
645	382
646	377
647	359
648	342
649	329
650	340
651	362
652	359
653	338
654	335
655	377
656	310
657	351
658	353
659	334
660	338
661	321
662	300
663	317
664	318
665	303
666	343
667	343
668	316
669	306
670	328
671	341
672	315
673	332
674	302
675	300
676	277
677	283
678	320
679	260
680	273
681	294
682	336
683	335
684	293
685	325
686	299
687	308
688	295
689	314
690	301
691	324
692	309
693	304
694	316
695	277
696	296
697	265
698	299
699	292
700	313
701	294
702	294
703	300
704	256
705	302
706	307
707	279
708	269
709	287
710	271
711	270
712	291
713	268
714	271
715	282
716	283
717	226
718	244
719	286
720	242
721	237
722	266
723	273
724	270
725	268
726	254
727	256
728	283
729	234
730	278
731	268
732	258
733	218
734	256
735	268
736	268
737	284
738	244
739	253
740	256
741	222
742	239
743	251
744	241
745	221
746	244
747	233
748	214
749	257
750	221
751	231
752	218
753	245
754	246
755	219
756	246
757	250
758	241
759	263
760	223
761	224
762	232
763	202
764	234
765	216
766	237
767	242
768	242
769	202
770	215
771	234
772	208
773	220
774	209
775	213
776	227
777	225
778	228
779	243
780	199
781	226
782	221
783	217
784	225
785	208
786	181
787	196
788	188
789	206
790	210
791	196
792	204
793	230
794	195
795	210
796	211
797	199
798	175
799	197
800	185
801	217
802	191
803	189
804	176
805	194
806	181
807	178
808	204
809	194
810	206
811	200
812	204
813	196
814	165
815	219
816	198
817	206
818	232
819	215
820	209
821	192
822	188
823	185
824	212
825	183
826	182
827	187
828	162
829	150
830	179
831	213
832	164
833	190
834	165
835	191
836	155
837	175
838	176
839	172
840	175
841	174
842	178
843	186
844	173
845	183
846	185
847	191
848	176
849	173
850	180
851	183
852	191
853	168
854	159
855	173
856	145
857	163
858	187
859	175
860	159
861	180
862	163
863	163
864	156
865	164
866	159
867	155
868	154
869	174
870	148
871	162
872	155
873	145
874	153
875	163
876	153
877	168
878	158
879	135
880	170
881	165
882	177
883	161
884	159
885	164
886	171
887	164
888	163
889	163
890	158
891	159
892	156
893	159
894	163
895	156
896	161
897	152
898	151
899	137
900	145
901	129
902	139
903	147
904	142
905	151
906	147
907	171
908	155
909	158
910	148
911	142
912	149
913	148
914	151
915	167
916	158
917	156
918	159
919	158
920	144
921	149
922	168
923	143
924	154
925	163
926	124
927	133
928	139
929	136
930	131
931	141
932	146
933	143
934	141
935	137
936	128
937	165
938	139
939	135
940	134
941	139
942	133
943	127
944	137
945	155
946	138
947	121
948	141
949	152
950	127
951	140
952	127
953	144
954	128
955	137
956	146
957	146
958	165
959	131
960	130
961	121
962	141
963	135
964	128
965	141
966	156
967	127
968	141
969	131
970	137
971	138
972	142
973	113
974	145
975	136
976	146
977	124
978	152
979	135
980	128
981	146
982	130
983	150
984	139
985	155
986	168
987	146
988	111
989	140
990	134
991	148
992	144
993	139
994	154
995	155
996	135
997	129
998	150
999	144
1000	137
1001	143
1002	142
1003	148
1004	136
1005	131
1006	150
1007	157
1008	127
1009	112
1010	161
1011	139
1012	137
1013	125
1014	151
1015	166
1016	139
1017	148
1018	132
1019	145
1020	133
1021	115
1022	138
1023	143
1024	155
1025	123
1026	145
1027	152
1028	148
1029	152
1030	143
1031	136
1032	142
1033	155
1034	117
1035	134
1036	140
1037	137
1038	135
1039	150
1040	132
1041	144
1042	151
1043	150
1044	138
1045	159
1046	113
1047	130
1048	123
1049	121
1050	139
1051	124
1052	163
1053	121
1054	139
1055	140
1056	129
1057	153
1058	147
1059	133
1060	152
1061	133
1062	111
1063	147
1064	137
1065	140
1066	124
1067	138
1068	126
1069	142
1070	129
1071	138
1072	113
1073	135
1074	122
1075	124
1076	136
1077	123
1078	107
1079	136
1080	131
1081	113
1082	119
1083	120
1084	143
1085	127
1086	115
1087	127
1088	147
1089	135
1090	136
1091	151
1092	117
1093	152
1094	134
1095	146
1096	137
1097	175
1098	111
1099	134
1100	137
1101	118
1102	134
1103	147
1104	127
1105	127
1106	140
1107	145
1108	135
1109	150
1110	115
1111	122
1112	147
1113	127
1114	149
1115	146
1116	132
1117	122
1118	126
1119	135
1120	146
1121	138
1122	148
1123	135
1124	118
1125	162
1126	119
1127	144
1128	130
1129	126
1130	112
1131	102
1132	123
1133	114
1134	136
1135	108
1136	96
1137	112
1138	124
1139	128
1140	113
1141	135
1142	125
1143	115
1144	119
1145	127
1146	122
1147	116
1148	132
1149	109
1150	131
1151	111
1152	121
1153	114
1154	112
1155	118
1156	123
1157	105
1158	116
1159	137
1160	118
1161	123
1162	92
1163	130
1164	107
1165	109
1166	112
1167	116
1168	125
1169	119
1170	111
1171	112
1172	106
1173	98
1174	125
1175	105
1176	130
1177	132
1178	111
1179	103
1180	117
1181	106
1182	103
1183	111
1184	109
1185	114
1186	107
1187	97
1188	100
1189	125
1190	108
1191	96
1192	110
1193	95
1194	110
1195	105
1196	89
1197	120
1198	134
1199	104
1200	97
1201	94
1202	100
1203	109
1204	101
1205	98
1206	110
1207	99
1208	112
1209	95
1210	85
1211	86
1212	101
1213	92
1214	102
1215	88
1216	84
1217	91
1218	101
1219	89
1220	97
1221	88
1222	85
1223	103
1224	87
1225	90
1226	94
1227	102
1228	94
1229	100
1230	95
1231	84
1232	106
1233	106
1234	99
1235	106
1236	103
1237	86
1238	97
1239	86
1240	81
1241	66
1242	75
1243	97
1244	100
1245	85
1246	102
1247	73
1248	94
1249	93
1250	77
1251	96
1252	91
1253	96
1254	92
1255	80
1256	85
1257	93
1258	90
1259	92
1260	88
1261	103
1262	94
1263	102
1264	87
1265	72
1266	95
1267	71
1268	65
1269	79
1270	92
1271	90
1272	83
1273	87
1274	71
1275	109
1276	64
1277	100
1278	97
1279	75
1280	83
1281	101
1282	95
1283	89
1284	68
1285	86
1286	81
1287	96
1288	74
1289	86
1290	81
1291	91
1292	85
1293	72
1294	75
1295	76
1296	88
1297	72
1298	89
1299	73
1300	83
1301	98
1302	80
1303	91
1304	87
1305	95
1306	82
1307	91
1308	93
1309	96
1310	82
1311	79
1312	86
1313	89
1314	82
1315	84
1316	86
1317	100
1318	95
1319	87
1320	78
1321	69
1322	104
1323	85
1324	91
1325	84
1326	116
1327	102
1328	93
1329	82
1330	101
1331	85
1332	85
1333	80
1334	78
1335	105
1336	90
1337	74
1338	98
1339	86
1340	83
1341	94
1342	81
1343	88
1344	90
1345	84
1346	79
1347	82
1348	89
1349	78
1350	89
1351	77
1352	86
1353	85
1354	80
1355	102
1356	69
1357	80
1358	94
1359	81
1360	77
1361	76
1362	73
1363	82
1364	90
1365	74
1366	69
1367	89
1368	90
1369	98
1370	75
1371	72
1372	81
1373	96
1374	98
1375	87
1376	83
1377	87
1378	72
1379	101
1380	82
1381	79
1382	97
1383	77
1384	87
1385	87
1386	81
1387	85
1388	108
1389	98
1390	79
1391	107
1392	89
1393	85
1394	90
1395	105
1396	117
1397	86
1398	98
1399	98
1400	113
1401	86
1402	87
1403	101
1404	94
1405	118
1406	101
1407	85
1408	114
1409	112
1410	85
1411	76
1412	83
1413	68
1414	100
1415	102
1416	95
1417	105
1418	104
1419	95
1420	80
1421	83
1422	84
1423	76
1424	88
1425	99
1426	65
1427	72
1428	72
1429	90
1430	77
1431	79
1432	75
1433	85
1434	78
1435	74
1436	75
1437	81
1438	80
1439	75
1440	91
1441	75
1442	72
1443	87
1444	83
1445	71
1446	73
1447	69
1448	72
1449	92
1450	84
1451	87
1452	71
1453	75
1454	86
1455	56
1456	78
1457	94
1458	79
1459	91
1460	96
1461	89
1462	75
1463	78
1464	81
1465	84
1466	75
1467	78
1468	65
1469	64
1470	72
1471	76
1472	73
1473	83
1474	71
1475	68
1476	84
1477	74
1478	59
1479	82
1480	72
1481	97
1482	94
1483	80
1484	78
1485	72
1486	62
1487	81
1488	86
1489	74
1490	58
1491	78
1492	74
1493	69
1494	78
1495	70
1496	75
1497	73
1498	84
1499	76
1500	57
1501	71
1502	76
1503	79
1504	84
1505	55
1506	79
1507	69
1508	68
1509	82
1510	72
1511	71
1512	66
1513	68
1514	64
1515	78
1516	75
1517	79
1518	70
1519	87
1520	79
1521	75
1522	74
1523	76
1524	66
1525	72
1526	70
1527	76
1528	67
1529	67
1530	88
1531	73
1532	63
1533	74
1534	60
1535	61
1536	80
1537	88
1538	75
1539	62
1540	69
1541	79
1542	88
1543	83
1544	67
1545	85
1546	74
1547	91
1548	71
1549	89
1550	82
1551	57
1552	79
1553	57
1554	68
1555	81
1556	65
1557	70
1558	51
1559	65
1560	74
1561	72
1562	60
1563	72
1564	64
1565	75
1566	61
1567	69
1568	72
1569	79
1570	65
1571	58
1572	76
1573	60
1574	87
1575	85
1576	81
1577	77
1578	83
1579	69
1580	75
1581	84
1582	89
1583	60
1584	59
1585	66
1586	80
1587	68
1588	73
1589	61
1590	79
1591	68
1592	66
1593	65
1594	88
1595	77
1596	65
1597	69
1598	70
1599	69
1600	69
1601	78
1602	77
1603	60
1604	73
1605	80
1606	59
1607	58
1608	71
1609	62
1610	78
1611	59
1612	63
1613	65
1614	60
1615	66
1616	71
1617	66
1618	77
1619	54
1620	61
1621	57
1622	82
1623	61
1624	56
1625	79
1626	56
1627	72
1628	79
1629	63
1630	57
1631	69
1632	69
1633	59
1634	65
1635	59
1636	67
1637	82
1638	73
1639	58
1640	71
1641	65
1642	64
1643	67
1644	63
1645	49
1646	69
1647	67
1648	67
1649	65
1650	67
1651	69
1652	72
1653	53
1654	72
1655	56
1656	68
1657	68
1658	62
1659	59
1660	73
1661	61
1662	74
1663	69
1664	73
1665	67
1666	68
1667	61
1668	79
1669	58
1670	53
1671	81
1672	58
1673	57
1674	70
1675	70
1676	69
1677	73
1678	72
1679	71
1680	75
1681	57
1682	71
1683	83
1684	71
1685	61
1686	71
1687	86
1688	72
1689	63
1690	64
1691	69
1692	68
1693	79
1694	73
1695	70
1696	74
1697	68
1698	67
1699	76
1700	67
1701	71
1702	83
1703	65
1704	81
1705	74
1706	87
1707	88
1708	68
1709	67
1710	75
1711	87
1712	57
1713	66
1714	63
1715	59
1716	54
1717	77
1718	64
1719	56
1720	55
1721	86
1722	60
1723	69
1724	50
1725	72
1726	80
1727	65
1728	63
1729	71
1730	77
1731	63
1732	52
1733	69
1734	74
1735	77
1736	60
1737	81
1738	75
1739	60
1740	70
1741	66
1742	68
1743	82
1744	73
1745	59
1746	57
1747	52
1748	71
1749	53
1750	68
1751	59
1752	64
1753	56
1754	49
1755	58
1756	55
1757	69
1758	51
1759	72
1760	58
1761	68
1762	56
1763	59
1764	64
1765	65
1766	46
1767	68
1768	68
1769	59
1770	52
1771	49
1772	69
1773	80
1774	70
1775	73
1776	63
1777	63
1778	73
1779	57
1780	75
1781	64
1782	53
1783	68
1784	66
1785	59
1786	58
1787	69
1788	59
1789	55
1790	60
1791	64
1792	48
1793	46
1794	61
1795	53
1796	68
1797	54
1798	47
1799	59
1800	60
1801	54
1802	64
1803	66
1804	53
1805	59
1806	77
1807	60
1808	59
1809	69
1810	63
1811	49
1812	58
1813	63
1814	66
1815	46
1816	66
1817	50
1818	49
1819	64
1820	60
1821	43
1822	37
1823	51
1824	55
1825	55
1826	68
1827	57
1828	54
1829	63
1830	46
1831	51
1832	57
1833	45
1834	60
1835	50
1836	64
1837	55
1838	48
1839	47
1840	42
1841	51
1842	52
1843	53
1844	46
1845	52
1846	51
1847	51
1848	43
1849	56
1850	58
1851	56
1852	34
1853	67
1854	57
1855	48
1856	55
1857	56
1858	43
1859	39
1860	44
1861	52
1862	53
1863	53
1864	49
1865	57
1866	48
1867	52
1868	53
1869	43
1870	45
1871	58
1872	49
1873	54
1874	57
1875	63
1876	48
1877	61
1878	51
1879	59
1880	51
1881	62
1882	49
1883	56
1884	54
1885	65
1886	46
1887	47
1888	61
1889	49
1890	28
1891	58
1892	58
1893	53
1894	52
1895	48
1896	57
1897	53
1898	39
1899	40
1900	55
1901	49
1902	45
1903	46
1904	60
1905	63
1906	58
1907	50
1908	58
1909	54
1910	50
1911	56
1912	51
1913	59
1914	55
1915	50
1916	50
1917	58
1918	48
1919	37
1920	55
1921	58
1922	49
1923	54
1924	68
1925	60
1926	47
1927	66
1928	54
1929	40
1930	58
1931	49
1932	46
1933	57
1934	53
1935	41
1936	48
1937	67
1938	46
1939	47
1940	47
1941	54
1942	52
1943	54
1944	51
1945	59
1946	60
1947	67
1948	60
1949	59
1950	45
1951	54
1952	43
1953	45
1954	48
1955	49
1956	42
1957	64
1958	58
1959	54
1960	51
1961	63
1962	45
1963	48
1964	60
1965	53
1966	60
1967	44
1968	55
1969	46
1970	67
1971	55
1972	58
1973	53
1974	49
1975	50
1976	43
1977	53
1978	52
1979	58
1980	65
1981	57
1982	64
1983	54
1984	49
1985	48
1986	54
1987	63
1988	61
1989	82
1990	56
1991	51
1992	62
1993	68
1994	60
1995	72
1996	60
1997	52
1998	62
1999	64
2000	62
2001	57
2002	53
2003	51
2004	48
2005	58
2006	48
2007	64
2008	58
2009	59
2010	57
2011	56
2012	52
2013	61
2014	39
2015	57
2016	60
2017	49
2018	56
2019	54
2020	47
2021	63
2022	58
2023	49
2024	48
2025	58
2026	56
2027	43
2028	52
2029	55
2030	52
2031	52
2032	45
2033	61
2034	51
2035	52
2036	43
2037	48
2038	59
2039	44
2040	56
2041	50
2042	48
2043	55
2044	43
2045	52
2046	58
2047	55
2048	51
2049	70
2050	69
2051	56
2052	56
2053	46
2054	67
2055	54
2056	62
2057	54
2058	60
2059	67
2060	52
2061	62
2062	59
2063	65
2064	64
2065	61
2066	54
2067	57
2068	55
2069	54
2070	74
2071	53
2072	75
2073	51
2074	58
2075	67
2076	64
2077	72
2078	55
2079	50
2080	55
2081	61
2082	56
2083	58
2084	54
2085	64
2086	51
2087	64
2088	53
2089	60
2090	48
2091	61
2092	46
2093	53
2094	53
2095	52
2096	55
2097	49
2098	64
2099	50
2100	45
2101	71
2102	59
2103	50
2104	53
2105	63
2106	61
2107	63
2108	48
2109	58
2110	50
2111	63
2112	52
2113	55
2114	61
2115	63
2116	48
2117	40
2118	59
2119	70
2120	53
2121	53
2122	49
2123	64
2124	46
2125	45
2126	54
2127	46
2128	59
2129	41
2130	50
2131	70
2132	54
2133	55
2134	49
2135	63
2136	61
2137	55
2138	68
2139	51
2140	59
2141	57
2142	61
2143	54
2144	60
2145	69
2146	58
2147	61
2148	59
2149	74
2150	56
2151	74
2152	57
2153	76
2154	73
2155	72
2156	60
2157	73
2158	66
2159	60
2160	72
2161	57
2162	58
2163	62
2164	66
2165	51
2166	57
2167	45
2168	57
2169	53
2170	71
2171	62
2172	57
2173	59
2174	57
2175	63
2176	63
2177	78
2178	61
2179	62
2180	54
2181	70
2182	62
2183	80
2184	59
2185	62
2186	62
2187	68
2188	67
2189	56
2190	54
2191	59
2192	47
2193	47
2194	59
2195	62
2196	67
2197	67
2198	53
2199	54
2200	52
2201	79
2202	59
2203	65
2204	61
2205	50
2206	72
2207	55
2208	43
2209	54
2210	57
2211	42
2212	57
2213	70
2214	49
2215	44
2216	61
2217	46
2218	41
2219	52
2220	44
2221	48
2222	47
2223	55
2224	54
2225	53
2226	50
2227	65
2228	47
2229	56
2230	54
2231	60
2232	47
2233	45
2234	57
2235	41
2236	50
2237	49
2238	44
2239	49
2240	46
2241	50
2242	55
2243	54
2244	47
2245	50
2246	44
2247	48
2248	44
2249	40
2250	45
2251	43
2252	45
2253	54
2254	46
2255	47
2256	55
2257	40
2258	38
2259	40
2260	37
2261	40
2262	31
2263	45
2264	53
2265	47
2266	42
2267	39
2268	50
2269	41
2270	46
2271	43
2272	39
2273	48
2274	38
2275	34
2276	36
2277	33
2278	37
2279	46
2280	44
2281	37
2282	45
2283	47
2284	38
2285	49
2286	47
2287	42
2288	35
2289	41
2290	32
2291	41
2292	49
2293	34
2294	42
2295	42
2296	43
2297	57
2298	33
2299	33
2300	41
2301	45
2302	43
2303	44
2304	50
2305	29
2306	39
2307	31
2308	34
2309	42
2310	50
2311	38
2312	32
2313	43
2314	40
2315	35
2316	50
2317	34
2318	38
2319	33
2320	31
2321	36
2322	41
2323	33
2324	32
2325	42
2326	35
2327	33
2328	35
2329	52
2330	36
2331	39
2332	27
2333	27
2334	38
2335	33
2336	45
2337	32
2338	46
2339	34
2340	32
2341	39
2342	38
2343	38
2344	39
2345	34
2346	37
2347	40
2348	43
2349	30
2350	34
2351	49
2352	38
2353	46
2354	41
2355	22
2356	39
2357	42
2358	37
2359	41
2360	28
2361	36
2362	40
2363	26
2364	32
2365	32
2366	32
2367	37
2368	31
2369	31
2370	32
2371	29
2372	33
2373	37
2374	33
2375	53
2376	36
2377	28
2378	25
2379	30
2380	35
2381	28
2382	40
2383	30
2384	44
2385	39
2386	52
2387	35
2388	47
2389	48
2390	43
2391	46
2392	41
2393	37
2394	39
2395	44
2396	39
2397	31
2398	32
2399	42
2400	40
2401	46
2402	36
2403	40
2404	30
2405	35
2406	40
2407	44
2408	36
2409	33
2410	36
2411	37
2412	28
2413	36
2414	38
2415	47
2416	35
2417	48
2418	46
2419	40
2420	35
2421	38
2422	24
2423	45
2424	23
2425	29
2426	39
2427	26
2428	44
2429	49
2430	31
2431	31
2432	37
2433	32
2434	35
2435	34
2436	20
2437	36
2438	32
2439	32
2440	32
2441	45
2442	33
2443	52
2444	33
2445	36
2446	26
2447	43
2448	34
2449	40
2450	37
2451	24
2452	28
2453	32
2454	38
2455	53
2456	26
2457	32
2458	29
2459	34
2460	27
2461	29
2462	35
2463	21
2464	37
2465	19
2466	29
2467	36
2468	35
2469	37
2470	47
2471	39
2472	31
2473	33
2474	24
2475	29
2476	31
2477	36
2478	41
2479	45
2480	21
2481	30
2482	36
2483	25
2484	34
2485	33
2486	30
2487	40
2488	37
2489	27
2490	31
2491	22
2492	34
2493	27
2494	36
2495	18
2496	42
2497	24
2498	39
2499	29
2500	31
2501	35
2502	33
2503	27
2504	21
2505	31
2506	24
2507	31
2508	26
2509	29
2510	40
2511	30
2512	33
2513	32
2514	33
2515	32
2516	33
2517	24
2518	27
2519	28
2520	30
2521	24
2522	30
2523	33
2524	30
2525	34
2526	38
2527	29
2528	33
2529	30
2530	31
2531	33
2532	40
2533	26
2534	26
2535	29
2536	29
2537	41
2538	28
2539	36
2540	27
2541	35
2542	31
2543	40
2544	31
2545	30
2546	34
2547	13
2548	35
2549	24
2550	29
2551	25
2552	27
2553	28
2554	18
2555	34
2556	26
2557	30
2558	34
2559	38
2560	20
2561	31
2562	26
2563	30
2564	25
2565	29
2566	36
2567	24
2568	26
2569	36
2570	23
2571	29
2572	18
2573	25
2574	19
2575	21
2576	31
2577	22
2578	30
2579	27
2580	20
2581	29
2582	24
2583	40
2584	30
2585	36
2586	28
2587	27
2588	24
2589	31
2590	30
2591	37
2592	25
2593	32
2594	32
2595	23
2596	23
2597	26
2598	30
2599	25
2600	27
2601	42
2602	42
2603	30
2604	19
2605	32
2606	31
2607	31
2608	29
2609	28
2610	28
2611	29
2612	26
2613	26
2614	31
2615	23
2616	30
2617	29
2618	25
2619	29
2620	27
2621	24
2622	27
2623	29
2624	34
2625	19
2626	27
2627	23
2628	30
2629	28
2630	21
2631	33
2632	39
2633	29
2634	33
2635	23
2636	37
2637	34
2638	25
2639	23
2640	23
2641	26
2642	28
2643	22
2644	25
2645	24
2646	35
2647	24
2648	23
2649	23
2650	29
2651	32
2652	22
2653	37
2654	28
2655	28
2656	32
2657	31
2658	26
2659	23
2660	20
2661	25
2662	33
2663	25
2664	29
2665	24
2666	24
2667	27
2668	26
2669	25
2670	25
2671	25
2672	24
2673	23
2674	26
2675	23
2676	22
2677	25
2678	17
2679	27
2680	20
2681	22
2682	17
2683	24
2684	20
2685	15
2686	25
2687	18
2688	20
2689	14
2690	14
2691	20
2692	20
2693	24
2694	25
2695	34
2696	33
2697	23
2698	28
2699	25
2700	32
2701	27
2702	28
2703	28
2704	22
2705	19
2706	19
2707	15
2708	18
2709	20
2710	29
2711	32
2712	30
2713	21
2714	18
2715	17
2716	22
2717	29
2718	27
2719	21
2720	19
2721	29
2722	26
2723	27
2724	27
2725	25
2726	24
2727	24
2728	19
2729	27
2730	23
2731	25
2732	23
2733	17
2734	33
2735	22
2736	29
2737	30
2738	28
2739	24
2740	17
2741	35
2742	21
2743	24
2744	20
2745	20
2746	37
2747	23
2748	31
2749	26
2750	29
2751	12
2752	20
2753	18
2754	37
2755	32
2756	22
2757	28
2758	36
2759	31
2760	27
2761	26
2762	27
2763	29
2764	18
2765	29
2766	31
2767	22
2768	24
2769	22
2770	25
2771	30
2772	25
2773	24
2774	26
2775	32
2776	22
2777	36
2778	21
2779	23
2780	26
2781	28
2782	18
2783	32
2784	28
2785	24
2786	26
2787	25
2788	17
2789	21
2790	23
2791	18
2792	18
2793	21
2794	31
2795	32
2796	30
2797	16
2798	19
2799	22
2800	25
2801	26
2802	22
2803	26
2804	26
2805	23
2806	18
2807	20
2808	22
2809	30
2810	23
2811	22
2812	26
2813	20
2814	19
2815	24
2816	27
2817	25
2818	22
2819	14
2820	23
2821	16
2822	13
2823	20
2824	26
2825	30
2826	18
2827	17
2828	22
2829	30
2830	24
2831	21
2832	18
2833	24
2834	25
2835	19
2836	23
2837	24
2838	23
2839	20
2840	17
2841	21
2842	29
2843	29
2844	18
2845	24
2846	22
2847	18
2848	30
2849	20
2850	13
2851	16
2852	25
2853	16
2854	23
2855	16
2856	21
2857	21
2858	15
2859	14
2860	20
2861	20
2862	14
2863	20
2864	19
2865	16
2866	17
2867	8
2868	21
2869	14
2870	23
2871	18
2872	18
2873	15
2874	18
2875	23
2876	25
2877	23
2878	17
2879	18
2880	23
2881	23
2882	17
2883	19
2884	14
2885	26
2886	15
2887	20
2888	14
2889	11
2890	19
2891	13
2892	22
2893	20
2894	31
2895	17
2896	9
2897	21
2898	21
2899	29
2900	17
2901	13
2902	23
2903	21
2904	10
2905	20
2906	15
2907	20
2908	16
2909	16
2910	14
2911	18
2912	11
2913	17
2914	18
2915	21
2916	16
2917	11
2918	18
2919	16
2920	16
2921	9
2922	12
2923	15
2924	14
2925	18
2926	9
2927	20
2928	23
2929	12
2930	24
2931	17
2932	16
2933	17
2934	21
2935	15
2936	18
2937	21
2938	22
2939	19
2940	11
2941	25
2942	16
2943	16
2944	16
2945	20
2946	15
2947	13
2948	12
2949	22
2950	16
2951	13
2952	26
2953	16
2954	18
2955	17
2956	20
2957	21
2958	13
2959	21
2960	17
2961	21
2962	21
2963	10
2964	14
2965	21
2966	19
2967	27
2968	12
2969	16
2970	21
2971	15
2972	18
2973	23
2974	13
2975	31
2976	18
2977	18
2978	15
2979	22
2980	19
2981	18
2982	17
2983	25
2984	16
2985	16
2986	19
2987	26
2988	17
2989	24
2990	15
2991	19
2992	21
2993	14
2994	17
2995	15
2996	10
2997	18
2998	21
2999	15
3000	14
3001	21
3002	27
3003	24
3004	16
3005	14
3006	26
3007	19
3008	21
3009	15
3010	19
3011	19
3012	25
3013	23
3014	21
3015	19
3016	23
3017	19
3018	21
3019	15
3020	18
3021	28
3022	16
3023	18
3024	11
3025	20
3026	19
3027	22
3028	18
3029	26
3030	15
3031	9
3032	14
3033	13
3034	19
3035	15
3036	15
3037	17
3038	15
3039	13
3040	20
3041	15
3042	16
3043	17
3044	15
3045	18
3046	18
3047	18
3048	13
3049	15
3050	16
3051	12
3052	20
3053	17
3054	14
3055	11
3056	16
3057	15
3058	15
3059	10
3060	15
3061	22
3062	16
3063	12
3064	17
3065	9
3066	19
3067	10
3068	10
3069	15
3070	16
3071	10
3072	19
3073	18
3074	20
3075	10
3076	17
3077	17
3078	9
3079	11
3080	23
3081	11
3082	14
3083	14
3084	11
3085	16
3086	23
3087	20
3088	8
3089	13
3090	20
3091	16
3092	23
3093	16
3094	15
3095	18
3096	20
3097	8
3098	16
3099	14
3100	12
3101	26
3102	9
3103	10
3104	25
3105	17
3106	19
3107	16
3108	12
3109	15
3110	11
3111	22
3112	13
3113	16
3114	18
3115	19
3116	17
3117	13
3118	14
3119	13
3120	14
3121	16
3122	14
3123	20
3124	17
3125	26
3126	7
3127	11
3128	9
3129	9
3130	10
3131	13
3132	11
3133	11
3134	11
3135	13
3136	18
3137	11
3138	19
3139	23
3140	16
3141	13
3142	8
3143	12
3144	15
3145	21
3146	6
3147	9
3148	12
3149	22
3150	23
3151	11
3152	21
3153	18
3154	15
3155	22
3156	18
3157	16
3158	8
3159	12
3160	18
3161	18
3162	17
3163	13
3164	12
3165	16
3166	15
3167	15
3168	15
3169	17
3170	10
3171	17
3172	19
3173	13
3174	9
3175	10
3176	19
3177	13
3178	12
3179	16
3180	16
3181	17
3182	19
3183	12
3184	10
3185	9
3186	13
3187	13
3188	16
3189	14
3190	14
3191	9
3192	8
3193	13
3194	18
3195	15
3196	20
3197	23
3198	8
3199	13
3200	10
3201	7
3202	13
3203	11
3204	12
3205	15
3206	12
3207	16
3208	14
3209	16
3210	19
3211	9
3212	26
3213	14
3214	19
3215	9
3216	8
3217	13
3218	14
3219	19
3220	10
3221	16
3222	12
3223	15
3224	15
3225	14
3226	18
3227	18
3228	17
3229	23
3230	12
3231	14
3232	13
3233	13
3234	12
3235	10
3236	10
3237	13
3238	11
3239	18
3240	9
3241	15
3242	12
3243	14
3244	10
3245	18
3246	21
3247	12
3248	14
3249	25
3250	12
3251	8
3252	12
3253	19
3254	15
3255	12
3256	11
3257	15
3258	8
3259	10
3260	10
3261	12
3262	18
3263	17
3264	17
3265	12
3266	11
3267	14
3268	15
3269	14
3270	11
3271	15
3272	11
3273	18
3274	9
3275	17
3276	14
3277	11
3278	13
3279	7
3280	11
3281	19
3282	13
3283	10
3284	11
3285	15
3286	11
3287	15
3288	13
3289	14
3290	7
3291	16
3292	13
3293	10
3294	13
3295	9
3296	12
3297	12
3298	12
3299	8
3300	15
3301	9
3302	6
3303	12
3304	9
3305	13
3306	11
3307	8
3308	13
3309	13
3310	9
3311	8
3312	18
3313	12
3314	9
3315	9
3316	11
3317	10
3318	4
3319	13
3320	11
3321	12
3322	16
3323	13
3324	6
3325	11
3326	8
3327	12
3328	14
3329	17
3330	10
3331	14
3332	3
3333	10
3334	12
3335	13
3336	12
3337	11
3338	11
3339	10
3340	11
3341	8
3342	14
3343	11
3344	16
3345	7
3346	11
3347	10
3348	4
3349	12
3350	17
3351	4
3352	12
3353	15
3354	9
3355	14
3356	9
3357	9
3358	9
3359	15
3360	9
3361	8
3362	9
3363	11
3364	14
3365	20
3366	19
3367	12
3368	11
3369	8
3370	9
3371	9
3372	8
3373	8
3374	10
3375	13
3376	16
3377	10
3378	6
3379	7
3380	11
3381	13
3382	13
3383	13
3384	8
3385	11
3386	10
3387	7
3388	7
3389	10
3390	23
3391	11
3392	6
3393	16
3394	11
3395	10
3396	11
3397	18
3398	11
3399	11
3400	7
3401	13
3402	10
3403	10
3404	13
3405	17
3406	18
3407	8
3408	8
3409	14
3410	14
3411	13
3412	12
3413	14
3414	14
3415	11
3416	11
3417	6
3418	7
3419	10
3420	14
3421	12
3422	9
3423	9
3424	12
3425	14
3426	11
3427	16
3428	12
3429	23
3430	17
3431	11
3432	12
3433	8
3434	14
3435	8
3436	13
3437	11
3438	13
3439	12
3440	13
3441	10
3442	13
3443	10
3444	8
3445	8
3446	9
3447	15
3448	13
3449	8
3450	17
3451	10
3452	22
3453	15
3454	20
3455	11
3456	14
3457	12
3458	10
3459	12
3460	13
3461	15
3462	12
3463	10
3464	18
3465	10
3466	10
3467	4
3468	8
3469	15
3470	7
3471	11
3472	9
3473	15
3474	18
3475	11
3476	10
3477	15
3478	18
3479	16
3480	11
3481	8
3482	11
3483	3
3484	15
3485	5
3486	14
3487	10
3488	9
3489	15
3490	9
3491	13
3492	12
3493	15
3494	12
3495	11
3496	8
3497	14
3498	9
3499	17
3500	12
3501	14
3502	7
3503	11
3504	11
3505	12
3506	9
3507	9
3508	4
3509	10
3510	14
3511	10
3512	10
3513	12
3514	10
3515	10
3516	10
3517	11
3518	15
3519	11
3520	6
3521	12
3522	10
3523	14
3524	14
3525	8
3526	15
3527	9
3528	13
3529	8
3530	9
3531	8
3532	10
3533	7
3534	7
3535	16
3536	15
3537	11
3538	17
3539	17
3540	5
3541	9
3542	12
3543	7
3544	13
3545	8
3546	13
3547	8
3548	13
3549	8
3550	14
3551	9
3552	4
3553	10
3554	16
3555	9
3556	13
3557	5
3558	11
3559	9
3560	9
3561	17
3562	11
3563	8
3564	10
3565	17
3566	9
3567	12
3568	8
3569	11
3570	15
3571	6
3572	10
3573	15
3574	11
3575	17
3576	10
3577	12
3578	11
3579	6
3580	16
3581	5
3582	11
3583	6
3584	10
3585	6
3586	11
3587	19
3588	8
3589	6
3590	9
3591	13
3592	13
3593	13
3594	6
3595	12
3596	8
3597	10
3598	11
3599	13
3600	15
3601	10
3602	10
3603	11
3604	13
3605	6
3606	11
3607	10
3608	13
3609	8
3610	7
3611	3
3612	7
3613	2
3614	11
3615	9
3616	7
3617	11
3618	18
3619	10
3620	12
3621	5
3622	10
3623	6
3624	15
3625	8
3626	6
3627	13
3628	5
3629	9
3630	11
3631	12
3632	7
3633	12
3634	8
3635	4
3636	12
3637	12
3638	10
3639	3
3640	11
3641	9
3642	11
3643	8
3644	14
3645	11
3646	7
3647	4
3648	9
3649	10
3650	8
3651	7
3652	4
3653	10
3654	7
3655	12
3656	10
3657	9
3658	10
3659	9
3660	16
3661	11
3662	4
3663	6
3664	6
3665	6
3666	10
3667	11
3668	5
3669	7
3670	9
3671	8
3672	9
3673	7
3674	7
3675	8
3676	9
3677	13
3678	12
3679	4
3680	9
3681	6
3682	8
3683	7
3684	10
3685	12
3686	14
3687	7
3688	13
3689	9
3690	9
3691	9
3692	6
3693	11
3694	9
3695	6
3696	10
3697	8
3698	6
3699	13
3700	4
3701	7
3702	4
3703	10
3704	9
3705	11
3706	10
3707	7
3708	9
3709	7
3710	7
3711	11
3712	9
3713	11
3714	5
3715	6
3716	6
3717	5
3718	9
3719	12
3720	4
3721	11
3722	8
3723	13
3724	8
3725	3
3726	13
3727	7
3728	20
3729	9
3730	10
3731	4
3732	11
3733	7
3734	5
3735	7
3736	7
3737	18
3738	3
3739	15
3740	9
3741	9
3742	8
3743	5
3744	4
3745	5
3746	10
3747	5
3748	8
3749	3
3750	4
3751	8
3752	6
3753	13
3754	7
3755	7
3756	5
3757	10
3758	6
3759	9
3760	7
3761	8
3762	7
3763	3
3764	7
3765	10
3766	5
3767	7
3768	6
3769	9
3770	7
3771	5
3772	5
3773	10
3774	12
3775	10
3776	7
3777	4
3778	3
3779	10
3780	7
3781	6
3782	10
3783	16
3784	7
3785	9
3786	9
3787	5
3788	8
3789	9
3790	6
3791	13
3792	9
3793	8
3794	10
3795	9
3796	5
3797	1
3798	6
3799	7
3800	10
3801	8
3802	10
3803	7
3804	13
3805	7
3806	11
3807	3
3808	6
3809	8
3810	7
3811	5
3812	13
3813	5
3814	15
3815	5
3816	11
3817	9
3818	7
3819	13
3820	5
3821	8
3822	12
3823	13
3824	7
3825	13
3826	7
3827	8
3828	9
3829	7
3830	7
3831	9
3832	7
3833	7
3834	7
3835	5
3836	6
3837	7
3838	8
3839	9
3840	4
3841	12
3842	7
3843	9
3844	8
3845	11
3846	9
3847	7
3848	7
3849	3
3850	7
3851	9
3852	14
3853	8
3854	6
3855	14
3856	6
3857	8
3858	6
3859	4
3860	4
3861	3
3862	15
3863	13
3864	7
3865	10
3866	9
3867	7
3868	9
3869	7
3870	11
3871	8
3872	12
3873	13
3874	10
3875	6
3876	8
3877	7
3878	11
3879	12
3880	9
3881	8
3882	9
3883	11
3884	7
3885	7
3886	11
3887	8
3888	11
3889	6
3890	5
3891	6
3892	8
3893	10
3894	10
3895	11
3896	12
3897	15
3898	9
3899	7
3900	10
3901	8
3902	11
3903	7
3904	7
3905	1
3906	4
3907	5
3908	9
3909	12
3910	3
3911	6
3912	13
3913	8
3914	6
3915	9
3916	10
3917	9
3918	6
3919	7
3920	6
3921	7
3922	6
3923	6
3924	8
3925	11
3926	4
3927	9
3928	11
3929	8
3930	5
3931	8
3932	7
3933	6
3934	11
3935	7
3936	5
3937	6
3938	11
3939	11
3940	9
3941	11
3942	2
3943	6
3944	8
3945	3
3946	9
3947	7
3948	9
3949	4
3950	16
3951	9
3952	12
3953	10
3954	10
3955	10
3956	6
3957	6
3958	8
3959	13
3960	4
3961	8
3962	7
3963	9
3964	5
3965	9
3966	8
3967	11
3968	11
3969	11
3970	8
3971	12
3972	6
3973	9
3974	15
3975	12
3976	8
3977	6
3978	8
3979	8
3980	14
3981	7
3982	3
3983	11
3984	3
3985	6
3986	4
3987	10
3988	7
3989	7
3990	5
3991	8
3992	7
3993	8
3994	8
3995	11
3996	7
3997	6
3998	6
3999	9
4000	8
4001	8
4002	7
4003	6
4004	7
4005	9
4006	7
4007	7
4008	6
4009	10
4010	10
4011	11
4012	11
4013	10
4014	8
4015	8
4016	9
4017	11
4018	9
4019	8
4020	4
4021	8
4022	11
4023	8
4024	9
4025	5
4026	8
4027	10
4028	6
4029	7
4030	11
4031	8
4032	10
4033	8
4034	15
4035	3
4036	6
4037	8
4038	7
4039	6
4040	14
4041	9
4042	12
4043	13
4044	2
4045	6
4046	6
4047	8
4048	12
4049	15
4050	11
4051	6
4052	8
4053	8
4054	8
4055	8
4056	8
4057	6
4058	7
4059	8
4060	5
4061	8
4062	11
4063	8
4064	10
4065	8
4066	10
4067	7
4068	9
4069	6
4070	7
4071	3
4072	6
4073	4
4074	7
4075	13
4076	1
4077	6
4078	6
4079	8
4080	6
4081	8
4082	10
4083	8
4084	6
4085	6
4086	13
4087	4
4088	5
4089	8
4090	5
4091	11
4092	6
4093	10
4094	7
4095	9
4096	5
4097	7
4098	8
4099	5
4100	4
4101	4
4102	8
4103	11
4104	13
4105	9
4106	6
4107	9
4108	9
4109	7
4110	3
4111	4
4112	8
4113	9
4114	5
4115	8
4116	8
4117	10
4118	7
4119	8
4120	4
4121	8
4122	8
4123	4
4124	6
4125	10
4126	7
4127	7
4128	8
4129	6
4130	7
4131	3
4132	5
4133	7
4134	5
4135	6
4136	4
4137	5
4138	6
4139	8
4140	6
4141	4
4142	10
4143	6
4144	9
4145	3
4146	3
4147	5
4148	9
4149	5
4150	13
4151	6
4152	11
4153	6
4154	13
4155	6
4156	7
4157	6
4158	3
4159	4
4160	2
4161	5
4162	5
4163	8
4164	5
4165	6
4166	5
4167	3
4168	6
4169	12
4170	5
4171	11
4172	2
4173	2
4174	9
4175	5
4176	5
4177	5
4178	9
4179	9
4180	9
4181	7
4182	5
4183	7
4184	4
4185	4
4186	11
4187	7
4188	5
4189	7
4190	4
4191	3
4192	7
4193	8
4194	9
4195	10
4196	6
4197	8
4198	6
4199	7
4200	5
4201	7
4202	3
4203	9
4204	9
4205	5
4206	7
4207	8
4208	6
4209	4
4210	9
4211	9
4212	7
4213	5
4214	9
4215	9
4216	8
4217	6
4218	11
4219	7
4220	6
4221	4
4222	4
4223	7
4224	5
4225	2
4226	9
4227	4
4228	3
4229	8
4230	9
4231	10
4232	11
4233	4
4234	5
4235	6
4236	5
4237	7
4238	7
4239	5
4240	7
4241	8
4242	6
4243	8
4244	11
4245	4
4246	3
4247	4
4248	9
4249	6
4250	5
4251	5
4252	4
4253	5
4254	7
4255	6
4256	9
4257	11
4258	8
4259	5
4260	6
4261	6
4262	6
4263	4
4264	8
4265	8
4266	10
4267	7
4268	9
4269	8
4270	8
4271	5
4272	3
4273	4
4274	4
4275	6
4276	9
4277	9
4278	4
4279	5
4280	7
4281	6
4282	6
4283	8
4284	4
4285	6
4286	5
4287	3
4288	3
4289	8
4290	7
4291	3
4292	6
4293	5
4294	3
4295	3
4296	5
4297	2
4298	6
4299	7
4300	5
4301	9
4302	5
4303	3
4304	9
4305	6
4306	4
4307	8
4308	7
4309	5
4310	2
4311	5
4312	3
4313	4
4314	10
4315	6
4316	6
4317	3
4318	6
4319	7
4320	4
4321	10
4322	4
4323	3
4324	5
4325	7
4326	7
4327	3
4328	8
4329	4
4330	8
4331	3
4332	6
4333	4
4334	6
4335	1
4336	5
4337	5
4338	2
4339	6
4340	4
4341	7
4342	3
4343	8
4344	2
4345	6
4346	5
4347	3
4348	8
4349	4
4350	6
4351	8
4352	6
4353	5
4354	2
4355	8
4356	5
4357	6
4358	6
4359	5
4360	7
4361	6
4362	2
4363	7
4364	5
4365	2
4366	8
4367	2
4368	4
4369	5
4370	5
4371	9
4372	10
4373	3
4374	6
4375	3
4376	3
4377	6
4378	9
4379	4
4380	3
4381	4
4382	4
4383	6
4384	6
4385	4
4386	7
4387	3
4388	8
4389	8
4390	4
4391	6
4392	5
4393	3
4394	5
4395	8
4396	2
4397	10
4398	6
4399	3
4400	8
4401	6
4402	9
4403	1
4404	3
4405	13
4406	3
4407	4
4408	2
4409	3
4410	4
4411	6
4412	5
4413	6
4414	1
4415	5
4416	6
4417	5
4418	3
4419	4
4420	6
4421	2
4422	3
4423	6
4424	1
4425	5
4426	6
4427	2
4428	4
4429	5
4430	3
4431	4
4432	7
4433	6
4434	3
4435	4
4436	4
4437	5
4438	4
4439	6
4440	7
4441	4
4442	6
4443	3
4444	3
4445	8
4446	3
4447	8
4448	2
4449	4
4450	3
4451	3
4452	11
4453	3
4454	5
4455	2
4456	5
4457	0
4458	4
4459	9
4460	5
4461	7
4462	3
4463	5
4464	5
4465	4
4466	7
4467	3
4468	6
4469	4
4470	6
4471	4
4472	5
4473	9
4474	5
4475	6
4476	3
4477	5
4478	7
4479	7
4480	1
4481	4
4482	8
4483	4
4484	6
4485	2
4486	2
4487	6
4488	5
4489	4
4490	5
4491	1
4492	1
4493	3
4494	9
4495	5
4496	4
4497	10
4498	8
4499	7
4500	4
4501	7
4502	8
4503	5
4504	3
4505	6
4506	6
4507	8
4508	8
4509	5
4510	6
4511	3
4512	4
4513	4
4514	2
4515	8
4516	5
4517	6
4518	1
4519	4
4520	10
4521	5
4522	6
4523	8
4524	2
4525	9
4526	4
4527	2
4528	3
4529	1
4530	3
4531	3
4532	7
4533	4
4534	5
4535	3
4536	2
4537	7
4538	2
4539	4
4540	5
4541	2
4542	7
4543	6
4544	4
4545	4
4546	8
4547	4
4548	3
4549	0
4550	4
4551	3
4552	8
4553	7
4554	3
4555	3
4556	3
4557	6
4558	8
4559	2
4560	6
4561	7
4562	10
4563	5
4564	4
4565	10
4566	4
4567	3
4568	9
4569	2
4570	4
4571	4
4572	6
4573	4
4574	4
4575	6
4576	11
4577	1
4578	1
4579	6
4580	5
4581	3
4582	4
4583	3
4584	5
4585	7
4586	3
4587	4
4588	1
4589	6
4590	7
4591	8
4592	5
4593	5
4594	3
4595	2
4596	6
4597	2
4598	11
4599	6
4600	5
4601	7
4602	2
4603	5
4604	7
4605	5
4606	1
4607	6
4608	5
4609	4
4610	6
4611	4
4612	7
4613	3
4614	6
4615	7
4616	9
4617	4
4618	3
4619	8
4620	4
4621	7
4622	3
4623	5
4624	6
4625	7
4626	6
4627	4
4628	7
4629	3
4630	7
4631	4
4632	7
4633	5
4634	6
4635	9
4636	8
4637	8
4638	5
4639	4
4640	3
4641	3
4642	6
4643	8
4644	8
4645	4
4646	4
4647	1
4648	2
4649	6
4650	7
4651	7
4652	2
4653	4
4654	6
4655	6
4656	7
4657	4
4658	2
4659	5
4660	4
4661	2
4662	4
4663	8
4664	1
4665	9
4666	3
4667	2
4668	4
4669	5
4670	5
4671	5
4672	1
4673	7
4674	6
4675	5
4676	5
4677	6
4678	8
4679	6
4680	1
4681	5
4682	5
4683	7
4684	10
4685	2
4686	8
4687	6
4688	4
4689	6
4690	7
4691	8
4692	3
4693	4
4694	4
4695	4
4696	3
4697	4
4698	2
4699	6
4700	1
4701	10
4702	2
4703	8
4704	7
4705	6
4706	6
4707	4
4708	2
4709	6
4710	7
4711	7
4712	8
4713	4
4714	8
4715	6
4716	10
4717	6
4718	9
4719	1
4720	2
4721	2
4722	4
4723	5
4724	6
4725	4
4726	11
4727	10
4728	4
4729	6
4730	5
4731	7
4732	7
4733	4
4734	6
4735	5
4736	8
4737	3
4738	3
4739	2
4740	5
4741	5
4742	4
4743	5
4744	4
4745	6
4746	8
4747	3
4748	3
4749	8
4750	7
4751	6
4752	6
4753	9
4754	4
4755	4
4756	7
4757	7
4758	5
4759	9
4760	3
4761	2
4762	4
4763	3
4764	6
4765	4
4766	10
4767	2
4768	3
4769	7
4770	5
4771	5
4772	5
4773	7
4774	5
4775	5
4776	2
4777	6
4778	3
4779	4
4780	2
4781	5
4782	2
4783	4
4784	4
4785	1
4786	8
4787	4
4788	2
4789	5
4790	5
4791	9
4792	0
4793	5
4794	4
4795	6
4796	3
4797	7
4798	7
4799	1
4800	4
4801	3
4802	4
4803	6
4804	4
4805	5
4806	7
4807	4
4808	5
4809	3
4810	3
4811	6
4812	7
4813	7
4814	4
4815	4
4816	4
4817	1
4818	2
4819	6
4820	4
4821	5
4822	9
4823	5
4824	7
4825	2
4826	4
4827	4
4828	3
4829	2
4830	4
4831	2
4832	6
4833	7
4834	3
4835	3
4836	3
4837	3
4838	2
4839	4
4840	7
4841	4
4842	4
4843	3
4844	3
4845	3
4846	2
4847	6
4848	3
4849	4
4850	8
4851	1
4852	3
4853	6
4854	4
4855	7
4856	0
4857	5
4858	6
4859	4
4860	5
4861	3
4862	3
4863	2
4864	4
4865	3
4866	5
4867	7
4868	3
4869	4
4870	5
4871	3
4872	5
4873	5
4874	5
4875	6
4876	2
4877	2
4878	1
4879	6
4880	3
4881	2
4882	7
4883	1
4884	5
4885	1
4886	3
4887	3
4888	3
4889	3
4890	2
4891	4
4892	7
4893	6
4894	0
4895	3
4896	4
4897	5
4898	2
4899	10
4900	4
4901	3
4902	5
4903	2
4904	1
4905	7
4906	6
4907	5
4908	6
4909	2
4910	5
4911	12
4912	3
4913	3
4914	2
4915	0
4916	3
4917	3
4918	7
4919	4
4920	5
4921	4
4922	5
4923	3
4924	2
4925	4
4926	7
4927	2
4928	2
4929	2
4930	5
4931	5
4932	6
4933	3
4934	3
4935	4
4936	2
4937	2
4938	3
4939	6
4940	7
4941	4
4942	4
4943	5
4944	2
4945	4
4946	6
4947	2
4948	5
4949	6
4950	4
4951	2
4952	0
4953	3
4954	6
4955	4
4956	8
4957	7
4958	5
4959	4
4960	4
4961	2
4962	1
4963	3
4964	4
4965	2
4966	8
4967	10
4968	3
4969	3
4970	3
4971	3
4972	3
4973	2
4974	1
4975	3
4976	2
4977	4
4978	3
4979	6
4980	4
4981	3
4982	8
4983	3
4984	2
4985	5
4986	3
4987	4
4988	5
4989	4
4990	5
4991	3
4992	2
4993	6
4994	2
4995	4
4996	5
4997	4
4998	5
4999	4
5000	3
5001	3
5002	6
5003	5
5004	2
5005	6
5006	3
5007	2
5008	0
5009	7
5010	2
5011	7
5012	3
5013	2
5014	4
5015	4
5016	2
5017	2
5018	7
5019	4
5020	5
5021	4
5022	5
5023	6
5024	3
5025	6
5026	3
5027	3
5028	1
5029	3
5030	4
5031	2
5032	2
5033	7
5034	7
5035	3
5036	6
5037	4
5038	3
5039	4
5040	1
5041	2
5042	6
5043	3
5044	1
5045	2
5046	6
5047	2
5048	3
5049	2
5050	4
5051	6
5052	9
5053	5
5054	2
5055	5
5056	7
5057	6
5058	4
5059	2
5060	1
5061	1
5062	3
5063	5
5064	1
5065	5
5066	4
5067	4
5068	7
5069	6
5070	2
5071	7
5072	3
5073	4
5074	1
5075	6
5076	3
5077	5
5078	4
5079	1
5080	5
5081	1
5082	1
5083	7
5084	3
5085	4
5086	2
5087	5
5088	2
5089	2
5090	0
5091	4
5092	8
5093	1
5094	4
5095	2
5096	2
5097	1
5098	1
5099	0
5100	7
5101	5
5102	5
5103	2
5104	4
5105	4
5106	5
5107	4
5108	6
5109	6
5110	3
5111	4
5112	2
5113	4
5114	3
5115	6
5116	4
5117	4
5118	3
5119	3
5120	1
5121	4
5122	3
5123	5
5124	4
5125	4
5126	6
5127	1
5128	2
5129	5
5130	6
5131	7
5132	6
5133	4
5134	2
5135	3
5136	3
5137	3
5138	1
5139	2
5140	8
5141	5
5142	2
5143	2
5144	2
5145	4
5146	8
5147	5
5148	3
5149	2
5150	4
5151	4
5152	0
5153	4
5154	5
5155	3
5156	2
5157	1
5158	6
5159	0
5160	7
5161	0
5162	2
5163	1
5164	3
5165	4
5166	1
5167	4
5168	1
5169	2
5170	3
5171	6
5172	5
5173	2
5174	4
5175	7
5176	5
5177	1
5178	4
5179	2
5180	5
5181	3
5182	6
5183	1
5184	0
5185	5
5186	1
5187	4
5188	3
5189	2
5190	9
5191	6
5192	8
5193	10
5194	3
5195	4
5196	3
5197	3
5198	4
5199	3
5200	9
5201	2
5202	1
5203	4
5204	1
5205	1
5206	4
5207	5
5208	1
5209	6
5210	1
5211	3
5212	6
5213	2
5214	6
5215	4
5216	2
5217	3
5218	1
5219	4
5220	5
5221	3
5222	1
5223	2
5224	2
5225	3
5226	4
5227	3
5228	3
5229	1
5230	1
5231	6
5232	1
5233	2
5234	2
5235	7
5236	3
5237	4
5238	6
5239	6
5240	3
5241	4
5242	4
5243	2
5244	4
5245	4
5246	0
5247	3
5248	3
5249	5
5250	3
5251	6
5252	3
5253	4
5254	0
5255	5
5256	6
5257	3
5258	3
5259	3
5260	3
5261	4
5262	2
5263	5
5264	7
5265	2
5266	2
5267	5
5268	7
5269	1
5270	5
5271	1
5272	2
5273	4
5274	6
5275	7
5276	3
5277	3
5278	3
5279	2
5280	6
5281	3
5282	2
5283	1
5284	3
5285	3
5286	3
5287	5
5288	4
5289	4
5290	3
5291	4
5292	2
5293	1
5294	7
5295	3
5296	6
5297	1
5298	5
5299	3
5300	3
5301	4
5302	1
5303	3
5304	5
5305	3
5306	3
5307	2
5308	3
5309	4
5310	3
5311	1
5312	5
5313	3
5314	3
5315	1
5316	4
5317	3
5318	6
5319	2
5320	7
5321	1
5322	2
5323	5
5324	3
5325	4
5326	3
5327	1
5328	3
5329	2
5330	3
5331	3
5332	7
5333	1
5334	0
5335	3
5336	5
5337	3
5338	2
5339	1
5340	1
5341	3
5342	5
5343	2
5344	2
5345	2
5346	6
5347	3
5348	3
5349	3
5350	6
5351	6
5352	4
5353	5
5354	4
5355	1
5356	4
5357	2
5358	4
5359	5
5360	5
5361	2
5362	6
5363	3
5364	3
5365	0
5366	1
5367	4
5368	4
5369	2
5370	2
5371	2
5372	6
5373	5
5374	1
5375	2
5376	4
5377	2
5378	1
5379	2
5380	2
5381	5
5382	3
5383	1
5384	5
5385	4
5386	3
5387	3
5388	3
5389	2
5390	1
5391	4
5392	7
5393	2
5394	3
5395	1
5396	1
5397	6
5398	4
5399	0
5400	6
5401	4
5402	3
5403	6
5404	1
5405	6
5406	4
5407	4
5408	3
5409	5
5410	7
5411	6
5412	5
5413	2
5414	4
5415	4
5416	8
5417	5
5418	4
5419	2
5420	3
5421	4
5422	5
5423	1
5424	2
5425	3
5426	4
5427	2
5428	8
5429	6
5430	6
5431	3
5432	2
5433	6
5434	4
5435	5
5436	1
5437	3
5438	4
5439	5
5440	2
5441	4
5442	4
5443	3
5444	1
5445	5
5446	3
5447	4
5448	1
5449	2
5450	7
5451	1
5452	2
5453	5
5454	2
5455	3
5456	0
5457	4
5458	2
5459	6
5460	3
5461	5
5462	2
5463	3
5464	3
5465	5
5466	3
5467	4
5468	2
5469	4
5470	2
5471	2
5472	3
5473	6
5474	2
5475	2
5476	7
5477	6
5478	3
5479	7
5480	2
5481	4
5482	2
5483	4
5484	3
5485	6
5486	5
5487	1
5488	7
5489	2
5490	4
5491	2
5492	5
5493	3
5494	1
5495	2
5496	2
5497	2
5498	6
5499	2
5500	3
5501	2
5502	1
5503	3
5504	2
5505	6
5506	8
5507	5
5508	5
5509	0
5510	3
5511	2
5512	5
5513	3
5514	2
5515	4
5516	0
5517	3
5518	3
5519	2
5520	3
5521	5
5522	4
5523	3
5524	3
5525	0
5526	3
5527	2
5528	6
5529	2
5530	2
5531	0
5532	5
5533	2
5534	4
5535	2
5536	5
5537	5
5538	3
5539	3
5540	2
5541	0
5542	3
5543	5
5544	5
5545	3
5546	6
5547	5
5548	2
5549	2
5550	7
5551	5
5552	3
5553	5
5554	5
5555	1
5556	7
5557	4
5558	0
5559	3
5560	5
5561	1
5562	3
5563	0
5564	3
5565	9
5566	3
5567	0
5568	2
5569	7
5570	3
5571	2
5572	5
5573	3
5574	1
5575	3
5576	0
5577	0
5578	0
5579	0
5580	4
5581	6
5582	3
5583	7
5584	2
5585	4
5586	3
5587	3
5588	6
5589	3
5590	5
5591	1
5592	5
5593	6
5594	3
5595	3
5596	2
5597	1
5598	3
5599	3
5600	3
5601	4
5602	1
5603	3
5604	6
5605	6
5606	2
5607	4
5608	1
5609	5
5610	3
5611	5
5612	3
5613	2
5614	7
5615	4
5616	3
5617	2
5618	4
5619	7
5620	4
5621	6
5622	1
5623	3
5624	2
5625	4
5626	6
5627	1
5628	2
5629	4
5630	1
5631	7
5632	3
5633	3
5634	1
5635	7
5636	2
5637	1
5638	5
5639	3
5640	5
5641	2
5642	4
5643	0
5644	3
5645	5
5646	4
5647	2
5648	2
5649	2
5650	2
5651	10
5652	4
5653	5
5654	5
5655	2
5656	7
5657	7
5658	3
5659	4
5660	3
5661	3
5662	7
5663	5
5664	1
5665	3
5666	2
5667	3
5668	3
5669	4
5670	4
5671	6
5672	5
5673	6
5674	3
5675	4
5676	6
5677	4
5678	6
5679	3
5680	5
5681	2
5682	2
5683	6
5684	2
5685	4
5686	5
5687	5
5688	1
5689	6
5690	4
5691	4
5692	5
5693	10
5694	4
5695	3
5696	2
5697	2
5698	8
5699	2
5700	6
5701	4
5702	5
5703	4
5704	4
5705	3
5706	4
5707	4
5708	5
5709	3
5710	5
5711	3
5712	2
5713	6
5714	1
5715	6
5716	1
5717	3
5718	1
5719	5
5720	5
5721	2
5722	2
5723	5
5724	2
5725	4
5726	1
5727	6
5728	6
5729	2
5730	3
5731	4
5732	0
5733	0
5734	4
5735	2
5736	3
5737	6
5738	5
5739	5
5740	4
5741	7
5742	5
5743	6
5744	2
5745	4
5746	1
5747	2
5748	0
5749	2
5750	3
5751	5
5752	2
5753	1
5754	1
5755	2
5756	2
5757	4
5758	6
5759	5
5760	3
5761	4
5762	7
5763	2
5764	5
5765	0
5766	6
5767	3
5768	4
5769	6
5770	2
5771	3
5772	3
5773	3
5774	5
5775	1
5776	4
5777	4
5778	1
5779	2
5780	3
5781	1
5782	2
5783	0
5784	3
5785	0
5786	3
5787	3
5788	4
5789	4
5790	6
5791	5
5792	3
5793	3
5794	4
5795	3
5796	3
5797	2
5798	2
5799	5
5800	0
5801	4
5802	7
5803	5
5804	2
5805	3
5806	7
5807	4
5808	3
5809	6
5810	1
5811	2
5812	5
5813	1
5814	3
5815	3
5816	6
5817	4
5818	2
5819	2
5820	3
5821	6
5822	2
5823	7
5824	2
5825	3
5826	6
5827	6
5828	5
5829	5
5830	3
5831	1
5832	6
5833	2
5834	2
5835	5
5836	4
5837	2
5838	1
5839	5
5840	3
5841	5
5842	2
5843	3
5844	4
5845	2
5846	3
5847	5
5848	4
5849	7
5850	2
5851	4
5852	4
5853	1
5854	5
5855	5
5856	4
5857	2
5858	1
5859	0
5860	6
5861	0
5862	4
5863	2
5864	3
5865	8
5866	7
5867	2
5868	1
5869	2
5870	3
5871	3
5872	3
5873	2
5874	5
5875	6
5876	2
5877	7
5878	3
5879	5
5880	3
5881	1
5882	4
5883	3
5884	5
5885	2
5886	3
5887	5
5888	4
5889	2
5890	5
5891	6
5892	5
5893	0
5894	4
5895	5
5896	1
5897	1
5898	1
5899	1
5900	5
5901	3
5902	1
5903	1
5904	2
5905	1
5906	3
5907	5
5908	1
5909	2
5910	2
5911	1
5912	5
5913	5
5914	4
5915	2
5916	4
5917	4
5918	3
5919	6
5920	3
5921	3
5922	2
5923	2
5924	3
5925	4
5926	5
5927	1
5928	2
5929	3
5930	2
5931	1
5932	8
5933	3
5934	5
5935	4
5936	5
5937	6
5938	4
5939	6
5940	3
5941	3
5942	0
5943	3
5944	1
5945	3
5946	2
5947	2
5948	4
5949	1
5950	4
5951	3
5952	6
5953	3
5954	3
5955	2
5956	1
5957	4
5958	2
5959	3
5960	2
5961	3
5962	2
5963	2
5964	5
5965	4
5966	2
5967	6
5968	7
5969	3
5970	3
5971	4
5972	4
5973	6
5974	4
5975	2
5976	3
5977	3
5978	4
5979	3
5980	2
5981	3
5982	4
5983	1
5984	4
5985	1
5986	4
5987	6
5988	3
5989	2
5990	4
5991	2
5992	4
5993	1
5994	7
5995	3
5996	3
5997	3
5998	5
5999	0
6000	1
6001	2
6002	3
6003	4
6004	1
6005	3
6006	1
6007	6
6008	4
6009	6
6010	7
6011	2
6012	3
6013	9
6014	1
6015	0
6016	6
6017	6
6018	4
6019	5
6020	5
6021	3
6022	3
6023	5
6024	1
6025	5
6026	0
6027	5
6028	6
6029	2
6030	3
6031	2
6032	8
6033	6
6034	3
6035	5
6036	5
6037	3
6038	2
6039	4
6040	4
6041	3
6042	4
6043	1
6044	4
6045	3
6046	2
6047	3
6048	2
6049	1
6050	3
6051	3
6052	1
6053	3
6054	3
6055	1
6056	5
6057	3
6058	6
6059	4
6060	2
6061	3
6062	2
6063	1
6064	6
6065	0
6066	2
6067	2
6068	1
6069	3
6070	3
6071	3
6072	4
6073	5
6074	1
6075	7
6076	5
6077	4
6078	4
6079	6
6080	2
6081	5
6082	2
6083	4
6084	1
6085	2
6086	4
6087	1
6088	2
6089	2
6090	2
6091	3
6092	2
6093	2
6094	4
6095	3
6096	3
6097	5
6098	2
6099	2
6100	4
6101	4
6102	4
6103	4
6104	1
6105	5
6106	2
6107	1
6108	8
6109	5
6110	5
6111	1
6112	4
6113	2
6114	2
6115	2
6116	5
6117	4
6118	3
6119	3
6120	3
6121	2
6122	2
6123	6
6124	3
6125	2
6126	5
6127	3
6128	2
6129	1
6130	0
6131	9
6132	6
6133	4
6134	3
6135	5
6136	6
6137	0
6138	5
6139	2
6140	4
6141	2
6142	3
6143	1
6144	5
6145	1
6146	2
6147	4
6148	3
6149	2
6150	1
6151	4
6152	2
6153	3
6154	1
6155	1
6156	2
6157	1
6158	1
6159	5
6160	3
6161	1
6162	1
6163	2
6164	4
6165	4
6166	4
6167	1
6168	3
6169	4
6170	3
6171	4
6172	4
6173	3
6174	1
6175	5
6176	5
6177	3
6178	5
6179	4
6180	4
6181	5
6182	4
6183	3
6184	7
6185	2
6186	3
6187	3
6188	5
6189	6
6190	9
6191	6
6192	4
6193	2
6194	2
6195	2
6196	5
6197	4
6198	3
6199	4
6200	2
6201	6
6202	2
6203	5
6204	4
6205	5
6206	4
6207	5
6208	6
6209	4
6210	2
6211	3
6212	1
6213	5
6214	1
6215	5
6216	5
6217	2
6218	3
6219	3
6220	3
6221	3
6222	1
6223	4
6224	3
6225	2
6226	0
6227	3
6228	3
6229	6
6230	6
6231	4
6232	6
6233	3
6234	4
6235	3
6236	1
6237	4
6238	6
6239	7
6240	1
6241	5
6242	2
6243	1
6244	7
6245	3
6246	7
6247	1
6248	4
6249	3
6250	1
6251	1
6252	4
6253	0
6254	2
6255	4
6256	1
6257	1
6258	7
6259	1
6260	3
6261	0
6262	1
6263	6
6264	3
6265	1
6266	4
6267	4
6268	2
6269	5
6270	2
6271	2
6272	2
6273	2
6274	4
6275	2
6276	2
6277	2
6278	0
6279	1
6280	3
6281	1
6282	1
6283	5
6284	3
6285	2
6286	2
6287	1
6288	4
6289	1
6290	1
6291	2
6292	2
6293	3
6294	2
6295	4
6296	3
6297	0
6298	5
6299	0
6300	1
6301	3
6302	0
6303	4
6304	3
6305	5
6306	5
6307	2
6308	4
6309	5
6310	2
6311	5
6312	3
6313	3
6314	4
6315	2
6316	5
6317	3
6318	2
6319	6
6320	3
6321	0
6322	4
6323	5
6324	4
6325	4
6326	2
6327	2
6328	3
6329	3
6330	5
6331	1
6332	2
6333	4
6334	6
6335	6
6336	1
6337	5
6338	2
6339	2
6340	3
6341	2
6342	1
6343	7
6344	4
6345	4
6346	0
6347	5
6348	4
6349	2
6350	3
6351	0
6352	3
6353	1
6354	3
6355	4
6356	6
6357	4
6358	2
6359	3
6360	6
6361	2
6362	5
6363	4
6364	6
6365	5
6366	4
6367	4
6368	3
6369	4
6370	4
6371	5
6372	3
6373	3
6374	0
6375	0
6376	1
6377	1
6378	6
6379	3
6380	4
6381	2
6382	3
6383	4
6384	0
6385	6
6386	3
6387	4
6388	6
6389	4
6390	1
6391	4
6392	3
6393	1
6394	2
6395	3
6396	5
6397	3
6398	4
6399	4
6400	4
6401	5
6402	2
6403	2
6404	5
6405	2
6406	6
6407	4
6408	2
6409	2
6410	8
6411	4
6412	5
6413	4
6414	4
6415	7
6416	5
6417	5
6418	3
6419	4
6420	4
6421	3
6422	5
6423	4
6424	4
6425	2
6426	2
6427	3
6428	2
6429	5
6430	8
6431	4
6432	4
6433	4
6434	3
6435	0
6436	2
6437	4
6438	1
6439	5
6440	8
6441	2
6442	5
6443	2
6444	3
6445	2
6446	4
6447	2
6448	1
6449	2
6450	4
6451	5
6452	3
6453	3
6454	1
6455	5
6456	1
6457	1
6458	1
6459	3
6460	2
6461	3
6462	3
6463	2
6464	1
6465	0
6466	6
6467	3
6468	2
6469	4
6470	5
6471	3
6472	2
6473	9
6474	4
6475	4
6476	0
6477	2
6478	2
6479	2
6480	4
6481	4
6482	2
6483	2
6484	2
6485	3
6486	1
6487	3
6488	2
6489	3
6490	5
6491	2
6492	2
6493	4
6494	1
6495	2
6496	3
6497	4
6498	1
6499	3
6500	9
6501	3
6502	2
6503	1
6504	6
6505	8
6506	5
6507	2
6508	2
6509	3
6510	2
6511	2
6512	5
6513	3
6514	5
6515	4
6516	6
6517	3
6518	4
6519	2
6520	5
6521	0
6522	2
6523	3
6524	3
6525	4
6526	6
6527	4
6528	3
6529	3
6530	2
6531	1
6532	2
6533	2
6534	2
6535	4
6536	6
6537	3
6538	3
6539	5
6540	2
6541	6
6542	4
6543	2
6544	2
6545	4
6546	5
6547	4
6548	1
6549	0
6550	2
6551	3
6552	3
6553	3
6554	6
6555	4
6556	4
6557	3
6558	5
6559	0
6560	2
6561	3
6562	4
6563	3
6564	2
6565	2
6566	3
6567	4
6568	5
6569	7
6570	1
6571	0
6572	4
6573	4
6574	3
6575	4
6576	3
6577	2
6578	2
6579	4
6580	3
6581	1
6582	2
6583	1
6584	2
6585	3
6586	4
6587	2
6588	2
6589	3
6590	8
6591	2
6592	2
6593	2
6594	2
6595	1
6596	4
6597	2
6598	3
6599	2
6600	3
6601	2
6602	3
6603	1
6604	4
6605	2
6606	0
6607	1
6608	7
6609	2
6610	1
6611	1
6612	5
6613	3
6614	2
6615	5
6616	3
6617	0
6618	3
6619	3
6620	4
6621	2
6622	4
6623	1
6624	2
6625	3
6626	1
6627	1
6628	8
6629	2
6630	4
6631	3
6632	2
6633	7
6634	4
6635	2
6636	5
6637	3
6638	3
6639	1
6640	2
6641	2
6642	4
6643	3
6644	6
6645	4
6646	1
6647	2
6648	1
6649	2
6650	5
6651	1
6652	3
6653	1
6654	1
6655	4
6656	5
6657	4
6658	3
6659	5
6660	2
6661	4
6662	3
6663	2
6664	4
6665	4
6666	1
6667	4
6668	2
6669	2
6670	3
6671	3
6672	2
6673	1
6674	6
6675	6
6676	2
6677	5
6678	5
6679	3
6680	2
6681	6
6682	3
6683	2
6684	2
6685	6
6686	5
6687	2
6688	1
6689	0
6690	2
6691	3
6692	5
6693	2
6694	2
6695	4
6696	2
6697	5
6698	5
6699	1
6700	4
6701	4
6702	1
6703	3
6704	2
6705	4
6706	3
6707	0
6708	7
6709	3
6710	4
6711	1
6712	6
6713	2
6714	5
6715	2
6716	3
6717	4
6718	5
6719	3
6720	3
6721	0
6722	2
6723	3
6724	4
6725	5
6726	3
6727	1
6728	1
6729	6
6730	6
6731	3
6732	1
6733	1
6734	2
6735	1
6736	3
6737	2
6738	4
6739	2
6740	3
6741	2
6742	1
6743	3
6744	6
6745	0
6746	4
6747	2
6748	3
6749	3
6750	6
6751	3
6752	2
6753	5
6754	3
6755	1
6756	2
6757	2
6758	2
6759	2
6760	3
6761	1
6762	2
6763	2
6764	4
6765	5
6766	3
6767	2
6768	3
6769	3
6770	5
6771	3
6772	2
6773	2
6774	1
6775	3
6776	1
6777	5
6778	2
6779	2
6780	2
6781	5
6782	2
6783	2
6784	4
6785	1
6786	1
6787	3
6788	2
6789	1
6790	2
6791	1
6792	4
6793	2
6794	5
6795	3
6796	3
6797	4
6798	7
6799	2
6800	2
6801	1
6802	3
6803	3
6804	1
6805	1
6806	2
6807	4
6808	3
6809	2
6810	1
6811	5
6812	1
6813	2
6814	0
6815	4
6816	1
6817	3
6818	6
6819	2
6820	4
6821	1
6822	0
6823	3
6824	3
6825	3
6826	3
6827	3
6828	1
6829	3
6830	3
6831	2
6832	3
6833	2
6834	8
6835	4
6836	5
6837	2
6838	4
6839	5
6840	3
6841	2
6842	5
6843	1
6844	1
6845	3
6846	5
6847	2
6848	2
6849	3
6850	4
6851	4
6852	5
6853	1
6854	7
6855	2
6856	1
6857	1
6858	0
6859	3
6860	5
6861	5
6862	2
6863	4
6864	0
6865	4
6866	3
6867	3
6868	1
6869	2
6870	2
6871	3
6872	3
6873	3
6874	2
6875	1
6876	3
6877	2
6878	2
6879	6
6880	1
6881	3
6882	0
6883	3
6884	6
6885	1
6886	4
6887	2
6888	4
6889	6
6890	1
6891	1
6892	1
6893	1
6894	1
6895	2
6896	4
6897	2
6898	3
6899	3
6900	4
6901	1
6902	6
6903	6
6904	2
6905	5
6906	2
6907	1
6908	2
6909	4
6910	1
6911	5
6912	4
6913	1
6914	1
6915	2
6916	2
6917	2
6918	3
6919	1
6920	3
6921	2
6922	2
6923	3
6924	2
6925	2
6926	4
6927	2
6928	1
6929	3
6930	0
6931	4
6932	3
6933	2
6934	0
6935	1
6936	1
6937	2
6938	1
6939	4
6940	3
6941	5
6942	3
6943	3
6944	5
6945	1
6946	0
6947	0
6948	4
6949	2
6950	2
6951	0
6952	4
6953	4
6954	3
6955	0
6956	2
6957	5
6958	3
6959	2
6960	1
6961	3
6962	0
6963	2
6964	3
6965	1
6966	1
6967	1
6968	2
6969	5
6970	3
6971	2
6972	5
6973	1
6974	2
6975	4
6976	1
6977	2
6978	2
6979	6
6980	2
6981	6
6982	2
6983	2
6984	4
6985	5
6986	5
6987	5
6988	2
6989	1
6990	0
6991	4
6992	4
6993	2
6994	2
6995	2
6996	3
6997	4
6998	3
6999	1
7000	5
7001	2
7002	2
7003	3
7004	2
7005	0
7006	1
7007	3
7008	8
7009	1
7010	1
7011	1
7012	3
7013	2
7014	4
7015	5
7016	4
7017	3
7018	1
7019	2
7020	1
7021	2
7022	3
7023	4
7024	3
7025	2
7026	2
7027	3
7028	6
7029	1
7030	3
7031	3
7032	0
7033	2
7034	1
7035	2
7036	3
7037	1
7038	5
7039	1
7040	2
7041	3
7042	2
7043	2
7044	3
7045	3
7046	3
7047	3
7048	3
7049	2
7050	3
7051	2
7052	3
7053	4
7054	1
7055	5
7056	4
7057	3
7058	2
7059	3
7060	0
7061	5
7062	3
7063	2
7064	4
7065	1
7066	3
7067	0
7068	6
7069	3
7070	2
7071	2
7072	2
7073	5
7074	2
7075	6
7076	6
7077	2
7078	4
7079	0
7080	3
7081	2
7082	2
7083	5
7084	2
7085	1
7086	2
7087	4
7088	1
7089	0
7090	1
7091	3
7092	4
7093	3
7094	2
7095	2
7096	0
7097	1
7098	2
7099	2
7100	3
7101	1
7102	2
7103	2
7104	3
7105	2
7106	3
7107	3
7108	0
7109	4
7110	2
7111	2
7112	2
7113	1
7114	2
7115	3
7116	6
7117	2
7118	2
7119	4
7120	4
7121	6
7122	2
7123	2
7124	2
7125	5
7126	0
7127	3
7128	0
7129	2
7130	3
7131	8
7132	4
7133	1
7134	4
7135	1
7136	4
7137	3
7138	0
7139	2
7140	1
7141	4
7142	0
7143	6
7144	4
7145	0
7146	4
7147	1
7148	2
7149	2
7150	1
7151	2
7152	2
7153	4
7154	3
7155	4
7156	2
7157	1
7158	3
7159	1
7160	1
7161	7
7162	2
7163	4
7164	3
7165	2
7166	1
7167	9
7168	0
7169	2
7170	6
7171	3
7172	2
7173	3
7174	1
7175	3
7176	3
7177	1
7178	5
7179	4
7180	1
7181	5
7182	3
7183	4
7184	0
7185	3
7186	1
7187	3
7188	2
7189	2
7190	3
7191	5
7192	3
7193	2
7194	5
7195	2
7196	1
7197	2
7198	3
7199	1
7200	2
7201	1
7202	2
7203	3
7204	0
7205	2
7206	2
7207	3
7208	1
7209	3
7210	5
7211	3
7212	1
7213	1
7214	0
7215	1
7216	2
7217	3
7218	0
7219	1
7220	0
7221	1
7222	1
7223	2
7224	1
7225	1
7226	4
7227	2
7228	3
7229	0
7230	4
7231	5
7232	2
7233	3
7234	1
7235	1
7236	2
7237	1
7238	4
7239	5
7240	2
7241	1
7242	2
7243	3
7244	1
7245	0
7246	1
7247	2
7248	2
7249	3
7250	2
7251	3
7252	2
7253	6
7254	0
7255	5
7256	3
7257	4
7258	3
7259	2
7260	0
7261	3
7262	3
7263	1
7264	0
7265	2
7266	2
7267	4
7268	1
7269	3
7270	7
7271	3
7272	0
7273	3
7274	2
7275	1
7276	6
7277	2
7278	4
7279	4
7280	1
7281	2
7282	1
7283	1
7284	6
7285	0
7286	3
7287	1
7288	3
7289	1
7290	4
7291	4
7292	2
7293	5
7294	0
7295	3
7296	0
7297	3
7298	1
7299	2
7300	0
7301	4
7302	4
7303	4
7304	2
7305	1
7306	3
7307	1
7308	5
7309	2
7310	3
7311	3
7312	1
7313	2
7314	1
7315	1
7316	1
7317	3
7318	1
7319	2
7320	3
7321	2
7322	3
7323	1
7324	1
7325	3
7326	1
7327	3
7328	2
7329	1
7330	2
7331	2
7332	3
7333	0
7334	1
7335	1
7336	2
7337	2
7338	2
7339	4
7340	2
7341	1
7342	5
7343	1
7344	3
7345	5
7346	2
7347	2
7348	1
7349	4
7350	0
7351	0
7352	1
7353	4
7354	1
7355	2
7356	3
7357	2
7358	1
7359	7
7360	1
7361	0
7362	4
7363	0
7364	0
7365	2
7366	3
7367	5
7368	3
7369	1
7370	2
7371	1
7372	1
7373	0
7374	0
7375	1
7376	2
7377	2
7378	2
7379	2
7380	1
7381	8
7382	3
7383	5
7384	2
7385	0
7386	2
7387	1
7388	1
7389	2
7390	2
7391	1
7392	2
7393	4
7394	0
7395	1
7396	4
7397	4
7398	1
7399	2
7400	1
7401	2
7402	1
7403	1
7404	1
7405	2
7406	2
7407	2
7408	2
7409	1
7410	0
7411	0
7412	1
7413	1
7414	2
7415	2
7416	4
7417	0
7418	2
7419	1
7420	2
7421	1
7422	0
7423	2
7424	3
7425	2
7426	4
7427	1
7428	2
7429	1
7430	2
7431	3
7432	4
7433	2
7434	2
7435	1
7436	3
7437	1
7438	3
7439	0
7440	0
7441	2
7442	1
7443	2
7444	2
7445	4
7446	1
7447	3
7448	0
7449	2
7450	2
7451	6
7452	0
7453	0
7454	0
7455	3
7456	1
7457	5
7458	3
7459	4
7460	3
7461	1
7462	1
7463	2
7464	1
7465	2
7466	3
7467	2
7468	3
7469	3
7470	0
7471	4
7472	2
7473	3
7474	4
7475	1
7476	1
7477	3
7478	3
7479	0
7480	2
7481	0
7482	0
7483	1
7484	5
7485	4
7486	1
7487	3
7488	0
7489	4
7490	2
7491	2
7492	2
7493	4
7494	2
7495	2
7496	1
7497	4
7498	3
7499	1
7500	3
7501	4
7502	2
7503	0
7504	3
7505	2
7506	1
7507	3
7508	3
7509	2
7510	0
7511	1
7512	0
7513	0
7514	2
7515	3
7516	0
7517	1
7518	0
7519	4
7520	3
7521	3
7522	1
7523	2
7524	1
7525	2
7526	1
7527	3
7528	4
7529	1
7530	3
7531	2
7532	3
7533	3
7534	3
7535	2
7536	4
7537	1
7538	1
7539	2
7540	2
7541	1
7542	2
7543	1
7544	3
7545	3
7546	2
7547	3
7548	2
7549	2
7550	2
7551	3
7552	3
7553	2
7554	3
7555	4
7556	2
7557	4
7558	3
7559	0
7560	3
7561	1
7562	3
7563	0
7564	0
7565	0
7566	4
7567	3
7568	2
7569	5
7570	5
7571	1
7572	2
7573	2
7574	3
7575	3
7576	1
7577	2
7578	2
7579	4
7580	3
7581	4
7582	4
7583	1
7584	1
7585	3
7586	3
7587	3
7588	3
7589	3
7590	2
7591	4
7592	1
7593	2
7594	2
7595	5
7596	5
7597	1
7598	4
7599	2
7600	2
7601	2
7602	5
7603	2
7604	5
7605	5
7606	5
7607	1
7608	1
7609	1
7610	1
7611	0
7612	3
7613	2
7614	2
7615	2
7616	1
7617	8
7618	1
7619	2
7620	3
7621	1
7622	4
7623	1
7624	1
7625	3
7626	5
7627	3
7628	3
7629	2
7630	2
7631	0
7632	2
7633	3
7634	1
7635	3
7636	3
7637	1
7638	0
7639	1
7640	4
7641	1
7642	2
7643	3
7644	2
7645	1
7646	2
7647	3
7648	2
7649	2
7650	1
7651	2
7652	4
7653	1
7654	3
7655	3
7656	2
7657	2
7658	3
7659	6
7660	4
7661	1
7662	1
7663	2
7664	3
7665	1
7666	4
7667	3
7668	1
7669	3
7670	2
7671	3
7672	2
7673	3
7674	1
7675	2
7676	0
7677	1
7678	1
7679	1
7680	4
7681	0
7682	3
7683	3
7684	4
7685	4
7686	1
7687	0
7688	5
7689	3
7690	2
7691	4
7692	2
7693	1
7694	3
7695	5
7696	3
7697	2
7698	3
7699	4
7700	2
7701	3
7702	1
7703	1
7704	3
7705	2
7706	1
7707	4
7708	5
7709	3
7710	0
7711	3
7712	2
7713	4
7714	2
7715	5
7716	3
7717	2
7718	3
7719	1
7720	4
7721	1
7722	0
7723	1
7724	3
7725	2
7726	3
7727	2
7728	2
7729	3
7730	2
7731	3
7732	5
7733	1
7734	2
7735	3
7736	3
7737	1
7738	2
7739	0
7740	1
7741	0
7742	1
7743	2
7744	2
7745	0
7746	3
7747	1
7748	2
7749	0
7750	5
7751	4
7752	3
7753	2
7754	1
7755	1
7756	2
7757	3
7758	3
7759	3
7760	10
7761	6
7762	0
7763	1
7764	2
7765	3
7766	1
7767	3
7768	3
7769	4
7770	1
7771	2
7772	1
7773	1
7774	1
7775	2
7776	4
7777	3
7778	1
7779	4
7780	5
7781	3
7782	3
7783	4
7784	1
7785	3
7786	3
7787	1
7788	0
7789	2
7790	1
7791	1
7792	4
7793	4
7794	7
7795	5
7796	1
7797	3
7798	3
7799	3
7800	3
7801	5
7802	2
7803	2
7804	1
7805	3
7806	2
7807	1
7808	3
7809	3
7810	1
7811	3
7812	5
7813	4
7814	0
7815	5
7816	7
7817	4
7818	3
7819	3
7820	6
7821	3
7822	6
7823	2
7824	1
7825	2
7826	2
7827	2
7828	2
7829	5
7830	4
7831	3
7832	3
7833	1
7834	1
7835	2
7836	3
7837	1
7838	5
7839	3
7840	3
7841	3
7842	2
7843	2
7844	2
7845	2
7846	4
7847	4
7848	2
7849	1
7850	4
7851	3
7852	2
7853	2
7854	5
7855	4
7856	3
7857	2
7858	5
7859	2
7860	4
7861	6
7862	3
7863	0
7864	2
7865	2
7866	2
7867	1
7868	1
7869	2
7870	2
7871	3
7872	2
7873	1
7874	1
7875	3
7876	5
7877	3
7878	2
7879	5
7880	3
7881	3
7882	1
7883	6
7884	5
7885	6
7886	1
7887	3
7888	6
7889	1
7890	1
7891	4
7892	4
7893	2
7894	4
7895	3
7896	3
7897	0
7898	5
7899	3
7900	6
7901	3
7902	2
7903	2
7904	3
7905	4
7906	6
7907	2
7908	5
7909	6
7910	2
7911	3
7912	2
7913	2
7914	0
7915	2
7916	2
7917	7
7918	6
7919	2
7920	3
7921	3
7922	3
7923	1
7924	10
7925	1
7926	1
7927	1
7928	2
7929	3
7930	1
7931	3
7932	2
7933	6
7934	3
7935	1
7936	2
7937	1
7938	3
7939	3
7940	2
7941	3
7942	6
7943	6
7944	3
7945	0
7946	3
7947	2
7948	1
7949	4
7950	6
7951	2
7952	1
7953	4
7954	3
7955	3
7956	1
7957	1
7958	5
7959	2
7960	3
7961	4
7962	2
7963	5
7964	1
7965	3
7966	1
7967	4
7968	2
7969	2
7970	0
7971	3
7972	1
7973	2
7974	3
7975	1
7976	3
7977	3
7978	1
7979	1
7980	5
7981	5
7982	3
7983	4
7984	4
7985	3
7986	5
7987	0
7988	1
7989	1
7990	2
7991	0
7992	4
7993	7
7994	3
7995	3
7996	3
7997	0
7998	3
7999	3
8000	9
8001	7
8002	4
8003	3
8004	1
8005	3
8006	2
8007	2
8008	3
8009	1
8010	2
8011	3
8012	2
8013	2
8014	3
8015	2
8016	1
8017	3
8018	4
8019	4
8020	2
8021	3
8022	1
8023	3
8024	4
8025	3
8026	3
8027	6
8028	6
8029	2
8030	3
8031	0
8032	0
8033	3
8034	2
8035	5
8036	4
8037	2
8038	5
8039	1
8040	6
8041	4
8042	3
8043	5
8044	5
8045	3
8046	3
8047	1
8048	3
8049	1
8050	3
8051	2
8052	4
8053	2
8054	1
8055	2
8056	2
8057	1
8058	4
8059	2
8060	0
8061	5
8062	2
8063	3
8064	5
8065	1
8066	2
8067	2
8068	2
8069	2
8070	6
8071	1
8072	5
8073	2
8074	1
8075	2
8076	4
8077	1
8078	2
8079	2
8080	3
8081	0
8082	1
8083	1
8084	3
8085	4
8086	3
8087	5
8088	0
8089	2
8090	1
8091	0
8092	5
8093	0
8094	1
8095	2
8096	3
8097	2
8098	1
8099	4
8100	0
8101	3
8102	4
8103	4
8104	1
8105	2
8106	4
8107	2
8108	5
8109	3
8110	1
8111	2
8112	4
8113	1
8114	2
8115	2
8116	3
8117	4
8118	1
8119	5
8120	2
8121	2
8122	4
8123	6
8124	2
8125	2
8126	5
8127	3
8128	3
8129	2
8130	3
8131	1
8132	1
8133	1
8134	1
8135	3
8136	3
8137	4
8138	3
8139	1
8140	2
8141	2
8142	3
8143	6
8144	4
8145	1
8146	2
8147	4
8148	4
8149	5
8150	4
8151	4
8152	4
8153	1
8154	7
8155	1
8156	2
8157	1
8158	2
8159	1
8160	4
8161	7
8162	2
8163	2
8164	5
8165	1
8166	4
8167	1
8168	2
8169	2
8170	1
8171	2
8172	1
8173	3
8174	1
8175	5
8176	4
8177	3
8178	6
8179	1
8180	0
8181	4
8182	2
8183	3
8184	4
8185	1
8186	2
8187	1
8188	3
8189	1
8190	2
8191	2
8192	2
8193	6
8194	1
8195	3
8196	1
8197	2
8198	0
8199	2
8200	0
8201	1
8202	1
8203	4
8204	2
8205	3
8206	3
8207	3
8208	2
8209	0
8210	4
8211	2
8212	1
8213	1
8214	5
8215	2
8216	1
8217	1
8218	2
8219	4
8220	0
8221	3
8222	4
8223	1
8224	2
8225	1
8226	3
8227	0
8228	3
8229	1
8230	4
8231	5
8232	1
8233	4
8234	0
8235	1
8236	5
8237	3
8238	0
8239	5
8240	2
8241	4
8242	1
8243	1
8244	2
8245	4
8246	3
8247	1
8248	1
8249	1
8250	1
8251	0
8252	1
8253	2
8254	3
8255	1
8256	2
8257	0
8258	2
8259	1
8260	2
8261	5
8262	2
8263	1
8264	7
8265	1
8266	2
8267	1
8268	5
8269	2
8270	4
8271	4
8272	2
8273	6
8274	2
8275	1
8276	4
8277	3
8278	0
8279	2
8280	3
8281	5
8282	4
8283	2
8284	7
8285	2
8286	2
8287	4
8288	5
8289	3
8290	0
8291	0
8292	4
8293	3
8294	1
8295	3
8296	3
8297	3
8298	0
8299	3
8300	1
8301	3
8302	0
8303	0
8304	7
8305	1
8306	4
8307	1
8308	2
8309	6
8310	6
8311	2
8312	0
8313	3
8314	4
8315	7
8316	2
8317	6
8318	1
8319	3
8320	2
8321	2
8322	1
8323	4
8324	4
8325	1
8326	1
8327	3
8328	2
8329	7
8330	0
8331	5
8332	8
8333	2
8334	1
8335	2
8336	3
8337	3
8338	0
8339	1
8340	2
8341	2
8342	2
8343	2
8344	1
8345	0
8346	2
8347	2
8348	2
8349	3
8350	3
8351	2
8352	4
8353	6
8354	4
8355	2
8356	1
8357	2
8358	1
8359	5
8360	1
8361	2
8362	2
8363	3
8364	1
8365	7
8366	2
8367	2
8368	0
8369	0
8370	3
8371	4
8372	5
8373	1
8374	3
8375	4
8376	1
8377	0
8378	1
8379	8
8380	3
8381	1
8382	6
8383	2
8384	2
8385	1
8386	3
8387	6
8388	3
8389	1
8390	3
8391	0
8392	9
8393	2
8394	1
8395	4
8396	2
8397	2
8398	1
8399	1
8400	3
8401	2
8402	2
8403	0
8404	0
8405	4
8406	3
8407	1
8408	4
8409	2
8410	5
8411	2
8412	0
8413	0
8414	4
8415	2
8416	2
8417	3
8418	1
8419	2
8420	1
8421	3
8422	1
8423	4
8424	4
8425	2
8426	1
8427	0
8428	0
8429	0
8430	1
8431	3
8432	2
8433	2
8434	0
8435	2
8436	3
8437	6
8438	3
8439	4
8440	2
8441	5
8442	3
8443	2
8444	3
8445	1
8446	3
8447	2
8448	2
8449	4
8450	3
8451	4
8452	3
8453	2
8454	3
8455	4
8456	2
8457	1
8458	0
8459	1
8460	3
8461	0
8462	5
8463	1
8464	6
8465	5
8466	4
8467	2
8468	3
8469	2
8470	5
8471	3
8472	0
8473	0
8474	4
8475	0
8476	2
8477	3
8478	0
8479	4
8480	2
8481	1
8482	3
8483	3
8484	2
8485	3
8486	3
8487	2
8488	1
8489	1
8490	0
8491	2
8492	1
8493	1
8494	2
8495	0
8496	0
8497	4
8498	1
8499	2
8500	2
8501	0
8502	0
8503	1
8504	2
8505	2
8506	2
8507	2
8508	0
8509	4
8510	1
8511	2
8512	3
8513	1
8514	4
8515	1
8516	1
8517	0
8518	1
8519	5
8520	1
8521	0
8522	1
8523	1
8524	2
8525	3
8526	7
8527	1
8528	2
8529	6
8530	4
8531	2
8532	1
8533	0
8534	5
8535	3
8536	1
8537	4
8538	3
8539	0
8540	2
8541	4
8542	2
8543	5
8544	2
8545	5
8546	4
8547	1
8548	2
8549	1
8550	1
8551	2
8552	0
8553	2
8554	1
8555	1
8556	3
8557	4
8558	1
8559	2
8560	1
8561	0
8562	5
8563	3
8564	3
8565	5
8566	1
8567	2
8568	1
8569	1
8570	0
8571	2
8572	3
8573	3
8574	5
8575	3
8576	3
8577	2
8578	2
8579	1
8580	2
8581	3
8582	4
8583	2
8584	0
8585	2
8586	1
8587	1
8588	4
8589	4
8590	1
8591	0
8592	1
8593	1
8594	3
8595	3
8596	3
8597	2
8598	0
8599	1
8600	1
8601	2
8602	0
8603	3
8604	3
8605	3
8606	2
8607	8
8608	0
8609	1
8610	3
8611	1
8612	1
8613	2
8614	2
8615	2
8616	4
8617	2
8618	2
8619	2
8620	4
8621	4
8622	2
8623	3
8624	2
8625	1
8626	1
8627	4
8628	3
8629	1
8630	3
8631	2
8632	0
8633	1
8634	3
8635	0
8636	1
8637	0
8638	1
8639	0
8640	1
8641	2
8642	3
8643	3
8644	0
8645	1
8646	0
8647	3
8648	3
8649	3
8650	5
8651	2
8652	0
8653	2
8654	1
8655	6
8656	1
8657	4
8658	4
8659	2
8660	3
8661	3
8662	5
8663	2
8664	4
8665	3
8666	3
8667	5
8668	0
8669	5
8670	1
8671	3
8672	6
8673	1
8674	1
8675	2
8676	5
8677	2
8678	1
8679	3
8680	3
8681	3
8682	1
8683	2
8684	3
8685	2
8686	4
8687	3
8688	2
8689	2
8690	1
8691	4
8692	3
8693	6
8694	1
8695	4
8696	2
8697	1
8698	6
8699	4
8700	0
8701	1
8702	4
8703	1
8704	0
8705	1
8706	2
8707	1
8708	4
8709	3
8710	4
8711	2
8712	6
8713	1
8714	3
8715	1
8716	3
8717	4
8718	3
8719	3
8720	2
8721	0
8722	3
8723	2
8724	3
8725	1
8726	3
8727	3
8728	4
8729	2
8730	8
8731	4
8732	4
8733	1
8734	1
8735	3
8736	3
8737	5
8738	3
8739	3
8740	3
8741	1
8742	4
8743	5
8744	1
8745	7
8746	4
8747	2
8748	3
8749	3
8750	4
8751	4
8752	3
8753	5
8754	3
8755	4
8756	1
8757	2
8758	2
8759	3
8760	4
8761	2
8762	1
8763	1
8764	3
8765	4
8766	7
8767	2
8768	3
8769	1
8770	3
8771	6
8772	4
8773	7
8774	7
8775	3
8776	2
8777	4
8778	5
8779	3
8780	4
8781	2
8782	6
8783	3
8784	6
8785	4
8786	5
8787	4
8788	4
8789	5
8790	1
8791	2
8792	1
8793	5
8794	4
8795	2
8796	3
8797	2
8798	5
8799	2
8800	2
8801	4
8802	2
8803	2
8804	5
8805	5
8806	0
8807	0
8808	2
8809	2
8810	4
8811	3
8812	4
8813	1
8814	3
8815	5
8816	4
8817	4
8818	2
8819	3
8820	2
8821	0
8822	0
8823	3
8824	3
8825	2
8826	4
8827	2
8828	4
8829	1
8830	3
8831	0
8832	5
8833	4
8834	6
8835	5
8836	1
8837	6
8838	2
8839	2
8840	3
8841	1
8842	6
8843	3
8844	6
8845	1
8846	7
8847	5
8848	3
8849	4
8850	3
8851	3
8852	4
8853	1
8854	6
8855	3
8856	3
8857	4
8858	5
8859	2
8860	2
8861	1
8862	8
8863	3
8864	4
8865	1
8866	3
8867	5
8868	3
8869	3
8870	2
8871	3
8872	2
8873	5
8874	3
8875	1
8876	8
8877	1
8878	7
8879	3
8880	4
8881	4
8882	5
8883	4
8884	3
8885	5
8886	8
8887	2
8888	7
8889	3
8890	3
8891	4
8892	5
8893	4
8894	5
8895	2
8896	2
8897	4
8898	2
8899	2
8900	3
8901	4
8902	2
8903	0
8904	5
8905	5
8906	4
8907	4
8908	7
8909	5
8910	9
8911	3
8912	0
8913	3
8914	1
8915	1
8916	1
8917	8
8918	7
8919	3
8920	2
8921	1
8922	2
8923	5
8924	1
8925	3
8926	5
8927	0
8928	6
8929	2
8930	0
8931	1
8932	2
8933	3
8934	4
8935	5
8936	4
8937	5
8938	2
8939	4
8940	3
8941	6
8942	5
8943	2
8944	4
8945	4
8946	5
8947	2
8948	0
8949	3
8950	5
8951	1
8952	3
8953	3
8954	2
8955	2
8956	3
8957	3
8958	1
8959	7
8960	5
8961	1
8962	0
8963	3
8964	3
8965	2
8966	2
8967	6
8968	4
8969	3
8970	3
8971	2
8972	3
8973	6
8974	1
8975	2
8976	3
8977	1
8978	2
8979	2
8980	2
8981	4
8982	3
8983	1
8984	2
8985	3
8986	2
8987	3
8988	0
8989	4
8990	2
8991	3
8992	2
8993	4
8994	2
8995	5
8996	3
8997	4
8998	4
8999	6
9000	2
9001	2
9002	3
9003	0
9004	4
9005	4
9006	3
9007	6
9008	4
9009	2
9010	1
9011	2
9012	1
9013	0
9014	2
9015	5
9016	5
9017	1
9018	3
9019	2
9020	4
9021	4
9022	2
9023	4
9024	3
9025	4
9026	3
9027	2
9028	2
9029	5
9030	2
9031	6
9032	7
9033	1
9034	2
9035	6
9036	0
9037	4
9038	5
9039	1
9040	6
9041	2
9042	5
9043	6
9044	3
9045	6
9046	8
9047	4
9048	4
9049	7
9050	4
9051	2
9052	2
9053	4
9054	0
9055	4
9056	6
9057	2
9058	3
9059	4
9060	5
9061	4
9062	3
9063	5
9064	4
9065	5
9066	5
9067	7
9068	2
9069	1
9070	3
9071	3
9072	0
9073	3
9074	5
9075	3
9076	4
9077	5
9078	4
9079	4
9080	2
9081	4
9082	3
9083	4
9084	0
9085	6
9086	1
9087	1
9088	4
9089	5
9090	5
9091	0
9092	5
9093	2
9094	4
9095	3
9096	6
9097	2
9098	6
9099	1
9100	4
9101	5
9102	5
9103	6
9104	3
9105	6
9106	2
9107	4
9108	5
9109	3
9110	5
9111	1
9112	5
9113	4
9114	6
9115	6
9116	6
9117	3
9118	6
9119	4
9120	4
9121	5
9122	2
9123	1
9124	7
9125	2
9126	6
9127	2
9128	5
9129	4
9130	5
9131	6
9132	3
9133	3
9134	3
9135	4
9136	1
9137	7
9138	4
9139	6
9140	4
9141	7
9142	3
9143	4
9144	1
9145	4
9146	3
9147	7
9148	3
9149	6
9150	4
9151	3
9152	3
9153	4
9154	1
9155	5
9156	3
9157	6
9158	3
9159	4
9160	3
9161	3
9162	2
9163	4
9164	4
9165	5
9166	2
9167	3
9168	4
9169	3
9170	5
9171	3
9172	0
9173	3
9174	2
9175	4
9176	0
9177	6
9178	5
9179	1
9180	4
9181	4
9182	6
9183	4
9184	4
9185	2
9186	4
9187	4
9188	5
9189	3
9190	2
9191	3
9192	4
9193	2
9194	5
9195	2
9196	3
9197	4
9198	2
9199	4
9200	6
9201	6
9202	3
9203	2
9204	4
9205	8
9206	1
9207	6
9208	3
9209	1
9210	3
9211	3
9212	4
9213	1
9214	2
9215	4
9216	7
9217	3
9218	1
9219	2
9220	3
9221	5
9222	3
9223	6
9224	4
9225	5
9226	3
9227	6
9228	3
9229	2
9230	3
9231	6
9232	9
9233	2
9234	5
9235	5
9236	2
9237	3
9238	3
9239	2
9240	6
9241	5
9242	1
9243	4
9244	5
9245	4
9246	6
9247	7
9248	2
9249	6
9250	1
9251	4
9252	3
9253	3
9254	6
9255	2
9256	6
9257	3
9258	2
9259	5
9260	5
9261	6
9262	6
9263	2
9264	1
9265	5
9266	2
9267	5
9268	0
9269	2
9270	6
9271	4
9272	5
9273	5
9274	7
9275	7
9276	6
9277	5
9278	6
9279	4
9280	5
9281	9
9282	4
9283	3
9284	3
9285	5
9286	2
9287	7
9288	2
9289	2
9290	6
9291	6
9292	3
9293	7
9294	1
9295	5
9296	3
9297	6
9298	6
9299	2
9300	4
9301	4
9302	3
9303	5
9304	3
9305	4
9306	5
9307	3
9308	5
9309	2
9310	4
9311	2
9312	9
9313	4
9314	2
9315	4
9316	4
9317	5
9318	2
9319	4
9320	4
9321	4
9322	5
9323	3
9324	3
9325	7
9326	3
9327	2
9328	4
9329	4
9330	3
9331	6
9332	3
9333	5
9334	5
9335	4
9336	4
9337	3
9338	2
9339	3
9340	3
9341	2
9342	6
9343	1
9344	4
9345	3
9346	3
9347	2
9348	1
9349	2
9350	1
9351	4
9352	7
9353	4
9354	0
9355	0
9356	3
9357	3
9358	3
9359	2
9360	3
9361	3
9362	1
9363	5
9364	4
9365	5
9366	3
9367	3
9368	2
9369	4
9370	9
9371	2
9372	3
9373	2
9374	7
9375	2
9376	2
9377	1
9378	2
9379	3
9380	5
9381	1
9382	3
9383	4
9384	5
9385	5
9386	3
9387	4
9388	6
9389	4
9390	2
9391	2
9392	1
9393	2
9394	3
9395	1
9396	4
9397	3
9398	2
9399	5
9400	4
9401	7
9402	5
9403	5
9404	3
9405	9
9406	4
9407	9
9408	2
9409	6
9410	3
9411	5
9412	2
9413	1
9414	2
9415	2
9416	1
9417	2
9418	3
9419	6
9420	2
9421	1
9422	3
9423	0
9424	2
9425	3
9426	3
9427	2
9428	3
9429	2
9430	4
9431	4
9432	0
9433	4
9434	6
9435	6
9436	1
9437	1
9438	7
9439	6
9440	3
9441	7
9442	3
9443	4
9444	1
9445	4
9446	3
9447	2
9448	3
9449	3
9450	2
9451	3
9452	3
9453	6
9454	5
9455	3
9456	6
9457	1
9458	4
9459	3
9460	1
9461	3
9462	4
9463	1
9464	6
9465	6
9466	4
9467	2
9468	0
9469	5
9470	3
9471	5
9472	2
9473	3
9474	6
9475	1
9476	10
9477	5
9478	9
9479	6
9480	2
9481	3
9482	5
9483	5
9484	2
9485	2
9486	5
9487	3
9488	3
9489	3
9490	4
9491	2
9492	1
9493	7
9494	4
9495	5
9496	3
9497	4
9498	5
9499	2
9500	2
9501	10
9502	5
9503	0
9504	3
9505	5
9506	2
9507	4
9508	4
9509	2
9510	2
9511	3
9512	0
9513	5
9514	4
9515	2
9516	2
9517	7
9518	1
9519	2
9520	2
9521	4
9522	3
9523	5
9524	2
9525	3
9526	5
9527	1
9528	7
9529	4
9530	4
9531	4
9532	2
9533	1
9534	4
9535	2
9536	3
9537	2
9538	1
9539	1
9540	1
9541	1
9542	8
9543	1
9544	3
9545	5
9546	3
9547	1
9548	3
9549	0
9550	1
9551	3
9552	2
9553	5
9554	3
9555	5
9556	4
9557	3
9558	6
9559	8
9560	1
9561	3
9562	3
9563	2
9564	4
9565	3
9566	3
9567	3
9568	1
9569	5
9570	2
9571	4
9572	0
9573	1
9574	3
9575	2
9576	1
9577	1
9578	4
9579	3
9580	6
9581	1
9582	2
9583	1
9584	5
9585	2
9586	3
9587	2
9588	3
9589	1
9590	5
9591	2
9592	4
9593	3
9594	1
9595	6
9596	5
9597	4
9598	0
9599	4
9600	3
9601	5
9602	5
9603	4
9604	0
9605	2
9606	2
9607	0
9608	7
9609	4
9610	1
9611	3
9612	2
9613	3
9614	1
9615	4
9616	5
9617	4
9618	3
9619	2
9620	2
9621	2
9622	6
9623	3
9624	1
9625	4
9626	4
9627	2
9628	4
9629	3
9630	7
9631	2
9632	5
9633	5
9634	4
9635	3
9636	5
9637	10
9638	4
9639	2
9640	3
9641	4
9642	0
9643	4
9644	0
9645	2
9646	3
9647	5
9648	5
9649	6
9650	5
9651	5
9652	3
9653	4
9654	5
9655	1
9656	4
9657	3
9658	4
9659	2
9660	3
9661	3
9662	7
9663	4
9664	4
9665	0
9666	4
9667	3
9668	3
9669	2
9670	3
9671	2
9672	4
9673	4
9674	2
9675	10
9676	6
9677	3
9678	6
9679	2
9680	3
9681	5
9682	5
9683	2
9684	1
9685	1
9686	3
9687	5
9688	2
9689	2
9690	4
9691	4
9692	1
9693	2
9694	6
9695	2
9696	3
9697	2
9698	3
9699	4
9700	4
9701	1
9702	4
9703	6
9704	4
9705	2
9706	3
9707	3
9708	3
9709	2
9710	5
9711	3
9712	4
9713	5
9714	0
9715	3
9716	4
9717	2
9718	0
9719	4
9720	3
9721	5
9722	3
9723	5
9724	4
9725	3
9726	2
9727	2
9728	4
9729	1
9730	3
9731	3
9732	4
9733	2
9734	4
9735	4
9736	4
9737	3
9738	5
9739	8
9740	5
9741	4
9742	5
9743	5
9744	4
9745	5
9746	4
9747	4
9748	1
9749	8
9750	4
9751	5
9752	6
9753	1
9754	3
9755	3
9756	2
9757	3
9758	1
9759	4
9760	5
9761	6
9762	3
9763	4
9764	2
9765	1
9766	3
9767	3
9768	2
9769	1
9770	3
9771	2
9772	7
9773	5
9774	5
9775	7
9776	1
9777	4
9778	7
9779	1
9780	4
9781	2
9782	4
9783	6
9784	3
9785	1
9786	5
9787	1
9788	4
9789	2
9790	3
9791	3
9792	3
9793	2
9794	2
9795	7
9796	3
9797	8
9798	4
9799	4
9800	1
9801	1
9802	2
9803	2
9804	3
9805	0
9806	4
9807	4
9808	4
9809	2
9810	4
9811	2
9812	7
9813	6
9814	2
9815	5
9816	6
9817	6
9818	7
9819	3
9820	4
9821	6
9822	4
9823	0
9824	7
9825	9
9826	3
9827	6
9828	5
9829	6
9830	4
9831	1
9832	4
9833	8
9834	5
9835	5
9836	5
9837	3
9838	8
9839	8
9840	1
9841	2
9842	4
9843	3
9844	5
9845	7
9846	1
9847	3
9848	3
9849	2
9850	1
9851	4
9852	4
9853	3
9854	4
9855	5
9856	3
9857	3
9858	3
9859	6
9860	5
9861	7
9862	0
9863	1
9864	2
9865	3
9866	3
9867	8
9868	5
9869	4
9870	2
9871	3
9872	4
9873	8
9874	6
9875	3
9876	3
9877	4
9878	1
9879	7
9880	3
9881	4
9882	2
9883	4
9884	5
9885	3
9886	3
9887	1
9888	1
9889	2
9890	9
9891	4
9892	3
9893	3
9894	6
9895	2
9896	10
9897	3
9898	2
9899	3
9900	2
9901	6
9902	5
9903	6
9904	6
9905	3
9906	4
9907	0
9908	4
9909	4
9910	7
9911	2
9912	1
9913	3
9914	2
9915	2
9916	3
9917	6
9918	7
9919	5
9920	4
9921	2
9922	5
9923	3
9924	6
9925	3
9926	4
9927	3
9928	5
9929	4
9930	6
9931	5
9932	4
9933	3
9934	10
9935	0
9936	5
9937	2
9938	5
9939	4
9940	4
9941	5
9942	7
9943	2
9944	5
9945	5
9946	7
9947	6
9948	6
9949	3
9950	3
9951	9
9952	7
9953	7
9954	0
9955	6
9956	4
9957	4
9958	3
9959	3
9960	3
9961	6
9962	4
9963	1
9964	2
9965	3
9966	8
9967	2
9968	4
9969	5
9970	9
9971	3
9972	3
9973	2
9974	4
9975	5
9976	5
9977	5
9978	3
9979	5
9980	6
9981	3
9982	5
9983	4
9984	8
9985	6
9986	7
9987	4
9988	5
9989	5
9990	4
9991	4
9992	2
9993	5
9994	5
9995	8
9996	1
9997	4
9998	4
9999	7
10000	3
