1	329984914
2	9744442
3	2409687
4	1274650
5	820043
6	710996
7	714875
8	821103
9	1022868
10	1332892
11	1755500
12	2330824
13	3047716
14	3892015
15	4852582
16	5887020
17	6943934
18	7943463
19	8797167
20	9455274
21	9880293
22	10029340
23	9890978
24	9484473
25	8872506
26	8088668
27	7188243
28	6233716
29	5282534
30	4387198
31	3571671
32	2845266
33	2226253
34	1717494
35	1304236
36	986201
37	736572
38	550119
39	412709
40	316015
41	245460
42	196806
43	162112
44	138958
45	122384
46	109755
47	101614
48	93869
49	88665
50	84059
51	79295
52	75373
53	71070
54	66817
55	63529
56	59261
57	55250
58	52251
59	48844
60	46000
61	43575
62	41530
63	39035
64	37093
65	35119
66	33948
67	32059
68	31023
69	29948
70	28635
71	27789
72	26919
73	26164
74	25092
75	24462
76	23343
77	22701
78	22082
79	21222
80	20515
81	19757
82	19359
83	18855
84	17991
85	17296
86	16809
87	16693
88	16100
89	15438
90	14718
91	14773
92	14279
93	13924
94	13361
95	13192
96	12875
97	12427
98	12192
99	12116
100	12055
101	11592
102	11376
103	11179
104	10908
105	10861
106	10640
107	10313
108	10083
109	9981
110	9675
111	9641
112	9283
113	9120
114	9192
115	8955
116	8748
117	8776
118	8624
119	8099
120	8145
121	8122
122	7736
123	7628
124	7550
125	7408
126	7263
127	7271
128	7185
129	7212
130	7141
131	6974
132	7080
133	6893
134	6913
135	6743
136	6746
137	6405
138	6241
139	6374
140	6001
141	5968
142	6195
143	6032
144	5960
145	5872
146	5675
147	5427
148	5633
149	5452
150	5242
151	5072
152	5126
153	5005
154	4961
155	4780
156	4817
157	4805
158	4599
159	4584
160	4442
161	4418
162	4263
163	4359
164	4366
165	4241
166	4208
167	4082
168	4026
169	4010
170	3948
171	3753
172	3837
173	3726
174	3679
175	3497
176	3583
177	3407
178	3540
179	3479
180	3485
181	3267
182	3246
183	3231
184	3109
185	3264
186	3186
187	3036
188	3043
189	2902
190	2949
191	2953
192	2811
193	2829
194	2920
195	2849
196	2810
197	2766
198	2816
199	2816
200	2732
201	2750
202	2801
203	2666
204	2716
205	2698
206	2746
207	2787
208	2777
209	2573
210	2691
211	2554
212	2525
213	2443
214	2496
215	2534
216	2489
217	2399
218	2462
219	2511
220	2427
221	2385
222	2374
223	2366
224	2325
225	2233
226	2210
227	2208
228	2212
229	2117
230	2151
231	2115
232	2083
233	2169
234	2115
235	2023
236	2096
237	2068
238	1969
239	2105
240	2048
241	1999
242	2000
243	1997
244	1966
245	1949
246	1921
247	1921
248	1942
249	1856
250	1838
251	1900
252	1797
253	1886
254	1657
255	1809
256	1760
257	1764
258	1645
259	1618
260	1658
261	1653
262	1591
263	1536
264	1647
265	1557
266	1581
267	1484
268	1579
269	1545
270	1391
271	1492
272	1495
273	1557
274	1489
275	1505
276	1495
277	1424
278	1452
279	1453
280	1502
281	1425
282	1435
283	1387
284	1313
285	1406
286	1350
287	1431
288	1371
289	1385
290	1354
291	1342
292	1358
293	1320
294	1401
295	1313
296	1313
297	1388
298	1357
299	1303
300	1293
301	1363
302	1306
303	1294
304	1316
305	1241
306	1196
307	1227
308	1224
309	1206
310	1190
311	1176
312	1196
313	1173
314	1150
315	1165
316	1117
317	1207
318	1144
319	1151
320	1135
321	1115
322	1150
323	1182
324	1169
325	1123
326	1141
327	1129
328	1136
329	1103
330	1134
331	1087
332	1101
333	1090
334	1120
335	1128
336	1022
337	1098
338	1129
339	1092
340	1123
341	1075
342	1112
343	1132
344	1156
345	1107
346	1148
347	1052
348	1090
349	1114
350	1110
351	996
352	1134
353	1022
354	1017
355	1019
356	1043
357	1011
358	985
359	985
360	993
361	981
362	983
363	994
364	956
365	955
366	974
367	943
368	938
369	912
370	962
371	968
372	946
373	950
374	938
375	922
376	930
377	927
378	879
379	895
380	910
381	903
382	939
383	910
384	889
385	899
386	887
387	876
388	891
389	893
390	890
391	868
392	869
393	839
394	830
395	835
396	806
397	802
398	817
399	791
400	835
401	812
402	837
403	826
404	773
405	788
406	744
407	744
408	749
409	700
410	738
411	811
412	764
413	758
414	693
415	701
416	792
417	747
418	724
419	695
420	672
421	653
422	713
423	693
424	655
425	667
426	598
427	634
428	666
429	676
430	646
431	606
432	674
433	567
434	660
435	646
436	629
437	573
438	647
439	651
440	688
441	640
442	644
443	659
444	602
445	610
446	613
447	611
448	622
449	631
450	619
451	594
452	607
453	612
454	567
455	595
456	599
457	594
458	561
459	577
460	548
461	597
462	587
463	520
464	573
465	520
466	562
467	504
468	514
469	512
470	567
471	499
472	503
473	514
474	524
475	486
476	523
477	499
478	515
479	496
480	513
481	474
482	484
483	499
484	483
485	479
486	511
487	506
488	499
489	524
490	541
491	481
492	498
493	490
494	496
495	491
496	466
497	463
498	444
499	451
500	428
501	471
502	424
503	437
504	432
505	420
506	466
507	460
508	436
509	417
510	442
511	414
512	417
513	397
514	442
515	408
516	439
517	418
518	447
519	382
520	409
521	401
522	435
523	414
524	386
525	395
526	422
527	368
528	394
529	363
530	362
531	388
532	359
533	374
534	392
535	392
536	378
537	396
538	375
539	367
540	381
541	361
542	363
543	386
544	386
545	370
546	386
547	366
548	349
549	358
550	377
551	401
552	382
553	358
554	334
555	380
556	337
557	354
558	364
559	357
560	364
561	352
562	336
563	354
564	383
565	352
566	322
567	336
568	325
569	330
570	327
571	316
572	291
573	345
574	348
575	321
576	304
577	285
578	328
579	282
580	290
581	315
582	283
583	304
584	281
585	281
586	293
587	307
588	296
589	274
590	296
591	310
592	308
593	273
594	300
595	272
596	279
597	285
598	244
599	290
600	261
601	251
602	306
603	293
604	281
605	255
606	264
607	259
608	254
609	263
610	253
611	236
612	252
613	268
614	234
615	234
616	263
617	253
618	240
619	255
620	264
621	264
622	274
623	273
624	238
625	249
626	225
627	236
628	267
629	254
630	228
631	236
632	227
633	224
634	230
635	249
636	227
637	249
638	218
639	250
640	222
641	242
642	244
643	232
644	258
645	231
646	259
647	259
648	223
649	249
650	235
651	255
652	238
653	230
654	252
655	270
656	247
657	250
658	251
659	240
660	235
661	222
662	249
663	242
664	262
665	229
666	244
667	225
668	231
669	236
670	243
671	208
672	207
673	235
674	202
675	237
676	233
677	239
678	211
679	226
680	224
681	217
682	226
683	235
684	235
685	232
686	211
687	215
688	218
689	234
690	238
691	224
692	248
693	226
694	226
695	200
696	209
697	212
698	218
699	215
700	234
701	226
702	204
703	225
704	206
705	231
706	234
707	205
708	198
709	208
710	179
711	187
712	185
713	199
714	212
715	186
716	206
717	189
718	217
719	204
720	183
721	191
722	192
723	220
724	176
725	184
726	185
727	198
728	192
729	210
730	214
731	170
732	173
733	194
734	194
735	174
736	200
737	196
738	195
739	199
740	192
741	191
742	198
743	195
744	196
745	193
746	193
747	201
748	197
749	202
750	190
751	211
752	189
753	190
754	200
755	169
756	201
757	209
758	198
759	193
760	190
761	163
762	148
763	195
764	196
765	155
766	166
767	186
768	211
769	173
770	188
771	166
772	146
773	173
774	184
775	184
776	170
777	174
778	163
779	171
780	161
781	145
782	159
783	157
784	173
785	144
786	167
787	183
788	155
789	164
790	141
791	151
792	178
793	156
794	166
795	162
796	169
797	156
798	163
799	164
800	176
801	171
802	181
803	166
804	191
805	161
806	148
807	161
808	171
809	159
810	168
811	147
812	166
813	150
814	146
815	134
816	147
817	130
818	178
819	149
820	162
821	137
822	151
823	143
824	140
825	124
826	138
827	137
828	140
829	143
830	107
831	126
832	109
833	129
834	141
835	115
836	138
837	116
838	131
839	100
840	129
841	109
842	120
843	105
844	121
845	132
846	118
847	134
848	134
849	119
850	121
851	118
852	119
853	113
854	119
855	118
856	110
857	89
858	109
859	137
860	101
861	135
862	128
863	114
864	102
865	116
866	123
867	127
868	112
869	118
870	109
871	123
872	139
873	118
874	118
875	117
876	137
877	105
878	121
879	108
880	133
881	89
882	117
883	123
884	97
885	115
886	97
887	95
888	91
889	95
890	92
891	106
892	103
893	83
894	98
895	99
896	92
897	109
898	82
899	105
900	88
901	94
902	89
903	110
904	96
905	97
906	103
907	99
908	95
909	94
910	95
911	99
912	106
913	90
914	101
915	88
916	93
917	117
918	101
919	94
920	104
921	84
922	94
923	92
924	100
925	99
926	99
927	106
928	92
929	118
930	107
931	121
932	108
933	93
934	107
935	83
936	103
937	116
938	100
939	103
940	96
941	88
942	99
943	87
944	95
945	95
946	113
947	103
948	110
949	98
950	88
951	76
952	104
953	90
954	94
955	89
956	90
957	101
958	104
959	110
960	105
961	84
962	93
963	101
964	101
965	94
966	86
967	93
968	83
969	89
970	81
971	81
972	84
973	75
974	67
975	93
976	81
977	88
978	81
979	90
980	83
981	72
982	87
983	72
984	82
985	74
986	73
987	79
988	87
989	83
990	95
991	93
992	90
993	89
994	97
995	97
996	84
997	98
998	85
999	92
1000	98
1001	79
1002	110
1003	76
1004	105
1005	83
1006	91
1007	99
1008	104
1009	91
1010	94
1011	100
1012	70
1013	101
1014	92
1015	88
1016	64
1017	80
1018	96
1019	96
1020	83
1021	86
1022	90
1023	84
1024	94
1025	104
1026	90
1027	90
1028	94
1029	95
1030	98
1031	106
1032	88
1033	125
1034	75
1035	87
1036	103
1037	100
1038	94
1039	101
1040	106
1041	105
1042	100
1043	99
1044	94
1045	100
1046	96
1047	97
1048	84
1049	82
1050	98
1051	75
1052	89
1053	113
1054	102
1055	92
1056	89
1057	76
1058	89
1059	90
1060	70
1061	85
1062	84
1063	101
1064	77
1065	83
1066	94
1067	90
1068	73
1069	82
1070	87
1071	82
1072	82
1073	100
1074	90
1075	90
1076	82
1077	67
1078	98
1079	71
1080	81
1081	74
1082	88
1083	93
1084	92
1085	91
1086	90
1087	65
1088	91
1089	82
1090	89
1091	90
1092	86
1093	76
1094	77
1095	67
1096	73
1097	85
1098	92
1099	76
1100	72
1101	89
1102	82
1103	71
1104	107
1105	72
1106	90
1107	76
1108	67
1109	73
1110	90
1111	67
1112	79
1113	82
1114	85
1115	66
1116	83
1117	71
1118	74
1119	69
1120	95
1121	68
1122	76
1123	74
1124	72
1125	61
1126	67
1127	83
1128	69
1129	95
1130	79
1131	59
1132	60
1133	97
1134	72
1135	62
1136	81
1137	72
1138	83
1139	81
1140	64
1141	73
1142	59
1143	77
1144	74
1145	74
1146	52
1147	73
1148	57
1149	84
1150	72
1151	64
1152	71
1153	52
1154	65
1155	65
1156	68
1157	72
1158	60
1159	77
1160	75
1161	60
1162	65
1163	64
1164	65
1165	72
1166	56
1167	69
1168	66
1169	76
1170	61
1171	66
1172	54
1173	77
1174	49
1175	75
1176	71
1177	64
1178	55
1179	63
1180	63
1181	78
1182	58
1183	59
1184	73
1185	64
1186	65
1187	56
1188	58
1189	59
1190	73
1191	68
1192	68
1193	63
1194	70
1195	59
1196	58
1197	63
1198	63
1199	68
1200	50
1201	67
1202	56
1203	73
1204	59
1205	43
1206	58
1207	59
1208	58
1209	65
1210	40
1211	59
1212	60
1213	52
1214	57
1215	40
1216	41
1217	55
1218	47
1219	49
1220	42
1221	40
1222	48
1223	53
1224	51
1225	47
1226	67
1227	62
1228	42
1229	56
1230	57
1231	49
1232	52
1233	55
1234	50
1235	39
1236	65
1237	53
1238	56
1239	46
1240	45
1241	47
1242	56
1243	53
1244	59
1245	50
1246	66
1247	43
1248	42
1249	56
1250	51
1251	53
1252	48
1253	46
1254	65
1255	64
1256	58
1257	58
1258	53
1259	61
1260	50
1261	58
1262	58
1263	58
1264	54
1265	45
1266	50
1267	61
1268	53
1269	66
1270	50
1271	58
1272	38
1273	47
1274	47
1275	56
1276	52
1277	51
1278	57
1279	42
1280	60
1281	55
1282	51
1283	43
1284	37
1285	36
1286	32
1287	52
1288	50
1289	56
1290	52
1291	42
1292	52
1293	45
1294	44
1295	54
1296	43
1297	50
1298	39
1299	49
1300	49
1301	47
1302	37
1303	44
1304	47
1305	46
1306	53
1307	49
1308	36
1309	46
1310	37
1311	48
1312	35
1313	39
1314	66
1315	50
1316	52
1317	45
1318	38
1319	45
1320	47
1321	50
1322	51
1323	36
1324	53
1325	44
1326	45
1327	51
1328	42
1329	48
1330	50
1331	40
1332	27
1333	52
1334	35
1335	43
1336	49
1337	51
1338	38
1339	42
1340	45
1341	40
1342	48
1343	38
1344	38
1345	40
1346	42
1347	28
1348	35
1349	40
1350	42
1351	33
1352	48
1353	46
1354	46
1355	36
1356	42
1357	47
1358	30
1359	36
1360	47
1361	37
1362	41
1363	34
1364	43
1365	34
1366	45
1367	39
1368	37
1369	37
1370	43
1371	42
1372	47
1373	49
1374	45
1375	46
1376	44
1377	52
1378	51
1379	46
1380	33
1381	37
1382	47
1383	34
1384	46
1385	43
1386	54
1387	47
1388	47
1389	51
1390	46
1391	32
1392	41
1393	51
1394	40
1395	43
1396	39
1397	55
1398	43
1399	43
1400	33
1401	49
1402	44
1403	46
1404	53
1405	48
1406	54
1407	44
1408	50
1409	47
1410	48
1411	38
1412	51
1413	45
1414	43
1415	43
1416	48
1417	52
1418	47
1419	41
1420	46
1421	51
1422	47
1423	56
1424	42
1425	50
1426	54
1427	50
1428	48
1429	52
1430	42
1431	43
1432	48
1433	50
1434	48
1435	45
1436	56
1437	51
1438	45
1439	46
1440	53
1441	53
1442	53
1443	61
1444	39
1445	52
1446	40
1447	59
1448	61
1449	59
1450	36
1451	46
1452	50
1453	49
1454	45
1455	52
1456	47
1457	45
1458	44
1459	48
1460	44
1461	42
1462	48
1463	38
1464	52
1465	55
1466	42
1467	43
1468	41
1469	45
1470	44
1471	48
1472	42
1473	54
1474	45
1475	43
1476	47
1477	42
1478	36
1479	58
1480	52
1481	44
1482	42
1483	57
1484	45
1485	45
1486	41
1487	52
1488	50
1489	55
1490	56
1491	52
1492	46
1493	47
1494	52
1495	52
1496	62
1497	52
1498	43
1499	43
1500	54
1501	54
1502	48
1503	48
1504	43
1505	53
1506	43
1507	53
1508	45
1509	59
1510	48
1511	46
1512	31
1513	48
1514	55
1515	43
1516	46
1517	40
1518	49
1519	38
1520	39
1521	45
1522	53
1523	46
1524	41
1525	43
1526	40
1527	41
1528	55
1529	52
1530	51
1531	49
1532	44
1533	50
1534	45
1535	40
1536	43
1537	47
1538	52
1539	45
1540	43
1541	37
1542	51
1543	38
1544	43
1545	45
1546	52
1547	38
1548	56
1549	42
1550	36
1551	45
1552	42
1553	41
1554	40
1555	49
1556	32
1557	51
1558	45
1559	44
1560	43
1561	35
1562	48
1563	57
1564	46
1565	37
1566	41
1567	39
1568	45
1569	54
1570	37
1571	41
1572	45
1573	54
1574	36
1575	38
1576	42
1577	44
1578	47
1579	39
1580	50
1581	46
1582	39
1583	52
1584	40
1585	45
1586	39
1587	38
1588	31
1589	38
1590	39
1591	44
1592	47
1593	38
1594	30
1595	40
1596	47
1597	39
1598	38
1599	39
1600	35
1601	46
1602	37
1603	39
1604	41
1605	47
1606	53
1607	42
1608	39
1609	42
1610	41
1611	43
1612	51
1613	34
1614	36
1615	42
1616	45
1617	29
1618	37
1619	35
1620	29
1621	36
1622	34
1623	53
1624	39
1625	43
1626	34
1627	40
1628	35
1629	41
1630	43
1631	45
1632	43
1633	49
1634	43
1635	45
1636	41
1637	52
1638	51
1639	39
1640	37
1641	49
1642	42
1643	34
1644	38
1645	39
1646	49
1647	50
1648	48
1649	59
1650	45
1651	43
1652	52
1653	48
1654	32
1655	39
1656	38
1657	45
1658	41
1659	37
1660	36
1661	42
1662	44
1663	43
1664	43
1665	60
1666	42
1667	49
1668	38
1669	45
1670	38
1671	45
1672	39
1673	35
1674	37
1675	44
1676	46
1677	40
1678	34
1679	44
1680	47
1681	44
1682	36
1683	59
1684	57
1685	44
1686	51
1687	40
1688	52
1689	42
1690	48
1691	46
1692	29
1693	41
1694	45
1695	38
1696	39
1697	45
1698	41
1699	36
1700	46
1701	32
1702	33
1703	42
1704	44
1705	29
1706	30
1707	47
1708	38
1709	48
1710	41
1711	40
1712	41
1713	50
1714	47
1715	32
1716	36
1717	39
1718	30
1719	37
1720	37
1721	43
1722	39
1723	42
1724	48
1725	36
1726	38
1727	34
1728	49
1729	41
1730	30
1731	43
1732	35
1733	50
1734	31
1735	31
1736	25
1737	38
1738	42
1739	24
1740	44
1741	47
1742	41
1743	35
1744	29
1745	36
1746	34
1747	39
1748	33
1749	34
1750	34
1751	53
1752	32
1753	42
1754	36
1755	34
1756	30
1757	42
1758	37
1759	44
1760	37
1761	30
1762	31
1763	40
1764	38
1765	34
1766	30
1767	31
1768	39
1769	35
1770	38
1771	36
1772	38
1773	31
1774	36
1775	36
1776	37
1777	37
1778	39
1779	28
1780	32
1781	29
1782	41
1783	32
1784	22
1785	31
1786	28
1787	36
1788	40
1789	30
1790	28
1791	32
1792	32
1793	22
1794	30
1795	28
1796	41
1797	39
1798	34
1799	41
1800	34
1801	36
1802	35
1803	33
1804	23
1805	26
1806	30
1807	29
1808	40
1809	42
1810	33
1811	41
1812	32
1813	30
1814	28
1815	37
1816	31
1817	43
1818	31
1819	26
1820	26
1821	40
1822	40
1823	34
1824	39
1825	32
1826	28
1827	25
1828	27
1829	33
1830	27
1831	21
1832	33
1833	24
1834	43
1835	31
1836	37
1837	35
1838	21
1839	34
1840	20
1841	26
1842	31
1843	24
1844	28
1845	36
1846	25
1847	35
1848	27
1849	37
1850	30
1851	27
1852	25
1853	35
1854	22
1855	21
1856	20
1857	37
1858	35
1859	34
1860	24
1861	23
1862	25
1863	31
1864	25
1865	23
1866	34
1867	32
1868	28
1869	35
1870	28
1871	29
1872	24
1873	29
1874	21
1875	30
1876	32
1877	30
1878	32
1879	33
1880	30
1881	18
1882	40
1883	26
1884	34
1885	25
1886	27
1887	30
1888	33
1889	31
1890	32
1891	29
1892	36
1893	26
1894	27
1895	21
1896	28
1897	38
1898	26
1899	31
1900	26
1901	21
1902	26
1903	36
1904	33
1905	35
1906	22
1907	30
1908	31
1909	24
1910	28
1911	22
1912	33
1913	27
1914	27
1915	31
1916	25
1917	29
1918	25
1919	30
1920	24
1921	26
1922	19
1923	20
1924	28
1925	32
1926	25
1927	24
1928	29
1929	28
1930	27
1931	24
1932	30
1933	27
1934	29
1935	32
1936	24
1937	26
1938	28
1939	36
1940	42
1941	24
1942	24
1943	33
1944	28
1945	24
1946	37
1947	27
1948	30
1949	20
1950	39
1951	22
1952	22
1953	47
1954	29
1955	24
1956	38
1957	29
1958	24
1959	32
1960	23
1961	25
1962	22
1963	31
1964	24
1965	41
1966	30
1967	29
1968	34
1969	23
1970	32
1971	31
1972	41
1973	35
1974	23
1975	28
1976	41
1977	25
1978	20
1979	29
1980	34
1981	27
1982	29
1983	22
1984	31
1985	26
1986	26
1987	16
1988	25
1989	16
1990	35
1991	28
1992	24
1993	31
1994	21
1995	28
1996	28
1997	24
1998	25
1999	16
2000	34
2001	30
2002	22
2003	21
2004	31
2005	27
2006	23
2007	19
2008	19
2009	29
2010	27
2011	24
2012	22
2013	22
2014	22
2015	32
2016	27
2017	23
2018	23
2019	23
2020	20
2021	28
2022	25
2023	21
2024	29
2025	45
2026	24
2027	23
2028	30
2029	33
2030	32
2031	21
2032	20
2033	20
2034	26
2035	29
2036	24
2037	29
2038	30
2039	24
2040	28
2041	28
2042	31
2043	22
2044	25
2045	33
2046	36
2047	27
2048	26
2049	29
2050	28
2051	39
2052	19
2053	29
2054	29
2055	32
2056	22
2057	31
2058	33
2059	21
2060	24
2061	27
2062	25
2063	38
2064	24
2065	27
2066	27
2067	28
2068	27
2069	29
2070	36
2071	18
2072	28
2073	27
2074	35
2075	28
2076	34
2077	27
2078	27
2079	20
2080	30
2081	20
2082	22
2083	35
2084	26
2085	23
2086	25
2087	20
2088	31
2089	25
2090	28
2091	34
2092	19
2093	30
2094	36
2095	37
2096	33
2097	26
2098	23
2099	29
2100	28
2101	33
2102	19
2103	30
2104	35
2105	26
2106	26
2107	23
2108	34
2109	31
2110	28
2111	29
2112	32
2113	20
2114	28
2115	32
2116	24
2117	29
2118	22
2119	27
2120	25
2121	34
2122	23
2123	23
2124	27
2125	35
2126	31
2127	28
2128	27
2129	31
2130	31
2131	27
2132	31
2133	33
2134	32
2135	30
2136	28
2137	23
2138	23
2139	25
2140	21
2141	35
2142	30
2143	30
2144	22
2145	26
2146	34
2147	28
2148	24
2149	29
2150	31
2151	23
2152	26
2153	28
2154	23
2155	31
2156	33
2157	30
2158	39
2159	28
2160	26
2161	32
2162	34
2163	36
2164	33
2165	26
2166	33
2167	31
2168	25
2169	23
2170	28
2171	42
2172	28
2173	19
2174	29
2175	34
2176	39
2177	40
2178	34
2179	30
2180	27
2181	23
2182	47
2183	30
2184	25
2185	33
2186	28
2187	24
2188	30
2189	29
2190	30
2191	30
2192	29
2193	36
2194	35
2195	29
2196	30
2197	34
2198	30
2199	30
2200	32
2201	35
2202	30
2203	25
2204	38
2205	22
2206	28
2207	36
2208	40
2209	27
2210	24
2211	38
2212	28
2213	27
2214	33
2215	20
2216	30
2217	29
2218	40
2219	27
2220	28
2221	28
2222	25
2223	28
2224	22
2225	25
2226	32
2227	21
2228	28
2229	41
2230	19
2231	27
2232	30
2233	21
2234	21
2235	32
2236	26
2237	15
2238	29
2239	24
2240	24
2241	24
2242	26
2243	25
2244	25
2245	18
2246	17
2247	29
2248	25
2249	29
2250	24
2251	15
2252	33
2253	27
2254	26
2255	23
2256	26
2257	25
2258	27
2259	22
2260	30
2261	25
2262	22
2263	25
2264	32
2265	18
2266	30
2267	22
2268	34
2269	30
2270	32
2271	29
2272	24
2273	25
2274	25
2275	32
2276	31
2277	22
2278	31
2279	26
2280	29
2281	26
2282	29
2283	24
2284	22
2285	26
2286	20
2287	27
2288	23
2289	27
2290	31
2291	32
2292	32
2293	28
2294	30
2295	31
2296	40
2297	25
2298	19
2299	29
2300	22
2301	23
2302	32
2303	21
2304	22
2305	30
2306	31
2307	26
2308	28
2309	34
2310	32
2311	30
2312	34
2313	19
2314	36
2315	38
2316	30
2317	38
2318	22
2319	28
2320	36
2321	23
2322	24
2323	31
2324	32
2325	32
2326	24
2327	30
2328	36
2329	22
2330	29
2331	24
2332	24
2333	22
2334	22
2335	28
2336	31
2337	19
2338	22
2339	30
2340	25
2341	31
2342	28
2343	27
2344	21
2345	27
2346	22
2347	29
2348	26
2349	23
2350	24
2351	33
2352	39
2353	29
2354	31
2355	23
2356	21
2357	32
2358	17
2359	30
2360	27
2361	21
2362	27
2363	27
2364	29
2365	36
2366	20
2367	24
2368	30
2369	26
2370	28
2371	29
2372	24
2373	28
2374	25
2375	17
2376	29
2377	31
2378	26
2379	17
2380	17
2381	27
2382	19
2383	17
2384	20
2385	21
2386	25
2387	20
2388	23
2389	24
2390	27
2391	19
2392	23
2393	25
2394	25
2395	29
2396	23
2397	29
2398	28
2399	28
2400	22
2401	21
2402	22
2403	36
2404	21
2405	24
2406	24
2407	26
2408	20
2409	29
2410	34
2411	16
2412	26
2413	20
2414	24
2415	20
2416	25
2417	34
2418	25
2419	26
2420	20
2421	24
2422	27
2423	29
2424	32
2425	24
2426	13
2427	24
2428	22
2429	24
2430	17
2431	20
2432	30
2433	26
2434	24
2435	24
2436	26
2437	22
2438	25
2439	27
2440	35
2441	29
2442	26
2443	27
2444	20
2445	23
2446	27
2447	32
2448	28
2449	21
2450	35
2451	20
2452	21
2453	24
2454	20
2455	13
2456	26
2457	32
2458	30
2459	18
2460	24
2461	14
2462	22
2463	29
2464	19
2465	16
2466	27
2467	23
2468	22
2469	24
2470	21
2471	25
2472	18
2473	26
2474	25
2475	27
2476	22
2477	23
2478	19
2479	26
2480	25
2481	18
2482	22
2483	21
2484	30
2485	32
2486	25
2487	31
2488	18
2489	23
2490	20
2491	18
2492	23
2493	19
2494	11
2495	24
2496	21
2497	21
2498	27
2499	27
2500	28
2501	25
2502	16
2503	19
2504	17
2505	22
2506	24
2507	25
2508	16
2509	22
2510	19
2511	18
2512	19
2513	26
2514	22
2515	16
2516	21
2517	20
2518	17
2519	25
2520	17
2521	11
2522	19
2523	14
2524	32
2525	21
2526	32
2527	22
2528	14
2529	18
2530	16
2531	19
2532	34
2533	19
2534	12
2535	18
2536	22
2537	20
2538	27
2539	16
2540	14
2541	16
2542	14
2543	13
2544	22
2545	15
2546	23
2547	11
2548	18
2549	19
2550	24
2551	17
2552	24
2553	17
2554	26
2555	22
2556	26
2557	20
2558	19
2559	32
2560	20
2561	22
2562	15
2563	18
2564	15
2565	20
2566	17
2567	25
2568	24
2569	15
2570	16
2571	14
2572	19
2573	13
2574	12
2575	20
2576	15
2577	16
2578	16
2579	10
2580	18
2581	19
2582	26
2583	20
2584	23
2585	20
2586	14
2587	15
2588	23
2589	15
2590	16
2591	12
2592	19
2593	11
2594	16
2595	16
2596	14
2597	20
2598	16
2599	22
2600	24
2601	13
2602	12
2603	26
2604	10
2605	20
2606	18
2607	12
2608	20
2609	10
2610	15
2611	9
2612	14
2613	16
2614	23
2615	16
2616	16
2617	22
2618	20
2619	24
2620	10
2621	13
2622	24
2623	12
2624	20
2625	18
2626	14
2627	16
2628	18
2629	17
2630	15
2631	12
2632	16
2633	14
2634	18
2635	21
2636	20
2637	11
2638	12
2639	16
2640	16
2641	20
2642	18
2643	18
2644	17
2645	10
2646	19
2647	6
2648	18
2649	15
2650	22
2651	14
2652	16
2653	19
2654	20
2655	14
2656	13
2657	17
2658	16
2659	23
2660	21
2661	15
2662	15
2663	13
2664	9
2665	29
2666	20
2667	17
2668	27
2669	15
2670	17
2671	24
2672	17
2673	23
2674	15
2675	13
2676	15
2677	18
2678	22
2679	13
2680	12
2681	16
2682	14
2683	18
2684	19
2685	19
2686	15
2687	10
2688	16
2689	18
2690	15
2691	19
2692	15
2693	17
2694	17
2695	12
2696	18
2697	23
2698	17
2699	14
2700	13
2701	18
2702	17
2703	13
2704	9
2705	14
2706	9
2707	19
2708	23
2709	24
2710	15
2711	20
2712	19
2713	19
2714	27
2715	21
2716	22
2717	22
2718	14
2719	27
2720	24
2721	24
2722	16
2723	19
2724	15
2725	27
2726	15
2727	21
2728	32
2729	18
2730	19
2731	21
2732	19
2733	18
2734	21
2735	22
2736	30
2737	14
2738	24
2739	15
2740	20
2741	18
2742	15
2743	17
2744	19
2745	19
2746	14
2747	8
2748	18
2749	19
2750	20
2751	24
2752	15
2753	16
2754	15
2755	10
2756	16
2757	15
2758	21
2759	18
2760	17
2761	17
2762	19
2763	12
2764	13
2765	15
2766	10
2767	11
2768	23
2769	20
2770	17
2771	19
2772	16
2773	26
2774	14
2775	14
2776	12
2777	21
2778	15
2779	18
2780	21
2781	16
2782	23
2783	14
2784	18
2785	12
2786	11
2787	18
2788	22
2789	17
2790	14
2791	26
2792	17
2793	17
2794	14
2795	17
2796	17
2797	21
2798	18
2799	15
2800	18
2801	23
2802	18
2803	16
2804	28
2805	18
2806	23
2807	21
2808	16
2809	17
2810	19
2811	28
2812	19
2813	18
2814	20
2815	18
2816	27
2817	23
2818	22
2819	28
2820	22
2821	29
2822	30
2823	15
2824	18
2825	30
2826	33
2827	17
2828	19
2829	17
2830	14
2831	18
2832	19
2833	29
2834	15
2835	23
2836	20
2837	24
2838	14
2839	24
2840	20
2841	16
2842	21
2843	11
2844	13
2845	16
2846	12
2847	13
2848	18
2849	12
2850	18
2851	15
2852	22
2853	18
2854	18
2855	12
2856	20
2857	15
2858	22
2859	11
2860	11
2861	13
2862	17
2863	12
2864	19
2865	19
2866	9
2867	15
2868	13
2869	27
2870	9
2871	14
2872	16
2873	25
2874	10
2875	11
2876	18
2877	17
2878	14
2879	12
2880	19
2881	21
2882	15
2883	15
2884	15
2885	10
2886	18
2887	9
2888	13
2889	11
2890	19
2891	20
2892	16
2893	8
2894	10
2895	12
2896	18
2897	17
2898	14
2899	16
2900	18
2901	16
2902	15
2903	16
2904	17
2905	16
2906	14
2907	17
2908	17
2909	12
2910	17
2911	17
2912	7
2913	12
2914	16
2915	10
2916	23
2917	14
2918	16
2919	12
2920	13
2921	16
2922	17
2923	15
2924	11
2925	14
2926	10
2927	19
2928	13
2929	16
2930	14
2931	11
2932	18
2933	15
2934	12
2935	14
2936	12
2937	13
2938	14
2939	12
2940	15
2941	13
2942	13
2943	10
2944	12
2945	9
2946	10
2947	12
2948	16
2949	14
2950	22
2951	11
2952	21
2953	11
2954	10
2955	9
2956	9
2957	14
2958	12
2959	5
2960	15
2961	7
2962	7
2963	10
2964	8
2965	9
2966	12
2967	4
2968	12
2969	12
2970	11
2971	20
2972	10
2973	11
2974	10
2975	14
2976	11
2977	10
2978	18
2979	16
2980	14
2981	15
2982	12
2983	18
2984	10
2985	9
2986	13
2987	14
2988	16
2989	14
2990	16
2991	16
2992	19
2993	9
2994	14
2995	13
2996	13
2997	12
2998	18
2999	13
3000	16
3001	13
3002	17
3003	8
3004	19
3005	19
3006	11
3007	17
3008	19
3009	13
3010	15
3011	16
3012	9
3013	13
3014	5
3015	14
3016	15
3017	8
3018	15
3019	15
3020	14
3021	14
3022	18
3023	11
3024	16
3025	6
3026	14
3027	11
3028	14
3029	13
3030	7
3031	8
3032	12
3033	11
3034	10
3035	13
3036	10
3037	13
3038	19
3039	11
3040	15
3041	4
3042	16
3043	14
3044	10
3045	10
3046	15
3047	11
3048	7
3049	14
3050	10
3051	13
3052	19
3053	12
3054	13
3055	13
3056	12
3057	14
3058	9
3059	11
3060	18
3061	8
3062	16
3063	18
3064	14
3065	10
3066	11
3067	13
3068	12
3069	15
3070	17
3071	13
3072	6
3073	11
3074	14
3075	12
3076	6
3077	14
3078	17
3079	12
3080	20
3081	11
3082	19
3083	12
3084	13
3085	15
3086	11
3087	6
3088	16
3089	8
3090	20
3091	10
3092	14
3093	11
3094	9
3095	10
3096	13
3097	9
3098	12
3099	10
3100	15
3101	6
3102	15
3103	14
3104	10
3105	11
3106	14
3107	19
3108	10
3109	13
3110	11
3111	10
3112	18
3113	12
3114	10
3115	15
3116	15
3117	12
3118	12
3119	13
3120	13
3121	2
3122	13
3123	10
3124	11
3125	11
3126	6
3127	18
3128	13
3129	17
3130	10
3131	15
3132	10
3133	7
3134	13
3135	12
3136	14
3137	6
3138	13
3139	10
3140	9
3141	11
3142	12
3143	10
3144	14
3145	16
3146	8
3147	7
3148	13
3149	10
3150	10
3151	11
3152	7
3153	14
3154	16
3155	10
3156	8
3157	6
3158	10
3159	11
3160	12
3161	6
3162	13
3163	15
3164	9
3165	12
3166	12
3167	12
3168	10
3169	16
3170	13
3171	12
3172	8
3173	12
3174	6
3175	11
3176	15
3177	15
3178	24
3179	18
3180	12
3181	10
3182	14
3183	9
3184	4
3185	5
3186	11
3187	16
3188	9
3189	11
3190	12
3191	13
3192	11
3193	17
3194	12
3195	9
3196	17
3197	15
3198	11
3199	14
3200	18
3201	9
3202	10
3203	16
3204	13
3205	18
3206	8
3207	17
3208	12
3209	19
3210	22
3211	13
3212	20
3213	11
3214	15
3215	10
3216	14
3217	11
3218	17
3219	16
3220	27
3221	8
3222	15
3223	8
3224	22
3225	17
3226	14
3227	9
3228	12
3229	9
3230	11
3231	11
3232	16
3233	13
3234	14
3235	12
3236	7
3237	10
3238	18
3239	11
3240	10
3241	14
3242	12
3243	23
3244	13
3245	13
3246	10
3247	11
3248	16
3249	8
3250	14
3251	13
3252	13
3253	19
3254	12
3255	14
3256	18
3257	14
3258	17
3259	12
3260	16
3261	10
3262	14
3263	9
3264	15
3265	10
3266	17
3267	15
3268	16
3269	9
3270	8
3271	7
3272	11
3273	15
3274	13
3275	10
3276	11
3277	13
3278	13
3279	13
3280	10
3281	9
3282	17
3283	10
3284	16
3285	13
3286	14
3287	13
3288	9
3289	10
3290	10
3291	11
3292	13
3293	15
3294	13
3295	19
3296	12
3297	16
3298	7
3299	10
3300	8
3301	12
3302	9
3303	9
3304	12
3305	12
3306	13
3307	5
3308	5
3309	12
3310	11
3311	15
3312	9
3313	16
3314	10
3315	15
3316	8
3317	7
3318	11
3319	8
3320	10
3321	17
3322	7
3323	4
3324	14
3325	24
3326	8
3327	12
3328	13
3329	11
3330	7
3331	15
3332	15
3333	7
3334	13
3335	9
3336	13
3337	12
3338	16
3339	8
3340	12
3341	4
3342	11
3343	10
3344	11
3345	11
3346	8
3347	15
3348	17
3349	9
3350	19
3351	12
3352	3
3353	13
3354	12
3355	10
3356	15
3357	7
3358	7
3359	16
3360	8
3361	10
3362	8
3363	11
3364	12
3365	10
3366	12
3367	6
3368	14
3369	8
3370	10
3371	14
3372	13
3373	10
3374	11
3375	10
3376	21
3377	7
3378	14
3379	12
3380	16
3381	10
3382	11
3383	7
3384	10
3385	9
3386	11
3387	6
3388	8
3389	8
3390	12
3391	9
3392	9
3393	7
3394	15
3395	19
3396	13
3397	11
3398	8
3399	11
3400	7
3401	13
3402	8
3403	16
3404	9
3405	13
3406	11
3407	13
3408	21
3409	13
3410	10
3411	14
3412	14
3413	12
3414	10
3415	11
3416	10
3417	9
3418	15
3419	12
3420	12
3421	9
3422	9
3423	11
3424	9
3425	9
3426	7
3427	5
3428	14
3429	11
3430	11
3431	12
3432	12
3433	10
3434	12
3435	7
3436	13
3437	11
3438	10
3439	15
3440	15
3441	7
3442	13
3443	6
3444	6
3445	10
3446	12
3447	15
3448	12
3449	7
3450	16
3451	13
3452	11
3453	11
3454	7
3455	10
3456	9
3457	12
3458	12
3459	11
3460	11
3461	9
3462	11
3463	11
3464	14
3465	13
3466	14
3467	9
3468	7
3469	11
3470	13
3471	8
3472	11
3473	7
3474	12
3475	10
3476	14
3477	9
3478	5
3479	12
3480	12
3481	6
3482	16
3483	8
3484	13
3485	17
3486	5
3487	7
3488	14
3489	4
3490	7
3491	2
3492	9
3493	13
3494	12
3495	10
3496	13
3497	7
3498	13
3499	11
3500	9
3501	12
3502	11
3503	10
3504	11
3505	9
3506	11
3507	13
3508	1
3509	7
3510	10
3511	10
3512	8
3513	11
3514	13
3515	14
3516	13
3517	13
3518	14
3519	10
3520	18
3521	14
3522	17
3523	5
3524	8
3525	7
3526	14
3527	14
3528	6
3529	10
3530	6
3531	9
3532	10
3533	7
3534	8
3535	9
3536	19
3537	12
3538	9
3539	15
3540	10
3541	9
3542	6
3543	9
3544	11
3545	11
3546	11
3547	14
3548	10
3549	9
3550	11
3551	11
3552	9
3553	7
3554	5
3555	13
3556	12
3557	10
3558	8
3559	8
3560	14
3561	9
3562	12
3563	9
3564	17
3565	17
3566	6
3567	7
3568	11
3569	9
3570	21
3571	10
3572	9
3573	11
3574	8
3575	9
3576	11
3577	7
3578	13
3579	13
3580	6
3581	10
3582	14
3583	11
3584	18
3585	8
3586	8
3587	8
3588	8
3589	8
3590	9
3591	8
3592	16
3593	6
3594	8
3595	10
3596	17
3597	12
3598	6
3599	10
3600	11
3601	10
3602	15
3603	15
3604	20
3605	10
3606	7
3607	6
3608	12
3609	13
3610	10
3611	7
3612	10
3613	12
3614	12
3615	10
3616	11
3617	13
3618	12
3619	17
3620	10
3621	8
3622	14
3623	7
3624	15
3625	12
3626	9
3627	11
3628	13
3629	13
3630	11
3631	6
3632	13
3633	14
3634	11
3635	7
3636	10
3637	8
3638	16
3639	7
3640	19
3641	8
3642	12
3643	11
3644	5
3645	15
3646	9
3647	7
3648	10
3649	8
3650	13
3651	17
3652	14
3653	16
3654	12
3655	15
3656	9
3657	9
3658	14
3659	13
3660	15
3661	13
3662	14
3663	13
3664	9
3665	9
3666	14
3667	12
3668	11
3669	13
3670	8
3671	14
3672	13
3673	12
3674	12
3675	8
3676	18
3677	19
3678	13
3679	13
3680	11
3681	8
3682	14
3683	16
3684	20
3685	10
3686	11
3687	10
3688	8
3689	15
3690	6
3691	20
3692	13
3693	11
3694	15
3695	9
3696	12
3697	15
3698	12
3699	14
3700	14
3701	13
3702	13
3703	12
3704	13
3705	7
3706	13
3707	9
3708	10
3709	13
3710	15
3711	7
3712	19
3713	11
3714	9
3715	8
3716	13
3717	16
3718	10
3719	12
3720	14
3721	16
3722	17
3723	7
3724	10
3725	12
3726	5
3727	10
3728	18
3729	8
3730	15
3731	9
3732	12
3733	7
3734	7
3735	12
3736	8
3737	10
3738	15
3739	8
3740	7
3741	13
3742	12
3743	16
3744	8
3745	10
3746	15
3747	12
3748	13
3749	15
3750	12
3751	9
3752	14
3753	14
3754	12
3755	15
3756	12
3757	13
3758	16
3759	12
3760	17
3761	11
3762	15
3763	14
3764	15
3765	12
3766	14
3767	8
3768	13
3769	6
3770	13
3771	22
3772	11
3773	9
3774	20
3775	11
3776	8
3777	17
3778	10
3779	11
3780	11
3781	15
3782	13
3783	8
3784	5
3785	8
3786	13
3787	8
3788	11
3789	7
3790	12
3791	11
3792	11
3793	8
3794	12
3795	9
3796	13
3797	9
3798	10
3799	11
3800	7
3801	8
3802	15
3803	14
3804	8
3805	4
3806	11
3807	10
3808	11
3809	9
3810	18
3811	13
3812	15
3813	14
3814	9
3815	11
3816	11
3817	13
3818	9
3819	11
3820	12
3821	13
3822	10
3823	12
3824	16
3825	13
3826	16
3827	17
3828	11
3829	11
3830	11
3831	10
3832	9
3833	10
3834	12
3835	10
3836	10
3837	9
3838	13
3839	14
3840	7
3841	11
3842	14
3843	10
3844	9
3845	9
3846	13
3847	12
3848	8
3849	11
3850	9
3851	9
3852	10
3853	8
3854	15
3855	13
3856	12
3857	11
3858	10
3859	9
3860	6
3861	8
3862	11
3863	8
3864	11
3865	15
3866	10
3867	12
3868	16
3869	17
3870	16
3871	19
3872	12
3873	19
3874	9
3875	9
3876	10
3877	12
3878	13
3879	12
3880	6
3881	11
3882	11
3883	14
3884	14
3885	6
3886	7
3887	18
3888	12
3889	11
3890	9
3891	10
3892	4
3893	9
3894	10
3895	14
3896	11
3897	12
3898	16
3899	12
3900	10
3901	9
3902	15
3903	13
3904	11
3905	7
3906	6
3907	16
3908	9
3909	11
3910	11
3911	14
3912	21
3913	13
3914	9
3915	19
3916	6
3917	17
3918	8
3919	7
3920	9
3921	12
3922	8
3923	15
3924	9
3925	19
3926	13
3927	3
3928	8
3929	12
3930	12
3931	10
3932	13
3933	15
3934	8
3935	8
3936	9
3937	16
3938	9
3939	8
3940	9
3941	11
3942	12
3943	12
3944	15
3945	13
3946	13
3947	11
3948	19
3949	12
3950	11
3951	15
3952	9
3953	14
3954	9
3955	13
3956	9
3957	15
3958	18
3959	16
3960	14
3961	13
3962	18
3963	9
3964	12
3965	12
3966	3
3967	9
3968	12
3969	13
3970	9
3971	14
3972	10
3973	14
3974	14
3975	14
3976	15
3977	7
3978	8
3979	11
3980	17
3981	14
3982	11
3983	11
3984	10
3985	10
3986	10
3987	11
3988	9
3989	6
3990	8
3991	5
3992	12
3993	13
3994	12
3995	13
3996	19
3997	10
3998	12
3999	10
4000	12
4001	14
4002	11
4003	18
4004	11
4005	12
4006	6
4007	14
4008	14
4009	11
4010	17
4011	13
4012	17
4013	13
4014	15
4015	12
4016	10
4017	13
4018	17
4019	12
4020	10
4021	15
4022	17
4023	12
4024	11
4025	13
4026	8
4027	12
4028	14
4029	11
4030	12
4031	7
4032	15
4033	9
4034	15
4035	18
4036	14
4037	14
4038	22
4039	12
4040	11
4041	10
4042	11
4043	15
4044	12
4045	12
4046	9
4047	18
4048	10
4049	12
4050	15
4051	9
4052	13
4053	13
4054	11
4055	15
4056	6
4057	7
4058	8
4059	16
4060	10
4061	13
4062	14
4063	14
4064	14
4065	12
4066	10
4067	16
4068	12
4069	14
4070	22
4071	11
4072	13
4073	13
4074	16
4075	12
4076	11
4077	14
4078	14
4079	17
4080	9
4081	14
4082	10
4083	14
4084	12
4085	12
4086	11
4087	9
4088	6
4089	13
4090	16
4091	12
4092	15
4093	7
4094	13
4095	11
4096	17
4097	10
4098	11
4099	14
4100	17
4101	8
4102	17
4103	17
4104	6
4105	10
4106	8
4107	14
4108	12
4109	9
4110	7
4111	13
4112	12
4113	13
4114	10
4115	10
4116	13
4117	13
4118	16
4119	14
4120	14
4121	18
4122	17
4123	15
4124	8
4125	11
4126	11
4127	25
4128	14
4129	14
4130	9
4131	13
4132	16
4133	10
4134	16
4135	14
4136	12
4137	7
4138	12
4139	13
4140	16
4141	13
4142	14
4143	11
4144	9
4145	16
4146	11
4147	10
4148	15
4149	11
4150	14
4151	14
4152	9
4153	15
4154	11
4155	14
4156	18
4157	18
4158	21
4159	12
4160	12
4161	15
4162	11
4163	13
4164	11
4165	9
4166	10
4167	12
4168	8
4169	10
4170	15
4171	7
4172	11
4173	9
4174	11
4175	11
4176	9
4177	6
4178	16
4179	13
4180	11
4181	9
4182	11
4183	6
4184	11
4185	13
4186	8
4187	16
4188	15
4189	10
4190	5
4191	11
4192	9
4193	11
4194	8
4195	13
4196	13
4197	14
4198	6
4199	6
4200	11
4201	13
4202	11
4203	13
4204	8
4205	16
4206	10
4207	14
4208	7
4209	14
4210	11
4211	8
4212	18
4213	14
4214	11
4215	16
4216	13
4217	9
4218	8
4219	10
4220	9
4221	7
4222	9
4223	15
4224	8
4225	14
4226	12
4227	6
4228	8
4229	11
4230	11
4231	7
4232	13
4233	9
4234	9
4235	6
4236	8
4237	11
4238	8
4239	9
4240	8
4241	16
4242	9
4243	11
4244	9
4245	10
4246	10
4247	9
4248	12
4249	8
4250	11
4251	8
4252	11
4253	5
4254	11
4255	10
4256	8
4257	11
4258	13
4259	7
4260	13
4261	9
4262	15
4263	8
4264	11
4265	9
4266	16
4267	11
4268	14
4269	9
4270	7
4271	8
4272	12
4273	8
4274	19
4275	10
4276	10
4277	11
4278	8
4279	9
4280	7
4281	8
4282	9
4283	11
4284	4
4285	6
4286	9
4287	7
4288	10
4289	9
4290	9
4291	5
4292	7
4293	7
4294	10
4295	13
4296	4
4297	9
4298	4
4299	4
4300	7
4301	9
4302	11
4303	13
4304	7
4305	9
4306	10
4307	10
4308	10
4309	3
4310	9
4311	7
4312	2
4313	6
4314	12
4315	6
4316	6
4317	7
4318	5
4319	4
4320	6
4321	8
4322	9
4323	13
4324	5
4325	14
4326	7
4327	3
4328	10
4329	9
4330	7
4331	9
4332	6
4333	10
4334	13
4335	3
4336	8
4337	10
4338	8
4339	6
4340	18
4341	13
4342	9
4343	8
4344	13
4345	5
4346	7
4347	6
4348	8
4349	12
4350	5
4351	10
4352	12
4353	2
4354	12
4355	10
4356	9
4357	8
4358	5
4359	16
4360	10
4361	17
4362	15
4363	11
4364	3
4365	9
4366	5
4367	5
4368	8
4369	5
4370	7
4371	10
4372	11
4373	9
4374	10
4375	12
4376	10
4377	14
4378	6
4379	9
4380	9
4381	9
4382	11
4383	10
4384	6
4385	11
4386	8
4387	9
4388	7
4389	11
4390	8
4391	8
4392	10
4393	6
4394	4
4395	12
4396	8
4397	9
4398	10
4399	9
4400	14
4401	11
4402	14
4403	7
4404	14
4405	11
4406	7
4407	8
4408	16
4409	8
4410	4
4411	14
4412	11
4413	8
4414	12
4415	10
4416	9
4417	9
4418	9
4419	8
4420	5
4421	10
4422	4
4423	8
4424	9
4425	8
4426	4
4427	7
4428	12
4429	3
4430	9
4431	8
4432	8
4433	9
4434	7
4435	8
4436	14
4437	10
4438	5
4439	4
4440	9
4441	8
4442	9
4443	7
4444	10
4445	14
4446	8
4447	10
4448	14
4449	10
4450	10
4451	10
4452	11
4453	13
4454	15
4455	12
4456	7
4457	14
4458	4
4459	12
4460	9
4461	11
4462	12
4463	8
4464	8
4465	10
4466	15
4467	9
4468	10
4469	6
4470	5
4471	12
4472	16
4473	10
4474	10
4475	16
4476	12
4477	11
4478	11
4479	9
4480	9
4481	12
4482	8
4483	7
4484	8
4485	12
4486	12
4487	8
4488	9
4489	10
4490	9
4491	10
4492	11
4493	11
4494	12
4495	7
4496	7
4497	6
4498	5
4499	14
4500	10
4501	9
4502	7
4503	8
4504	8
4505	11
4506	16
4507	9
4508	15
4509	16
4510	9
4511	6
4512	10
4513	10
4514	9
4515	7
4516	14
4517	14
4518	14
4519	10
4520	10
4521	13
4522	14
4523	8
4524	17
4525	10
4526	7
4527	9
4528	7
4529	8
4530	9
4531	12
4532	15
4533	10
4534	12
4535	9
4536	7
4537	6
4538	9
4539	11
4540	14
4541	9
4542	12
4543	11
4544	8
4545	8
4546	10
4547	4
4548	6
4549	13
4550	10
4551	8
4552	9
4553	9
4554	9
4555	6
4556	14
4557	9
4558	6
4559	6
4560	9
4561	12
4562	12
4563	8
4564	10
4565	14
4566	8
4567	11
4568	6
4569	13
4570	9
4571	11
4572	10
4573	6
4574	10
4575	10
4576	13
4577	10
4578	13
4579	9
4580	9
4581	10
4582	12
4583	9
4584	9
4585	8
4586	5
4587	9
4588	8
4589	10
4590	7
4591	10
4592	9
4593	14
4594	7
4595	12
4596	10
4597	11
4598	11
4599	10
4600	10
4601	8
4602	10
4603	12
4604	14
4605	13
4606	8
4607	8
4608	11
4609	10
4610	16
4611	8
4612	16
4613	15
4614	13
4615	7
4616	13
4617	15
4618	13
4619	13
4620	9
4621	12
4622	17
4623	14
4624	3
4625	6
4626	10
4627	15
4628	12
4629	15
4630	11
4631	15
4632	7
4633	10
4634	9
4635	10
4636	9
4637	5
4638	10
4639	9
4640	4
4641	13
4642	12
4643	8
4644	9
4645	7
4646	8
4647	6
4648	9
4649	8
4650	2
4651	9
4652	6
4653	10
4654	9
4655	13
4656	7
4657	12
4658	6
4659	6
4660	12
4661	8
4662	9
4663	12
4664	10
4665	12
4666	8
4667	9
4668	3
4669	12
4670	7
4671	8
4672	8
4673	8
4674	10
4675	8
4676	8
4677	5
4678	15
4679	3
4680	12
4681	11
4682	10
4683	8
4684	12
4685	12
4686	9
4687	10
4688	8
4689	14
4690	12
4691	8
4692	11
4693	4
4694	11
4695	11
4696	9
4697	8
4698	8
4699	9
4700	8
4701	12
4702	9
4703	9
4704	10
4705	9
4706	7
4707	11
4708	8
4709	12
4710	10
4711	9
4712	10
4713	12
4714	12
4715	9
4716	9
4717	6
4718	10
4719	8
4720	11
4721	8
4722	6
4723	8
4724	6
4725	5
4726	9
4727	5
4728	11
4729	10
4730	9
4731	9
4732	8
4733	9
4734	9
4735	10
4736	5
4737	12
4738	7
4739	15
4740	13
4741	6
4742	8
4743	8
4744	8
4745	16
4746	8
4747	6
4748	4
4749	8
4750	9
4751	11
4752	18
4753	7
4754	12
4755	9
4756	10
4757	11
4758	8
4759	8
4760	5
4761	5
4762	11
4763	16
4764	6
4765	11
4766	8
4767	11
4768	11
4769	6
4770	7
4771	6
4772	3
4773	15
4774	9
4775	11
4776	11
4777	11
4778	6
4779	4
4780	17
4781	12
4782	8
4783	8
4784	15
4785	10
4786	8
4787	7
4788	8
4789	7
4790	12
4791	12
4792	12
4793	11
4794	7
4795	9
4796	9
4797	7
4798	10
4799	10
4800	14
4801	9
4802	9
4803	2
4804	10
4805	12
4806	9
4807	8
4808	11
4809	11
4810	11
4811	10
4812	13
4813	11
4814	8
4815	12
4816	11
4817	6
4818	11
4819	8
4820	11
4821	9
4822	10
4823	10
4824	3
4825	9
4826	12
4827	5
4828	12
4829	9
4830	7
4831	11
4832	7
4833	9
4834	8
4835	6
4836	10
4837	6
4838	4
4839	6
4840	11
4841	13
4842	11
4843	9
4844	9
4845	14
4846	11
4847	9
4848	11
4849	9
4850	8
4851	10
4852	7
4853	9
4854	9
4855	10
4856	9
4857	10
4858	8
4859	15
4860	11
4861	11
4862	11
4863	11
4864	11
4865	8
4866	7
4867	8
4868	9
4869	6
4870	7
4871	7
4872	8
4873	12
4874	14
4875	13
4876	6
4877	5
4878	13
4879	11
4880	11
4881	11
4882	8
4883	8
4884	7
4885	8
4886	6
4887	8
4888	12
4889	12
4890	14
4891	16
4892	9
4893	8
4894	7
4895	15
4896	11
4897	3
4898	14
4899	10
4900	12
4901	10
4902	11
4903	11
4904	8
4905	6
4906	5
4907	8
4908	9
4909	9
4910	8
4911	7
4912	10
4913	10
4914	7
4915	7
4916	10
4917	11
4918	10
4919	8
4920	8
4921	13
4922	8
4923	6
4924	8
4925	10
4926	7
4927	4
4928	7
4929	12
4930	12
4931	6
4932	7
4933	10
4934	12
4935	5
4936	10
4937	6
4938	9
4939	8
4940	11
4941	15
4942	9
4943	9
4944	12
4945	11
4946	11
4947	9
4948	8
4949	12
4950	10
4951	8
4952	11
4953	10
4954	8
4955	10
4956	6
4957	4
4958	7
4959	12
4960	6
4961	11
4962	8
4963	10
4964	6
4965	8
4966	12
4967	6
4968	7
4969	3
4970	6
4971	6
4972	9
4973	4
4974	5
4975	10
4976	6
4977	11
4978	13
4979	9
4980	7
4981	15
4982	11
4983	10
4984	15
4985	17
4986	5
4987	6
4988	11
4989	13
4990	9
4991	7
4992	6
4993	9
4994	14
4995	9
4996	10
4997	8
4998	12
4999	11
5000	3
5001	13
5002	8
5003	7
5004	8
5005	13
5006	6
5007	8
5008	9
5009	9
5010	9
5011	16
5012	11
5013	13
5014	7
5015	4
5016	10
5017	7
5018	12
5019	7
5020	10
5021	8
5022	10
5023	13
5024	8
5025	13
5026	9
5027	10
5028	9
5029	12
5030	7
5031	9
5032	10
5033	14
5034	4
5035	7
5036	7
5037	8
5038	12
5039	10
5040	15
5041	6
5042	6
5043	7
5044	7
5045	8
5046	7
5047	8
5048	8
5049	11
5050	10
5051	8
5052	12
5053	12
5054	5
5055	12
5056	13
5057	9
5058	11
5059	13
5060	9
5061	12
5062	9
5063	12
5064	13
5065	14
5066	7
5067	12
5068	11
5069	7
5070	6
5071	13
5072	12
5073	10
5074	10
5075	7
5076	14
5077	7
5078	8
5079	11
5080	12
5081	9
5082	14
5083	12
5084	8
5085	12
5086	15
5087	10
5088	12
5089	13
5090	6
5091	9
5092	6
5093	7
5094	9
5095	9
5096	14
5097	8
5098	13
5099	17
5100	9
5101	11
5102	10
5103	12
5104	9
5105	15
5106	9
5107	8
5108	4
5109	11
5110	5
5111	13
5112	5
5113	12
5114	8
5115	19
5116	11
5117	10
5118	4
5119	16
5120	15
5121	6
5122	15
5123	7
5124	13
5125	4
5126	5
5127	12
5128	11
5129	16
5130	9
5131	2
5132	14
5133	10
5134	5
5135	9
5136	7
5137	12
5138	6
5139	12
5140	5
5141	11
5142	14
5143	8
5144	9
5145	12
5146	7
5147	12
5148	7
5149	9
5150	7
5151	7
5152	12
5153	8
5154	12
5155	9
5156	12
5157	13
5158	12
5159	5
5160	9
5161	11
5162	12
5163	9
5164	9
5165	11
5166	10
5167	7
5168	12
5169	8
5170	14
5171	10
5172	11
5173	9
5174	16
5175	6
5176	8
5177	12
5178	5
5179	10
5180	11
5181	11
5182	6
5183	4
5184	12
5185	12
5186	18
5187	9
5188	12
5189	8
5190	7
5191	12
5192	4
5193	21
5194	7
5195	10
5196	12
5197	5
5198	6
5199	8
5200	11
5201	9
5202	3
5203	10
5204	7
5205	6
5206	11
5207	10
5208	10
5209	12
5210	6
5211	7
5212	10
5213	11
5214	8
5215	10
5216	13
5217	13
5218	5
5219	8
5220	10
5221	11
5222	8
5223	8
5224	8
5225	5
5226	10
5227	7
5228	10
5229	6
5230	12
5231	7
5232	10
5233	16
5234	10
5235	10
5236	12
5237	11
5238	6
5239	4
5240	6
5241	9
5242	8
5243	10
5244	6
5245	6
5246	8
5247	5
5248	6
5249	11
5250	9
5251	11
5252	12
5253	16
5254	6
5255	6
5256	6
5257	11
5258	11
5259	9
5260	10
5261	3
5262	8
5263	12
5264	8
5265	15
5266	9
5267	9
5268	6
5269	6
5270	5
5271	5
5272	9
5273	9
5274	8
5275	4
5276	4
5277	10
5278	4
5279	6
5280	7
5281	7
5282	6
5283	6
5284	11
5285	12
5286	6
5287	9
5288	5
5289	10
5290	7
5291	7
5292	8
5293	8
5294	5
5295	5
5296	4
5297	6
5298	13
5299	8
5300	6
5301	5
5302	9
5303	8
5304	7
5305	2
5306	7
5307	11
5308	9
5309	6
5310	5
5311	10
5312	2
5313	10
5314	6
5315	6
5316	9
5317	3
5318	9
5319	5
5320	13
5321	8
5322	7
5323	7
5324	4
5325	5
5326	10
5327	13
5328	10
5329	5
5330	6
5331	11
5332	8
5333	12
5334	14
5335	9
5336	6
5337	4
5338	7
5339	1
5340	8
5341	9
5342	11
5343	7
5344	7
5345	9
5346	7
5347	8
5348	8
5349	5
5350	6
5351	9
5352	8
5353	5
5354	8
5355	8
5356	5
5357	10
5358	6
5359	7
5360	8
5361	8
5362	14
5363	8
5364	12
5365	10
5366	7
5367	13
5368	13
5369	15
5370	13
5371	9
5372	7
5373	10
5374	11
5375	10
5376	7
5377	11
5378	4
5379	14
5380	5
5381	8
5382	10
5383	7
5384	7
5385	7
5386	8
5387	13
5388	8
5389	7
5390	16
5391	7
5392	10
5393	8
5394	10
5395	18
5396	7
5397	9
5398	10
5399	9
5400	8
5401	9
5402	13
5403	11
5404	7
5405	7
5406	11
5407	7
5408	13
5409	9
5410	10
5411	12
5412	9
5413	12
5414	12
5415	10
5416	9
5417	6
5418	7
5419	15
5420	12
5421	9
5422	10
5423	14
5424	6
5425	5
5426	14
5427	12
5428	11
5429	7
5430	14
5431	5
5432	19
5433	9
5434	20
5435	7
5436	11
5437	9
5438	4
5439	11
5440	9
5441	4
5442	7
5443	4
5444	8
5445	12
5446	14
5447	7
5448	5
5449	8
5450	15
5451	15
5452	11
5453	5
5454	12
5455	13
5456	7
5457	9
5458	13
5459	11
5460	10
5461	8
5462	13
5463	10
5464	9
5465	9
5466	12
5467	6
5468	13
5469	9
5470	12
5471	13
5472	11
5473	11
5474	13
5475	11
5476	15
5477	10
5478	11
5479	9
5480	8
5481	13
5482	8
5483	6
5484	10
5485	10
5486	10
5487	12
5488	8
5489	11
5490	13
5491	10
5492	6
5493	7
5494	9
5495	10
5496	7
5497	8
5498	8
5499	10
5500	11
5501	7
5502	12
5503	9
5504	10
5505	10
5506	9
5507	8
5508	11
5509	6
5510	11
5511	10
5512	4
5513	9
5514	3
5515	4
5516	10
5517	7
5518	9
5519	6
5520	9
5521	5
5522	10
5523	5
5524	5
5525	7
5526	3
5527	6
5528	12
5529	11
5530	7
5531	5
5532	11
5533	10
5534	6
5535	4
5536	14
5537	8
5538	5
5539	6
5540	6
5541	8
5542	9
5543	5
5544	7
5545	5
5546	6
5547	4
5548	11
5549	8
5550	6
5551	14
5552	6
5553	8
5554	7
5555	5
5556	4
5557	11
5558	8
5559	7
5560	9
5561	9
5562	10
5563	10
5564	6
5565	13
5566	5
5567	12
5568	14
5569	9
5570	8
5571	10
5572	8
5573	8
5574	5
5575	7
5576	5
5577	7
5578	10
5579	9
5580	10
5581	10
5582	10
5583	10
5584	11
5585	11
5586	5
5587	9
5588	2
5589	10
5590	12
5591	7
5592	9
5593	6
5594	9
5595	7
5596	11
5597	16
5598	7
5599	7
5600	12
5601	11
5602	12
5603	8
5604	15
5605	8
5606	7
5607	6
5608	4
5609	11
5610	13
5611	10
5612	5
5613	6
5614	9
5615	6
5616	7
5617	12
5618	16
5619	7
5620	7
5621	8
5622	10
5623	13
5624	8
5625	12
5626	9
5627	5
5628	12
5629	9
5630	10
5631	10
5632	8
5633	12
5634	10
5635	8
5636	13
5637	11
5638	13
5639	7
5640	8
5641	9
5642	6
5643	13
5644	11
5645	8
5646	5
5647	5
5648	12
5649	15
5650	8
5651	14
5652	9
5653	18
5654	11
5655	10
5656	7
5657	11
5658	16
5659	4
5660	11
5661	6
5662	14
5663	9
5664	9
5665	10
5666	9
5667	12
5668	5
5669	5
5670	10
5671	7
5672	10
5673	5
5674	3
5675	9
5676	9
5677	16
5678	7
5679	8
5680	7
5681	7
5682	6
5683	16
5684	7
5685	8
5686	9
5687	7
5688	9
5689	8
5690	16
5691	5
5692	7
5693	6
5694	6
5695	7
5696	16
5697	11
5698	4
5699	9
5700	6
5701	7
5702	7
5703	8
5704	9
5705	11
5706	7
5707	5
5708	6
5709	14
5710	9
5711	8
5712	9
5713	11
5714	12
5715	11
5716	8
5717	11
5718	13
5719	9
5720	8
5721	7
5722	8
5723	9
5724	4
5725	10
5726	6
5727	8
5728	9
5729	13
5730	9
5731	9
5732	11
5733	9
5734	8
5735	10
5736	12
5737	10
5738	6
5739	15
5740	17
5741	14
5742	8
5743	11
5744	8
5745	9
5746	7
5747	8
5748	10
5749	9
5750	8
5751	6
5752	7
5753	13
5754	12
5755	9
5756	4
5757	7
5758	9
5759	11
5760	6
5761	7
5762	14
5763	10
5764	3
5765	9
5766	9
5767	7
5768	5
5769	7
5770	7
5771	14
5772	12
5773	10
5774	8
5775	5
5776	7
5777	10
5778	15
5779	9
5780	10
5781	11
5782	9
5783	13
5784	9
5785	11
5786	8
5787	9
5788	11
5789	7
5790	6
5791	8
5792	16
5793	11
5794	9
5795	8
5796	8
5797	16
5798	10
5799	7
5800	11
5801	7
5802	12
5803	20
5804	12
5805	10
5806	14
5807	16
5808	10
5809	15
5810	11
5811	9
5812	6
5813	14
5814	12
5815	9
5816	6
5817	13
5818	7
5819	5
5820	10
5821	12
5822	18
5823	12
5824	14
5825	7
5826	21
5827	8
5828	10
5829	12
5830	14
5831	8
5832	12
5833	14
5834	12
5835	8
5836	14
5837	15
5838	11
5839	13
5840	21
5841	20
5842	14
5843	11
5844	8
5845	5
5846	14
5847	13
5848	11
5849	11
5850	6
5851	14
5852	7
5853	10
5854	8
5855	6
5856	13
5857	10
5858	13
5859	10
5860	8
5861	6
5862	12
5863	11
5864	10
5865	10
5866	9
5867	9
5868	9
5869	14
5870	8
5871	14
5872	10
5873	17
5874	12
5875	9
5876	12
5877	9
5878	6
5879	8
5880	8
5881	5
5882	13
5883	11
5884	14
5885	7
5886	5
5887	13
5888	10
5889	11
5890	10
5891	8
5892	8
5893	11
5894	10
5895	11
5896	8
5897	10
5898	9
5899	5
5900	13
5901	15
5902	14
5903	8
5904	10
5905	12
5906	7
5907	5
5908	6
5909	11
5910	8
5911	9
5912	9
5913	17
5914	12
5915	8
5916	5
5917	7
5918	14
5919	8
5920	9
5921	7
5922	16
5923	8
5924	7
5925	11
5926	12
5927	10
5928	9
5929	7
5930	7
5931	13
5932	12
5933	9
5934	12
5935	12
5936	11
5937	6
5938	13
5939	10
5940	18
5941	10
5942	9
5943	6
5944	10
5945	10
5946	17
5947	15
5948	17
5949	7
5950	11
5951	9
5952	9
5953	7
5954	5
5955	14
5956	6
5957	12
5958	10
5959	10
5960	15
5961	8
5962	3
5963	15
5964	13
5965	12
5966	14
5967	19
5968	14
5969	12
5970	12
5971	8
5972	10
5973	12
5974	9
5975	10
5976	10
5977	7
5978	10
5979	11
5980	13
5981	11
5982	9
5983	10
5984	8
5985	17
5986	8
5987	15
5988	12
5989	12
5990	8
5991	9
5992	15
5993	10
5994	7
5995	7
5996	15
5997	9
5998	10
5999	11
6000	10
6001	9
6002	14
6003	10
6004	13
6005	9
6006	12
6007	9
6008	6
6009	4
6010	5
6011	14
6012	4
6013	8
6014	15
6015	9
6016	7
6017	11
6018	8
6019	10
6020	7
6021	12
6022	11
6023	16
6024	6
6025	13
6026	18
6027	3
6028	6
6029	6
6030	11
6031	11
6032	8
6033	4
6034	10
6035	9
6036	10
6037	9
6038	10
6039	12
6040	13
6041	11
6042	16
6043	8
6044	10
6045	6
6046	6
6047	18
6048	8
6049	13
6050	7
6051	6
6052	9
6053	5
6054	4
6055	12
6056	13
6057	17
6058	11
6059	4
6060	7
6061	12
6062	9
6063	9
6064	7
6065	15
6066	11
6067	9
6068	6
6069	9
6070	6
6071	5
6072	8
6073	11
6074	7
6075	14
6076	13
6077	8
6078	8
6079	7
6080	9
6081	9
6082	10
6083	6
6084	6
6085	9
6086	16
6087	9
6088	4
6089	10
6090	5
6091	4
6092	5
6093	11
6094	10
6095	4
6096	11
6097	5
6098	6
6099	6
6100	16
6101	10
6102	5
6103	5
6104	4
6105	7
6106	6
6107	10
6108	15
6109	6
6110	8
6111	8
6112	5
6113	11
6114	8
6115	11
6116	10
6117	8
6118	9
6119	7
6120	7
6121	7
6122	6
6123	6
6124	5
6125	11
6126	9
6127	14
6128	6
6129	9
6130	7
6131	5
6132	8
6133	13
6134	10
6135	7
6136	9
6137	14
6138	10
6139	4
6140	10
6141	5
6142	9
6143	8
6144	11
6145	10
6146	7
6147	4
6148	10
6149	7
6150	5
6151	6
6152	7
6153	6
6154	9
6155	9
6156	9
6157	10
6158	7
6159	8
6160	12
6161	8
6162	11
6163	6
6164	6
6165	9
6166	6
6167	13
6168	5
6169	12
6170	5
6171	9
6172	6
6173	7
6174	6
6175	7
6176	14
6177	8
6178	9
6179	10
6180	7
6181	6
6182	5
6183	9
6184	9
6185	9
6186	8
6187	6
6188	8
6189	8
6190	7
6191	8
6192	2
6193	8
6194	8
6195	11
6196	7
6197	8
6198	9
6199	2
6200	12
6201	4
6202	6
6203	7
6204	6
6205	9
6206	12
6207	10
6208	8
6209	7
6210	6
6211	3
6212	6
6213	7
6214	4
6215	8
6216	10
6217	6
6218	4
6219	7
6220	8
6221	7
6222	10
6223	11
6224	7
6225	4
6226	4
6227	4
6228	10
6229	7
6230	6
6231	8
6232	6
6233	6
6234	6
6235	6
6236	3
6237	11
6238	9
6239	4
6240	5
6241	4
6242	3
6243	7
6244	3
6245	8
6246	9
6247	5
6248	5
6249	6
6250	8
6251	9
6252	5
6253	7
6254	17
6255	8
6256	10
6257	5
6258	8
6259	9
6260	8
6261	10
6262	10
6263	3
6264	8
6265	10
6266	6
6267	10
6268	5
6269	3
6270	7
6271	4
6272	6
6273	5
6274	1
6275	3
6276	5
6277	6
6278	6
6279	5
6280	10
6281	5
6282	6
6283	9
6284	4
6285	3
6286	11
6287	3
6288	7
6289	3
6290	7
6291	6
6292	7
6293	3
6294	8
6295	0
6296	4
6297	4
6298	6
6299	3
6300	5
6301	5
6302	4
6303	6
6304	7
6305	10
6306	5
6307	2
6308	4
6309	8
6310	3
6311	4
6312	7
6313	8
6314	6
6315	10
6316	2
6317	12
6318	5
6319	7
6320	4
6321	4
6322	4
6323	6
6324	5
6325	4
6326	4
6327	9
6328	2
6329	4
6330	5
6331	9
6332	6
6333	5
6334	4
6335	4
6336	4
6337	6
6338	5
6339	6
6340	5
6341	11
6342	5
6343	3
6344	2
6345	2
6346	3
6347	7
6348	3
6349	6
6350	5
6351	3
6352	1
6353	4
6354	9
6355	2
6356	5
6357	10
6358	2
6359	2
6360	6
6361	3
6362	5
6363	4
6364	7
6365	5
6366	5
6367	7
6368	6
6369	6
6370	2
6371	3
6372	6
6373	5
6374	4
6375	0
6376	5
6377	6
6378	3
6379	1
6380	0
6381	3
6382	11
6383	3
6384	3
6385	6
6386	2
6387	4
6388	6
6389	4
6390	5
6391	2
6392	5
6393	1
6394	4
6395	2
6396	1
6397	2
6398	1
6399	3
6400	5
6401	5
6402	5
6403	2
6404	3
6405	0
6406	3
6407	3
6408	3
6409	5
6410	2
6411	3
6412	1
6413	3
6414	4
6415	10
6416	3
6417	2
6418	5
6419	1
6420	3
6421	2
6422	2
6423	1
6424	2
6425	3
6426	3
6427	1
6428	1
6429	1
6430	2
6431	1
6432	5
6433	0
6434	3
6435	4
6436	2
6437	3
6438	5
6439	3
6440	5
6441	3
6442	2
6443	2
6444	2
6445	4
6446	0
6447	2
6448	2
6449	2
6450	0
6451	2
6452	1
6453	1
6454	4
6455	1
6456	2
6457	3
6458	0
6459	2
6460	1
6461	1
6462	1
6463	0
6464	1
6465	3
6466	1
6467	3
6468	0
6469	2
6470	2
6471	2
6472	3
6473	4
6474	4
6475	4
6476	3
6477	1
6478	4
6479	1
6480	2
6481	1
6482	3
6483	2
6484	6
6485	2
6486	1
6487	2
6488	3
6489	0
6490	2
6491	1
6492	2
6493	0
6494	2
6495	3
6496	1
6497	4
6498	4
6499	4
6500	1
6501	7
6502	2
6503	3
6504	2
6505	3
6506	2
6507	5
6508	3
6509	3
6510	0
6511	1
6512	4
6513	1
6514	1
6515	0
6516	1
6517	0
6518	5
6519	5
6520	6
6521	2
6522	4
6523	1
6524	0
6525	3
6526	2
6527	4
6528	1
6529	1
6530	1
6531	3
6532	1
6533	4
6534	3
6535	4
6536	2
6537	4
6538	2
6539	0
6540	3
6541	1
6542	0
6543	3
6544	4
6545	5
6546	3
6547	2
6548	5
6549	0
6550	1
6551	2
6552	0
6553	4
6554	0
6555	5
6556	4
6557	4
6558	1
6559	1
6560	1
6561	1
6562	3
6563	3
6564	4
6565	5
6566	1
6567	4
6568	1
6569	1
6570	1
6571	4
6572	2
6573	0
6574	1
6575	3
6576	2
6577	4
6578	2
6579	3
6580	4
6581	2
6582	3
6583	4
6584	3
6585	0
6586	1
6587	3
6588	2
6589	4
6590	3
6591	2
6592	1
6593	5
6594	4
6595	0
6596	8
6597	1
6598	0
6599	1
6600	0
6601	1
6602	4
6603	2
6604	4
6605	4
6606	1
6607	3
6608	3
6609	1
6610	0
6611	2
6612	3
6613	3
6614	5
6615	2
6616	4
6617	4
6618	3
6619	2
6620	3
6621	2
6622	2
6623	3
6624	2
6625	6
6626	2
6627	3
6628	2
6629	3
6630	4
6631	4
6632	2
6633	2
6634	0
6635	5
6636	1
6637	3
6638	3
6639	2
6640	3
6641	2
6642	2
6643	3
6644	5
6645	3
6646	2
6647	2
6648	4
6649	1
6650	0
6651	4
6652	2
6653	4
6654	3
6655	1
6656	1
6657	5
6658	1
6659	2
6660	0
6661	2
6662	3
6663	3
6664	3
6665	0
6666	3
6667	4
6668	0
6669	3
6670	3
6671	1
6672	1
6673	1
6674	3
6675	2
6676	3
6677	1
6678	0
6679	1
6680	4
6681	3
6682	3
6683	1
6684	2
6685	0
6686	2
6687	0
6688	3
6689	4
6690	2
6691	3
6692	2
6693	2
6694	3
6695	3
6696	2
6697	2
6698	2
6699	2
6700	1
6701	2
6702	1
6703	2
6704	2
6705	1
6706	3
6707	2
6708	0
6709	3
6710	3
6711	3
6712	2
6713	2
6714	1
6715	1
6716	1
6717	1
6718	2
6719	1
6720	1
6721	4
6722	1
6723	2
6724	3
6725	3
6726	4
6727	0
6728	3
6729	2
6730	4
6731	1
6732	2
6733	0
6734	0
6735	3
6736	1
6737	3
6738	4
6739	0
6740	1
6741	3
6742	3
6743	1
6744	4
6745	2
6746	2
6747	3
6748	4
6749	4
6750	0
6751	2
6752	2
6753	2
6754	1
6755	2
6756	5
6757	0
6758	3
6759	1
6760	3
6761	3
6762	1
6763	1
6764	3
6765	2
6766	0
6767	2
6768	7
6769	4
6770	4
6771	2
6772	2
6773	2
6774	2
6775	1
6776	0
6777	1
6778	3
6779	1
6780	0
6781	1
6782	1
6783	1
6784	1
6785	3
6786	4
6787	6
6788	1
6789	1
6790	2
6791	2
6792	4
6793	2
6794	0
6795	2
6796	2
6797	1
6798	2
6799	2
6800	4
6801	0
6802	1
6803	1
6804	5
6805	4
6806	2
6807	1
6808	2
6809	1
6810	2
6811	3
6812	2
6813	3
6814	3
6815	4
6816	1
6817	1
6818	6
6819	3
6820	3
6821	0
6822	4
6823	2
6824	0
6825	1
6826	0
6827	2
6828	2
6829	1
6830	2
6831	1
6832	1
6833	1
6834	1
6835	3
6836	1
6837	2
6838	1
6839	0
6840	2
6841	2
6842	0
6843	4
6844	1
6845	1
6846	2
6847	3
6848	5
6849	3
6850	3
6851	1
6852	1
6853	0
6854	1
6855	1
6856	1
6857	2
6858	1
6859	2
6860	1
6861	1
6862	0
6863	1
6864	3
6865	0
6866	0
6867	1
6868	2
6869	1
6870	4
6871	2
6872	2
6873	1
6874	2
6875	1
6876	2
6877	3
6878	1
6879	1
6880	2
6881	0
6882	2
6883	2
6884	2
6885	1
6886	2
6887	0
6888	3
6889	1
6890	2
6891	2
6892	0
6893	0
6894	2
6895	2
6896	0
6897	1
6898	1
6899	2
6900	1
6901	1
6902	2
6903	3
6904	3
6905	2
6906	0
6907	0
6908	3
6909	0
6910	1
6911	0
6912	0
6913	2
6914	1
6915	0
6916	3
6917	4
6918	0
6919	0
6920	1
6921	1
6922	2
6923	2
6924	4
6925	0
6926	3
6927	0
6928	0
6929	0
6930	5
6931	1
6932	4
6933	1
6934	3
6935	1
6936	1
6937	3
6938	1
6939	1
6940	2
6941	2
6942	0
6943	1
6944	1
6945	3
6946	1
6947	2
6948	2
6949	0
6950	3
6951	0
6952	1
6953	1
6954	2
6955	1
6956	2
6957	0
6958	1
6959	4
6960	3
6961	2
6962	1
6963	0
6964	2
6965	1
6966	1
6967	1
6968	1
6969	4
6970	0
6971	2
6972	1
6973	2
6974	2
6975	0
6976	3
6977	0
6978	2
6979	0
6980	1
6981	2
6982	0
6983	2
6984	2
6985	4
6986	0
6987	0
6988	0
6989	1
6990	1
6991	1
6992	0
6993	5
6994	1
6995	0
6996	0
6997	1
6998	0
6999	3
7000	0
7001	1
7002	3
7003	1
7004	1
7005	1
7006	1
7007	1
7008	1
7009	1
7010	0
7011	0
7012	2
7013	0
7014	2
7015	0
7016	0
7017	3
7018	4
7019	4
7020	0
7021	1
7022	1
7023	2
7024	1
7025	2
7026	3
7027	2
7028	1
7029	1
7030	3
7031	0
7032	1
7033	1
7034	1
7035	1
7036	2
7037	4
7038	0
7039	1
7040	3
7041	0
7042	1
7043	0
7044	2
7045	2
7046	1
7047	0
7048	1
7049	0
7050	1
7051	3
7052	0
7053	0
7054	0
7055	1
7056	1
7057	1
7058	2
7059	0
7060	0
7061	2
7062	1
7063	1
7064	3
7065	0
7066	0
7067	1
7068	2
7069	1
7070	2
7071	1
7072	0
7073	1
7074	0
7075	3
7076	1
7077	0
7078	0
7079	2
7080	2
7081	4
7082	2
7083	2
7084	2
7085	3
7086	1
7087	6
7088	3
7089	0
7090	0
7091	3
7092	2
7093	2
7094	2
7095	3
7096	1
7097	3
7098	0
7099	2
7100	1
7101	3
7102	1
7103	0
7104	2
7105	3
7106	0
7107	0
7108	0
7109	1
7110	2
7111	0
7112	0
7113	2
7114	5
7115	1
7116	1
7117	0
7118	5
7119	2
7120	1
7121	1
7122	1
7123	1
7124	0
7125	4
7126	3
7127	1
7128	0
7129	3
7130	4
7131	2
7132	3
7133	4
7134	0
7135	3
7136	1
7137	2
7138	1
7139	0
7140	0
7141	1
7142	2
7143	1
7144	0
7145	0
7146	2
7147	0
7148	0
7149	0
7150	0
7151	2
7152	2
7153	0
7154	1
7155	2
7156	3
7157	1
7158	2
7159	0
7160	0
7161	2
7162	2
7163	0
7164	1
7165	2
7166	0
7167	2
7168	1
7169	1
7170	0
7171	1
7172	3
7173	1
7174	1
7175	2
7176	0
7177	1
7178	0
7179	0
7180	0
7181	1
7182	1
7183	0
7184	1
7185	3
7186	1
7187	0
7188	0
7189	5
7190	3
7191	2
7192	1
7193	2
7194	1
7195	1
7196	1
7197	0
7198	0
7199	3
7200	4
7201	2
7202	1
7203	5
7204	1
7205	2
7206	3
7207	2
7208	2
7209	2
7210	1
7211	2
7212	1
7213	0
7214	1
7215	6
7216	2
7217	3
7218	2
7219	3
7220	1
7221	0
7222	2
7223	0
7224	1
7225	1
7226	1
7227	0
7228	0
7229	1
7230	1
7231	1
7232	1
7233	0
7234	4
7235	0
7236	2
7237	0
7238	3
7239	4
7240	0
7241	1
7242	1
7243	0
7244	2
7245	1
7246	1
7247	2
7248	4
7249	3
7250	1
7251	1
7252	1
7253	2
7254	2
7255	0
7256	4
7257	1
7258	4
7259	1
7260	2
7261	2
7262	4
7263	1
7264	1
7265	1
7266	2
7267	0
7268	2
7269	0
7270	2
7271	1
7272	3
7273	2
7274	1
7275	1
7276	3
7277	2
7278	1
7279	1
7280	5
7281	2
7282	1
7283	0
7284	2
7285	0
7286	0
7287	3
7288	1
7289	2
7290	3
7291	1
7292	1
7293	2
7294	3
7295	1
7296	1
7297	0
7298	1
7299	1
7300	0
7301	3
7302	1
7303	1
7304	1
7305	1
7306	1
7307	3
7308	0
7309	0
7310	4
7311	0
7312	0
7313	1
7314	1
7315	0
7316	0
7317	0
7318	1
7319	2
7320	0
7321	3
7322	1
7323	2
7324	2
7325	2
7326	1
7327	4
7328	3
7329	0
7330	1
7331	1
7332	2
7333	3
7334	1
7335	2
7336	2
7337	4
7338	1
7339	2
7340	2
7341	1
7342	0
7343	1
7344	1
7345	3
7346	1
7347	1
7348	0
7349	2
7350	2
7351	0
7352	2
7353	1
7354	4
7355	1
7356	5
7357	1
7358	0
7359	1
7360	4
7361	3
7362	1
7363	1
7364	2
7365	1
7366	3
7367	1
7368	1
7369	0
7370	0
7371	1
7372	1
7373	1
7374	1
7375	2
7376	1
7377	0
7378	1
7379	4
7380	1
7381	0
7382	1
7383	1
7384	1
7385	3
7386	3
7387	2
7388	2
7389	2
7390	3
7391	0
7392	3
7393	1
7394	2
7395	1
7396	1
7397	2
7398	1
7399	1
7400	2
7401	3
7402	0
7403	2
7404	2
7405	2
7406	0
7407	0
7408	1
7409	1
7410	0
7411	1
7412	1
7413	1
7414	0
7415	0
7416	0
7417	1
7418	3
7419	1
7420	2
7421	2
7422	0
7423	3
7424	1
7425	3
7426	2
7427	2
7428	1
7429	0
7430	0
7431	1
7432	1
7433	2
7434	1
7435	1
7436	2
7437	1
7438	3
7439	1
7440	0
7441	1
7442	2
7443	1
7444	1
7445	1
7446	0
7447	0
7448	0
7449	1
7450	4
7451	3
7452	0
7453	2
7454	2
7455	0
7456	0
7457	2
7458	0
7459	5
7460	0
7461	1
7462	2
7463	1
7464	3
7465	1
7466	2
7467	0
7468	0
7469	1
7470	1
7471	2
7472	3
7473	0
7474	2
7475	0
7476	1
7477	0
7478	1
7479	0
7480	1
7481	0
7482	0
7483	0
7484	0
7485	2
7486	1
7487	0
7488	1
7489	1
7490	1
7491	0
7492	2
7493	2
7494	0
7495	2
7496	0
7497	1
7498	2
7499	1
7500	2
7501	1
7502	0
7503	2
7504	3
7505	1
7506	1
7507	2
7508	1
7509	2
7510	1
7511	3
7512	1
7513	0
7514	0
7515	0
7516	4
7517	1
7518	0
7519	1
7520	0
7521	1
7522	0
7523	4
7524	0
7525	1
7526	2
7527	2
7528	1
7529	0
7530	0
7531	0
7532	0
7533	2
7534	0
7535	2
7536	0
7537	2
7538	2
7539	0
7540	1
7541	1
7542	0
7543	0
7544	3
7545	1
7546	0
7547	2
7548	0
7549	0
7550	1
7551	1
7552	2
7553	1
7554	0
7555	2
7556	0
7557	1
7558	0
7559	0
7560	0
7561	0
7562	0
7563	1
7564	2
7565	4
7566	1
7567	0
7568	0
7569	0
7570	0
7571	2
7572	2
7573	4
7574	1
7575	1
7576	1
7577	2
7578	1
7579	0
7580	2
7581	1
7582	0
7583	1
7584	4
7585	2
7586	1
7587	0
7588	0
7589	1
7590	1
7591	3
7592	2
7593	1
7594	2
7595	0
7596	3
7597	1
7598	1
7599	1
7600	1
7601	1
7602	1
7603	6
7604	3
7605	0
7606	1
7607	2
7608	0
7609	1
7610	0
7611	1
7612	1
7613	2
7614	0
7615	0
7616	2
7617	0
7618	0
7619	0
7620	2
7621	0
7622	0
7623	1
7624	1
7625	0
7626	0
7627	0
7628	2
7629	1
7630	2
7631	1
7632	1
7633	0
7634	0
7635	1
7636	1
7637	0
7638	1
7639	0
7640	0
7641	1
7642	1
7643	2
7644	2
7645	0
7646	0
7647	0
7648	0
7649	4
7650	3
7651	0
7652	1
7653	1
7654	1
7655	1
7656	1
7657	0
7658	0
7659	2
7660	2
7661	1
7662	0
7663	2
7664	2
7665	1
7666	0
7667	0
7668	2
7669	0
7670	1
7671	0
7672	0
7673	0
7674	0
7675	3
7676	3
7677	0
7678	2
7679	0
7680	2
7681	3
7682	2
7683	1
7684	2
7685	0
7686	0
7687	1
7688	0
7689	3
7690	3
7691	2
7692	1
7693	1
7694	1
7695	2
7696	0
7697	0
7698	0
7699	1
7700	1
7701	0
7702	2
7703	1
7704	1
7705	1
7706	1
7707	1
7708	1
7709	3
7710	2
7711	2
7712	1
7713	3
7714	0
7715	0
7716	2
7717	2
7718	2
7719	1
7720	4
7721	2
7722	3
7723	3
7724	0
7725	2
7726	1
7727	0
7728	0
7729	1
7730	2
7731	1
7732	2
7733	0
7734	0
7735	2
7736	0
7737	1
7738	3
7739	1
7740	2
7741	1
7742	2
7743	3
7744	1
7745	1
7746	2
7747	1
7748	0
7749	1
7750	4
7751	3
7752	4
7753	1
7754	2
7755	5
7756	3
7757	1
7758	0
7759	0
7760	1
7761	2
7762	0
7763	3
7764	1
7765	1
7766	1
7767	3
7768	2
7769	2
7770	2
7771	1
7772	1
7773	1
7774	3
7775	3
7776	2
7777	1
7778	5
7779	1
7780	2
7781	0
7782	1
7783	3
7784	0
7785	1
7786	0
7787	1
7788	1
7789	0
7790	3
7791	1
7792	1
7793	3
7794	3
7795	2
7796	0
7797	2
7798	1
7799	0
7800	0
7801	3
7802	1
7803	0
7804	3
7805	1
7806	3
7807	0
7808	0
7809	0
7810	1
7811	1
7812	1
7813	1
7814	1
7815	1
7816	2
7817	0
7818	3
7819	1
7820	0
7821	0
7822	0
7823	1
7824	0
7825	1
7826	1
7827	0
7828	1
7829	0
7830	0
7831	1
7832	0
7833	0
7834	2
7835	2
7836	2
7837	0
7838	1
7839	1
7840	1
7841	3
7842	0
7843	1
7844	1
7845	1
7846	0
7847	2
7848	0
7849	1
7850	0
7851	2
7852	0
7853	1
7854	3
7855	0
7856	2
7857	1
7858	0
7859	0
7860	2
7861	1
7862	1
7863	0
7864	0
7865	0
7866	2
7867	1
7868	0
7869	1
7870	2
7871	2
7872	0
7873	1
7874	1
7875	0
7876	3
7877	1
7878	1
7879	0
7880	4
7881	0
7882	2
7883	1
7884	1
7885	4
7886	0
7887	2
7888	0
7889	2
7890	2
7891	4
7892	1
7893	0
7894	3
7895	1
7896	1
7897	0
7898	1
7899	1
7900	1
7901	0
7902	4
7903	2
7904	1
7905	0
7906	1
7907	0
7908	0
7909	1
7910	1
7911	1
7912	2
7913	0
7914	0
7915	2
7916	1
7917	1
7918	0
7919	0
7920	4
7921	1
7922	0
7923	0
7924	1
7925	1
7926	1
7927	1
7928	2
7929	2
7930	1
7931	0
7932	0
7933	1
7934	0
7935	2
7936	0
7937	2
7938	1
7939	1
7940	1
7941	1
7942	1
7943	1
7944	1
7945	0
7946	1
7947	0
7948	1
7949	0
7950	0
7951	3
7952	0
7953	1
7954	1
7955	0
7956	2
7957	0
7958	1
7959	0
7960	1
7961	0
7962	0
7963	1
7964	1
7965	0
7966	1
7967	0
7968	0
7969	0
7970	2
7971	0
7972	2
7973	0
7974	0
7975	3
7976	0
7977	0
7978	0
7979	1
7980	1
7981	0
7982	1
7983	0
7984	2
7985	0
7986	0
7987	0
7988	4
7989	2
7990	0
7991	2
7992	0
7993	0
7994	1
7995	3
7996	0
7997	1
7998	0
7999	3
8000	0
8001	2
8002	0
8003	1
8004	2
8005	0
8006	3
8007	1
8008	2
8009	1
8010	4
8011	1
8012	1
8013	2
8014	0
8015	0
8016	0
8017	0
8018	0
8019	0
8020	0
8021	3
8022	2
8023	0
8024	1
8025	1
8026	0
8027	0
8028	0
8029	1
8030	1
8031	0
8032	0
8033	1
8034	1
8035	1
8036	0
8037	0
8038	0
8039	0
8040	1
8041	0
8042	2
8043	3
8044	1
8045	2
8046	0
8047	1
8048	2
8049	0
8050	0
8051	0
8052	2
8053	1
8054	3
8055	0
8056	0
8057	0
8058	3
8059	0
8060	0
8061	1
8062	3
8063	1
8064	1
8065	0
8066	0
8067	0
8068	0
8069	3
8070	1
8071	2
8072	1
8073	1
8074	0
8075	3
8076	1
8077	1
8078	2
8079	0
8080	1
8081	2
8082	2
8083	3
8084	2
8085	3
8086	2
8087	1
8088	1
8089	0
8090	0
8091	1
8092	0
8093	1
8094	0
8095	0
8096	0
8097	0
8098	1
8099	1
8100	1
8101	1
8102	0
8103	1
8104	0
8105	2
8106	1
8107	0
8108	0
8109	2
8110	1
8111	0
8112	0
8113	1
8114	0
8115	0
8116	1
8117	2
8118	0
8119	1
8120	0
8121	1
8122	0
8123	1
8124	0
8125	1
8126	0
8127	0
8128	0
8129	2
8130	2
8131	0
8132	0
8133	0
8134	0
8135	0
8136	0
8137	1
8138	1
8139	0
8140	0
8141	1
8142	1
8143	1
8144	1
8145	2
8146	1
8147	4
8148	2
8149	2
8150	1
8151	0
8152	0
8153	0
8154	1
8155	0
8156	1
8157	1
8158	0
8159	3
8160	1
8161	0
8162	0
8163	0
8164	0
8165	1
8166	1
8167	1
8168	1
8169	1
8170	0
8171	1
8172	1
8173	2
8174	0
8175	1
8176	0
8177	0
8178	0
8179	0
8180	0
8181	2
8182	1
8183	0
8184	2
8185	2
8186	2
8187	1
8188	1
8189	1
8190	0
8191	2
8192	0
8193	0
8194	1
8195	1
8196	0
8197	0
8198	0
8199	1
8200	3
8201	1
8202	0
8203	1
8204	0
8205	2
8206	0
8207	1
8208	0
8209	0
8210	3
8211	0
8212	0
8213	1
8214	2
8215	0
8216	1
8217	0
8218	1
8219	0
8220	0
8221	1
8222	4
8223	1
8224	0
8225	0
8226	2
8227	0
8228	0
8229	0
8230	0
8231	1
8232	0
8233	0
8234	0
8235	0
8236	1
8237	1
8238	0
8239	0
8240	0
8241	0
8242	0
8243	1
8244	0
8245	0
8246	0
8247	0
8248	0
8249	0
8250	2
8251	1
8252	0
8253	0
8254	2
8255	2
8256	0
8257	0
8258	0
8259	0
8260	0
8261	0
8262	0
8263	1
8264	1
8265	0
8266	1
8267	1
8268	2
8269	0
8270	0
8271	2
8272	0
8273	2
8274	0
8275	1
8276	1
8277	1
8278	0
8279	0
8280	0
8281	1
8282	4
8283	1
8284	2
8285	0
8286	0
8287	0
8288	1
8289	0
8290	2
8291	1
8292	1
8293	2
8294	1
8295	0
8296	1
8297	0
8298	0
8299	0
8300	0
8301	0
8302	0
8303	1
8304	0
8305	0
8306	0
8307	0
8308	2
8309	0
8310	1
8311	0
8312	1
8313	0
8314	1
8315	0
8316	0
8317	1
8318	0
8319	4
8320	0
8321	2
8322	0
8323	2
8324	0
8325	1
8326	0
8327	1
8328	1
8329	1
8330	0
8331	5
8332	0
8333	1
8334	0
8335	0
8336	0
8337	1
8338	0
8339	2
8340	1
8341	1
8342	1
8343	0
8344	0
8345	1
8346	0
8347	1
8348	2
8349	0
8350	2
8351	0
8352	0
8353	1
8354	2
8355	0
8356	1
8357	1
8358	1
8359	4
8360	0
8361	1
8362	0
8363	0
8364	0
8365	0
8366	2
8367	1
8368	0
8369	1
8370	0
8371	0
8372	0
8373	0
8374	1
8375	1
8376	0
8377	1
8378	0
8379	3
8380	0
8381	1
8382	0
8383	1
8384	2
8385	1
8386	1
8387	0
8388	0
8389	0
8390	0
8391	2
8392	0
8393	0
8394	0
8395	1
8396	1
8397	0
8398	0
8399	1
8400	0
8401	1
8402	0
8403	2
8404	0
8405	1
8406	0
8407	0
8408	0
8409	0
8410	3
8411	3
8412	1
8413	2
8414	1
8415	0
8416	0
8417	1
8418	0
8419	1
8420	0
8421	1
8422	1
8423	0
8424	0
8425	0
8426	1
8427	0
8428	1
8429	0
8430	0
8431	0
8432	0
8433	0
8434	0
8435	1
8436	0
8437	0
8438	1
8439	0
8440	3
8441	2
8442	0
8443	0
8444	1
8445	2
8446	0
8447	1
8448	2
8449	0
8450	1
8451	0
8452	0
8453	1
8454	0
8455	2
8456	0
8457	0
8458	1
8459	2
8460	1
8461	0
8462	1
8463	0
8464	0
8465	1
8466	2
8467	0
8468	0
8469	2
8470	3
8471	1
8472	0
8473	1
8474	0
8475	0
8476	0
8477	2
8478	1
8479	0
8480	0
8481	0
8482	0
8483	0
8484	1
8485	2
8486	1
8487	1
8488	1
8489	0
8490	1
8491	2
8492	1
8493	0
8494	2
8495	1
8496	1
8497	0
8498	0
8499	0
8500	2
8501	1
8502	0
8503	0
8504	0
8505	0
8506	0
8507	1
8508	0
8509	0
8510	2
8511	0
8512	0
8513	1
8514	2
8515	2
8516	1
8517	2
8518	2
8519	1
8520	0
8521	2
8522	1
8523	0
8524	3
8525	0
8526	0
8527	0
8528	0
8529	1
8530	1
8531	1
8532	0
8533	1
8534	1
8535	0
8536	0
8537	0
8538	0
8539	2
8540	0
8541	0
8542	1
8543	0
8544	2
8545	0
8546	0
8547	0
8548	0
8549	1
8550	2
8551	0
8552	1
8553	0
8554	0
8555	1
8556	0
8557	2
8558	0
8559	1
8560	0
8561	2
8562	2
8563	3
8564	0
8565	3
8566	0
8567	2
8568	0
8569	1
8570	0
8571	0
8572	0
8573	0
8574	1
8575	2
8576	0
8577	0
8578	3
8579	1
8580	0
8581	1
8582	3
8583	0
8584	0
8585	1
8586	0
8587	2
8588	2
8589	0
8590	0
8591	2
8592	0
8593	1
8594	2
8595	0
8596	0
8597	0
8598	0
8599	1
8600	1
8601	0
8602	1
8603	0
8604	0
8605	0
8606	1
8607	0
8608	1
8609	1
8610	1
8611	3
8612	2
8613	0
8614	1
8615	0
8616	0
8617	0
8618	0
8619	3
8620	0
8621	0
8622	0
8623	1
8624	0
8625	1
8626	1
8627	1
8628	1
8629	4
8630	0
8631	1
8632	0
8633	0
8634	2
8635	1
8636	1
8637	0
8638	0
8639	1
8640	1
8641	1
8642	0
8643	3
8644	1
8645	0
8646	0
8647	1
8648	2
8649	1
8650	1
8651	1
8652	0
8653	1
8654	1
8655	0
8656	2
8657	1
8658	0
8659	0
8660	1
8661	1
8662	0
8663	1
8664	0
8665	1
8666	0
8667	1
8668	2
8669	0
8670	0
8671	1
8672	1
8673	1
8674	0
8675	2
8676	2
8677	1
8678	1
8679	0
8680	0
8681	0
8682	0
8683	0
8684	1
8685	0
8686	0
8687	0
8688	0
8689	1
8690	2
8691	1
8692	1
8693	0
8694	0
8695	1
8696	1
8697	0
8698	1
8699	0
8700	0
8701	2
8702	1
8703	0
8704	0
8705	1
8706	1
8707	1
8708	0
8709	2
8710	0
8711	3
8712	0
8713	0
8714	2
8715	0
8716	0
8717	0
8718	0
8719	1
8720	4
8721	3
8722	1
8723	1
8724	1
8725	0
8726	0
8727	2
8728	0
8729	2
8730	0
8731	1
8732	1
8733	2
8734	2
8735	1
8736	0
8737	0
8738	0
8739	1
8740	0
8741	1
8742	1
8743	1
8744	2
8745	2
8746	0
8747	0
8748	0
8749	1
8750	0
8751	1
8752	0
8753	1
8754	0
8755	1
8756	1
8757	0
8758	2
8759	1
8760	1
8761	0
8762	1
8763	1
8764	2
8765	1
8766	2
8767	1
8768	0
8769	2
8770	0
8771	1
8772	0
8773	0
8774	1
8775	1
8776	2
8777	0
8778	1
8779	0
8780	1
8781	1
8782	0
8783	1
8784	1
8785	1
8786	1
8787	1
8788	0
8789	1
8790	2
8791	0
8792	0
8793	1
8794	0
8795	3
8796	1
8797	0
8798	0
8799	0
8800	0
8801	0
8802	3
8803	0
8804	1
8805	2
8806	1
8807	0
8808	1
8809	0
8810	2
8811	0
8812	1
8813	1
8814	2
8815	1
8816	0
8817	0
8818	0
8819	0
8820	0
8821	1
8822	0
8823	2
8824	1
8825	0
8826	0
8827	2
8828	1
8829	0
8830	2
8831	1
8832	1
8833	0
8834	0
8835	0
8836	0
8837	0
8838	1
8839	1
8840	0
8841	1
8842	0
8843	0
8844	0
8845	0
8846	0
8847	0
8848	0
8849	0
8850	0
8851	1
8852	0
8853	1
8854	1
8855	0
8856	1
8857	0
8858	1
8859	0
8860	0
8861	1
8862	0
8863	1
8864	0
8865	0
8866	0
8867	1
8868	1
8869	3
8870	1
8871	0
8872	0
8873	1
8874	1
8875	3
8876	0
8877	0
8878	1
8879	1
8880	2
8881	0
8882	1
8883	0
8884	0
8885	0
8886	4
8887	0
8888	1
8889	1
8890	0
8891	2
8892	2
8893	1
8894	1
8895	1
8896	0
8897	1
8898	0
8899	1
8900	0
8901	1
8902	0
8903	1
8904	3
8905	1
8906	0
8907	0
8908	2
8909	1
8910	1
8911	0
8912	0
8913	1
8914	0
8915	2
8916	0
8917	0
8918	0
8919	0
8920	1
8921	0
8922	1
8923	0
8924	0
8925	0
8926	1
8927	0
8928	0
8929	0
8930	2
8931	1
8932	0
8933	0
8934	0
8935	0
8936	0
8937	0
8938	0
8939	1
8940	1
8941	0
8942	0
8943	0
8944	1
8945	1
8946	1
8947	1
8948	0
8949	0
8950	1
8951	0
8952	0
8953	0
8954	0
8955	2
8956	0
8957	0
8958	0
8959	0
8960	1
8961	1
8962	0
8963	0
8964	0
8965	0
8966	0
8967	0
8968	1
8969	0
8970	1
8971	1
8972	2
8973	1
8974	0
8975	1
8976	0
8977	0
8978	1
8979	2
8980	1
8981	0
8982	0
8983	2
8984	0
8985	0
8986	0
8987	0
8988	1
8989	0
8990	0
8991	0
8992	0
8993	0
8994	0
8995	2
8996	2
8997	0
8998	1
8999	0
9000	1
9001	1
9002	1
9003	0
9004	0
9005	0
9006	0
9007	0
9008	2
9009	1
9010	0
9011	0
9012	0
9013	0
9014	0
9015	0
9016	0
9017	1
9018	1
9019	2
9020	0
9021	0
9022	1
9023	1
9024	0
9025	1
9026	0
9027	1
9028	0
9029	0
9030	1
9031	2
9032	0
9033	0
9034	0
9035	0
9036	0
9037	0
9038	0
9039	3
9040	0
9041	0
9042	2
9043	0
9044	0
9045	0
9046	1
9047	0
9048	4
9049	0
9050	0
9051	0
9052	2
9053	0
9054	1
9055	0
9056	1
9057	0
9058	0
9059	0
9060	1
9061	0
9062	2
9063	1
9064	0
9065	1
9066	0
9067	1
9068	0
9069	1
9070	2
9071	1
9072	1
9073	0
9074	0
9075	0
9076	2
9077	0
9078	1
9079	0
9080	0
9081	0
9082	2
9083	1
9084	0
9085	0
9086	3
9087	0
9088	0
9089	1
9090	0
9091	1
9092	0
9093	1
9094	0
9095	1
9096	2
9097	1
9098	2
9099	0
9100	1
9101	0
9102	1
9103	1
9104	1
9105	0
9106	0
9107	0
9108	1
9109	0
9110	0
9111	1
9112	0
9113	2
9114	1
9115	0
9116	3
9117	2
9118	1
9119	0
9120	0
9121	0
9122	0
9123	1
9124	0
9125	1
9126	1
9127	0
9128	0
9129	0
9130	3
9131	1
9132	2
9133	1
9134	0
9135	1
9136	0
9137	1
9138	0
9139	0
9140	2
9141	0
9142	0
9143	0
9144	0
9145	1
9146	0
9147	1
9148	0
9149	3
9150	1
9151	1
9152	1
9153	1
9154	0
9155	0
9156	0
9157	1
9158	0
9159	0
9160	0
9161	0
9162	0
9163	0
9164	1
9165	1
9166	0
9167	0
9168	2
9169	0
9170	0
9171	1
9172	0
9173	2
9174	1
9175	1
9176	1
9177	0
9178	1
9179	0
9180	0
9181	0
9182	1
9183	0
9184	1
9185	1
9186	0
9187	1
9188	0
9189	2
9190	1
9191	1
9192	0
9193	1
9194	0
9195	1
9196	0
9197	1
9198	0
9199	3
9200	1
9201	0
9202	2
9203	3
9204	0
9205	1
9206	0
9207	0
9208	0
9209	0
9210	1
9211	0
9212	0
9213	1
9214	0
9215	1
9216	0
9217	1
9218	1
9219	0
9220	0
9221	0
9222	1
9223	0
9224	0
9225	0
9226	2
9227	0
9228	0
9229	2
9230	1
9231	0
9232	2
9233	0
9234	0
9235	3
9236	0
9237	0
9238	1
9239	0
9240	1
9241	0
9242	1
9243	0
9244	0
9245	0
9246	2
9247	2
9248	0
9249	0
9250	0
9251	1
9252	2
9253	1
9254	2
9255	0
9256	0
9257	0
9258	1
9259	0
9260	0
9261	0
9262	2
9263	0
9264	0
9265	1
9266	2
9267	2
9268	0
9269	2
9270	0
9271	0
9272	3
9273	0
9274	0
9275	0
9276	1
9277	0
9278	1
9279	0
9280	1
9281	0
9282	1
9283	0
9284	2
9285	1
9286	0
9287	0
9288	0
9289	0
9290	1
9291	2
9292	0
9293	1
9294	1
9295	2
9296	0
9297	0
9298	0
9299	0
9300	1
9301	1
9302	1
9303	0
9304	0
9305	1
9306	1
9307	1
9308	1
9309	1
9310	1
9311	0
9312	1
9313	1
9314	0
9315	0
9316	1
9317	1
9318	1
9319	1
9320	0
9321	1
9322	0
9323	0
9324	0
9325	2
9326	0
9327	0
9328	2
9329	0
9330	1
9331	0
9332	1
9333	0
9334	2
9335	0
9336	0
9337	1
9338	1
9339	0
9340	1
9341	2
9342	0
9343	0
9344	1
9345	1
9346	1
9347	0
9348	0
9349	0
9350	1
9351	0
9352	4
9353	2
9354	0
9355	1
9356	0
9357	1
9358	0
9359	0
9360	1
9361	0
9362	1
9363	0
9364	1
9365	0
9366	1
9367	1
9368	0
9369	0
9370	2
9371	1
9372	0
9373	0
9374	2
9375	0
9376	1
9377	0
9378	1
9379	0
9380	0
9381	1
9382	1
9383	0
9384	1
9385	0
9386	1
9387	0
9388	0
9389	0
9390	0
9391	3
9392	3
9393	1
9394	1
9395	0
9396	0
9397	1
9398	0
9399	0
9400	1
9401	1
9402	2
9403	1
9404	2
9405	1
9406	1
9407	0
9408	0
9409	1
9410	0
9411	0
9412	1
9413	0
9414	0
9415	1
9416	1
9417	2
9418	0
9419	1
9420	0
9421	0
9422	0
9423	1
9424	1
9425	1
9426	2
9427	0
9428	0
9429	0
9430	0
9431	0
9432	3
9433	1
9434	0
9435	0
9436	0
9437	0
9438	0
9439	3
9440	1
9441	1
9442	0
9443	0
9444	2
9445	2
9446	3
9447	0
9448	2
9449	0
9450	1
9451	2
9452	2
9453	1
9454	1
9455	1
9456	1
9457	0
9458	0
9459	0
9460	0
9461	0
9462	1
9463	0
9464	0
9465	0
9466	2
9467	0
9468	0
9469	1
9470	0
9471	0
9472	2
9473	1
9474	0
9475	0
9476	1
9477	1
9478	2
9479	1
9480	1
9481	1
9482	0
9483	0
9484	0
9485	0
9486	0
9487	0
9488	0
9489	1
9490	3
9491	1
9492	1
9493	0
9494	1
9495	0
9496	2
9497	1
9498	2
9499	0
9500	2
9501	2
9502	2
9503	0
9504	1
9505	1
9506	1
9507	0
9508	2
9509	1
9510	1
9511	2
9512	1
9513	1
9514	2
9515	2
9516	1
9517	2
9518	1
9519	1
9520	2
9521	0
9522	0
9523	0
9524	3
9525	1
9526	1
9527	2
9528	1
9529	0
9530	0
9531	0
9532	2
9533	0
9534	0
9535	0
9536	3
9537	2
9538	0
9539	1
9540	0
9541	1
9542	0
9543	1
9544	0
9545	3
9546	0
9547	1
9548	1
9549	3
9550	1
9551	1
9552	1
9553	1
9554	0
9555	1
9556	1
9557	2
9558	1
9559	1
9560	2
9561	0
9562	2
9563	1
9564	0
9565	0
9566	0
9567	0
9568	0
9569	0
9570	1
9571	1
9572	0
9573	3
9574	0
9575	0
9576	2
9577	1
9578	0
9579	1
9580	1
9581	0
9582	1
9583	1
9584	1
9585	0
9586	0
9587	1
9588	0
9589	0
9590	0
9591	0
9592	2
9593	0
9594	1
9595	2
9596	0
9597	0
9598	0
9599	1
9600	2
9601	2
9602	2
9603	0
9604	2
9605	0
9606	0
9607	1
9608	0
9609	0
9610	0
9611	1
9612	2
9613	1
9614	1
9615	1
9616	2
9617	0
9618	0
9619	0
9620	2
9621	1
9622	0
9623	0
9624	1
9625	0
9626	2
9627	2
9628	1
9629	0
9630	0
9631	1
9632	0
9633	0
9634	0
9635	0
9636	0
9637	1
9638	0
9639	3
9640	1
9641	1
9642	0
9643	0
9644	1
9645	0
9646	0
9647	2
9648	0
9649	1
9650	0
9651	2
9652	1
9653	1
9654	2
9655	1
9656	0
9657	0
9658	0
9659	0
9660	1
9661	1
9662	0
9663	2
9664	1
9665	0
9666	1
9667	1
9668	0
9669	0
9670	0
9671	3
9672	1
9673	0
9674	0
9675	1
9676	1
9677	0
9678	0
9679	1
9680	2
9681	1
9682	0
9683	0
9684	0
9685	0
9686	1
9687	1
9688	1
9689	0
9690	0
9691	0
9692	1
9693	1
9694	0
9695	0
9696	2
9697	2
9698	0
9699	1
9700	0
9701	0
9702	2
9703	2
9704	1
9705	0
9706	2
9707	0
9708	0
9709	0
9710	2
9711	0
9712	1
9713	0
9714	0
9715	1
9716	2
9717	0
9718	2
9719	0
9720	0
9721	0
9722	0
9723	0
9724	0
9725	0
9726	0
9727	1
9728	0
9729	1
9730	2
9731	0
9732	1
9733	0
9734	1
9735	0
9736	1
9737	0
9738	1
9739	1
9740	0
9741	1
9742	0
9743	0
9744	2
9745	1
9746	1
9747	2
9748	1
9749	0
9750	0
9751	1
9752	0
9753	1
9754	1
9755	1
9756	2
9757	0
9758	2
9759	0
9760	0
9761	1
9762	1
9763	0
9764	1
9765	0
9766	1
9767	2
9768	0
9769	0
9770	1
9771	0
9772	0
9773	0
9774	0
9775	0
9776	2
9777	1
9778	1
9779	2
9780	2
9781	0
9782	1
9783	0
9784	1
9785	2
9786	0
9787	0
9788	0
9789	0
9790	1
9791	1
9792	0
9793	1
9794	0
9795	0
9796	0
9797	0
9798	2
9799	1
9800	0
9801	0
9802	0
9803	2
9804	0
9805	2
9806	1
9807	0
9808	0
9809	0
9810	0
9811	1
9812	1
9813	2
9814	0
9815	0
9816	1
9817	0
9818	1
9819	1
9820	1
9821	0
9822	0
9823	2
9824	2
9825	1
9826	2
9827	1
9828	0
9829	2
9830	1
9831	0
9832	0
9833	1
9834	1
9835	0
9836	0
9837	1
9838	3
9839	0
9840	0
9841	2
9842	4
9843	0
9844	2
9845	2
9846	0
9847	1
9848	0
9849	0
9850	2
9851	1
9852	0
9853	1
9854	0
9855	2
9856	0
9857	1
9858	0
9859	2
9860	1
9861	4
9862	1
9863	3
9864	3
9865	2
9866	0
9867	0
9868	1
9869	0
9870	1
9871	1
9872	3
9873	1
9874	1
9875	0
9876	0
9877	0
9878	1
9879	1
9880	2
9881	0
9882	0
9883	1
9884	1
9885	3
9886	0
9887	0
9888	1
9889	1
9890	1
9891	0
9892	0
9893	1
9894	0
9895	1
9896	1
9897	0
9898	0
9899	1
9900	1
9901	0
9902	1
9903	0
9904	1
9905	1
9906	1
9907	0
9908	0
9909	1
9910	2
9911	2
9912	0
9913	2
9914	0
9915	1
9916	0
9917	1
9918	1
9919	1
9920	1
9921	0
9922	0
9923	0
9924	0
9925	0
9926	0
9927	1
9928	0
9929	2
9930	0
9931	2
9932	0
9933	1
9934	0
9935	1
9936	0
9937	0
9938	1
9939	1
9940	0
9941	0
9942	1
9943	0
9944	1
9945	0
9946	0
9947	0
9948	0
9949	1
9950	0
9951	1
9952	3
9953	1
9954	0
9955	1
9956	1
9957	0
9958	1
9959	0
9960	3
9961	0
9962	1
9963	1
9964	0
9965	0
9966	0
9967	1
9968	2
9969	0
9970	1
9971	0
9972	0
9973	0
9974	1
9975	0
9976	1
9977	0
9978	0
9979	1
9980	0
9981	1
9982	0
9983	1
9984	0
9985	0
9986	0
9987	0
9988	0
9989	0
9990	2
9991	2
9992	3
9993	2
9994	0
9995	0
9996	0
9997	1
9998	1
9999	0
10000	1
