1	349426684
2	7285517
3	2528104
4	2315144
5	2478956
6	2849491
7	3248589
8	3733880
9	4344179
10	5121025
11	6049002
12	7140196
13	8290470
14	9404208
15	10325757
16	10972061
17	11226322
18	11078139
19	10555723
20	9710914
21	8631851
22	7418959
23	6200373
24	5030700
25	3979788
26	3070853
27	2325853
28	1739054
29	1283912
30	951256
31	713712
32	546045
33	433588
34	362274
35	316928
36	291070
37	277070
38	266427
39	260284
40	253816
41	246289
42	238321
43	230416
44	223026
45	210679
46	199648
47	186010
48	173022
49	158597
50	145460
51	132716
52	120204
53	109568
54	97893
55	87760
56	78538
57	69610
58	62216
59	55548
60	49166
61	44086
62	39264
63	35442
64	31544
65	28705
66	26181
67	24181
68	21972
69	20479
70	19030
71	17738
72	16627
73	16043
74	15591
75	15002
76	14551
77	14164
78	13776
79	13623
80	13090
81	13245
82	12972
83	12517
84	12111
85	11887
86	11485
87	11352
88	11375
89	11280
90	10918
91	10694
92	10560
93	10241
94	10073
95	9685
96	9530
97	9285
98	9089
99	8994
100	8781
101	8300
102	8107
103	8259
104	8211
105	7980
106	7698
107	7501
108	7225
109	6991
110	6892
111	6852
112	6480
113	6329
114	6289
115	6260
116	6401
117	5952
118	5796
119	5651
120	5470
121	5285
122	5108
123	4883
124	4747
125	4641
126	4535
127	4468
128	4532
129	4458
130	4509
131	4379
132	4287
133	4415
134	4165
135	4206
136	4051
137	3940
138	3900
139	3874
140	3662
141	3681
142	3446
143	3544
144	3438
145	3369
146	3288
147	3277
148	3166
149	3254
150	3171
151	3232
152	3078
153	2937
154	2924
155	2907
156	2796
157	2815
158	2820
159	2832
160	2812
161	2732
162	2667
163	2714
164	2662
165	2809
166	2776
167	2778
168	2696
169	2639
170	2667
171	2694
172	2575
173	2633
174	2581
175	2575
176	2511
177	2493
178	2385
179	2426
180	2359
181	2346
182	2337
183	2402
184	2301
185	2341
186	2264
187	2231
188	2309
189	2270
190	2232
191	2206
192	2216
193	2070
194	2094
195	2050
196	2063
197	2053
198	1974
199	2015
200	2035
201	1965
202	1991
203	2009
204	1992
205	1964
206	1889
207	1854
208	1787
209	1852
210	1689
211	1795
212	1693
213	1767
214	1652
215	1640
216	1634
217	1642
218	1543
219	1572
220	1601
221	1516
222	1481
223	1504
224	1473
225	1504
226	1533
227	1479
228	1459
229	1464
230	1468
231	1437
232	1337
233	1375
234	1311
235	1240
236	1273
237	1253
238	1132
239	1150
240	1096
241	1160
242	1176
243	1125
244	1122
245	1110
246	1064
247	1022
248	1008
249	975
250	1012
251	985
252	973
253	950
254	1028
255	946
256	1007
257	919
258	877
259	846
260	933
261	863
262	895
263	906
264	851
265	880
266	859
267	818
268	768
269	761
270	800
271	765
272	756
273	761
274	732
275	745
276	769
277	693
278	722
279	728
280	761
281	719
282	757
283	689
284	717
285	687
286	682
287	704
288	716
289	706
290	653
291	669
292	691
293	632
294	696
295	677
296	664
297	619
298	601
299	630
300	654
301	623
302	617
303	649
304	611
305	616
306	597
307	620
308	598
309	598
310	601
311	582
312	543
313	586
314	553
315	569
316	554
317	555
318	540
319	514
320	522
321	516
322	499
323	547
324	506
325	568
326	492
327	546
328	510
329	514
330	539
331	475
332	519
333	497
334	446
335	481
336	452
337	479
338	462
339	464
340	486
341	454
342	415
343	450
344	454
345	423
346	482
347	489
348	413
349	450
350	459
351	440
352	457
353	433
354	451
355	402
356	417
357	404
358	465
359	450
360	422
361	395
362	433
363	436
364	433
365	423
366	413
367	388
368	420
369	426
370	379
371	356
372	416
373	356
374	377
375	365
376	398
377	355
378	365
379	371
380	384
381	402
382	376
383	423
384	368
385	364
386	369
387	350
388	383
389	364
390	365
391	348
392	348
393	371
394	365
395	342
396	337
397	323
398	331
399	327
400	311
401	360
402	310
403	347
404	314
405	331
406	335
407	317
408	317
409	270
410	278
411	297
412	310
413	285
414	316
415	325
416	315
417	278
418	314
419	322
420	305
421	301
422	270
423	323
424	321
425	297
426	314
427	321
428	323
429	293
430	282
431	292
432	274
433	349
434	272
435	308
436	306
437	267
438	249
439	248
440	244
441	280
442	276
443	276
444	276
445	273
446	257
447	258
448	277
449	287
450	255
451	278
452	255
453	251
454	263
455	266
456	250
457	278
458	237
459	245
460	259
461	241
462	242
463	261
464	223
465	266
466	221
467	212
468	237
469	206
470	228
471	254
472	254
473	253
474	213
475	242
476	236
477	249
478	241
479	202
480	231
481	219
482	216
483	233
484	264
485	222
486	246
487	216
488	210
489	206
490	220
491	187
492	199
493	187
494	205
495	226
496	221
497	215
498	218
499	206
500	214
501	232
502	201
503	207
504	199
505	213
506	208
507	222
508	201
509	220
510	189
511	194
512	200
513	220
514	193
515	165
516	184
517	194
518	201
519	167
520	187
521	202
522	184
523	158
524	195
525	210
526	191
527	192
528	177
529	192
530	206
531	185
532	150
533	172
534	200
535	203
536	164
537	163
538	200
539	154
540	162
541	170
542	165
543	184
544	162
545	172
546	158
547	175
548	187
549	158
550	179
551	175
552	166
553	164
554	164
555	159
556	180
557	181
558	186
559	159
560	166
561	142
562	127
563	141
564	123
565	140
566	159
567	139
568	169
569	158
570	174
571	166
572	144
573	189
574	157
575	175
576	143
577	153
578	154
579	165
580	151
581	169
582	137
583	166
584	155
585	134
586	131
587	139
588	152
589	146
590	128
591	153
592	131
593	147
594	157
595	162
596	137
597	142
598	133
599	170
600	150
601	134
602	150
603	157
604	145
605	128
606	131
607	130
608	150
609	147
610	147
611	153
612	146
613	151
614	136
615	137
616	137
617	137
618	136
619	125
620	121
621	119
622	141
623	114
624	118
625	135
626	133
627	115
628	134
629	128
630	139
631	122
632	118
633	116
634	137
635	132
636	119
637	126
638	134
639	127
640	131
641	100
642	116
643	118
644	126
645	121
646	112
647	115
648	132
649	109
650	106
651	94
652	111
653	107
654	128
655	118
656	112
657	119
658	118
659	104
660	123
661	124
662	114
663	122
664	106
665	113
666	98
667	139
668	107
669	131
670	123
671	129
672	100
673	129
674	114
675	105
676	111
677	121
678	107
679	94
680	115
681	136
682	109
683	133
684	109
685	121
686	120
687	124
688	119
689	119
690	114
691	103
692	112
693	112
694	104
695	117
696	119
697	117
698	95
699	108
700	120
701	123
702	117
703	129
704	119
705	89
706	104
707	93
708	111
709	129
710	104
711	94
712	106
713	102
714	98
715	91
716	88
717	90
718	92
719	108
720	102
721	119
722	103
723	111
724	111
725	106
726	107
727	92
728	99
729	96
730	117
731	108
732	111
733	82
734	77
735	91
736	93
737	92
738	100
739	77
740	115
741	90
742	98
743	99
744	91
745	103
746	81
747	117
748	86
749	86
750	89
751	83
752	88
753	87
754	79
755	93
756	75
757	94
758	92
759	63
760	87
761	82
762	66
763	88
764	82
765	88
766	102
767	79
768	77
769	86
770	98
771	88
772	90
773	91
774	100
775	89
776	79
777	96
778	93
779	88
780	95
781	61
782	58
783	98
784	91
785	73
786	88
787	93
788	73
789	76
790	92
791	84
792	72
793	72
794	94
795	84
796	67
797	69
798	69
799	66
800	68
801	66
802	66
803	64
804	57
805	79
806	52
807	59
808	63
809	79
810	67
811	67
812	55
813	75
814	58
815	79
816	49
817	65
818	63
819	69
820	69
821	66
822	72
823	66
824	65
825	54
826	63
827	65
828	58
829	59
830	63
831	44
832	49
833	57
834	61
835	47
836	65
837	59
838	54
839	49
840	59
841	52
842	69
843	58
844	57
845	64
846	63
847	57
848	40
849	44
850	59
851	55
852	67
853	59
854	59
855	65
856	48
857	68
858	72
859	55
860	53
861	53
862	59
863	60
864	60
865	65
866	53
867	44
868	45
869	47
870	60
871	55
872	77
873	58
874	59
875	51
876	37
877	47
878	58
879	54
880	57
881	57
882	51
883	59
884	49
885	63
886	47
887	56
888	67
889	61
890	60
891	54
892	55
893	59
894	53
895	56
896	46
897	50
898	61
899	52
900	56
901	67
902	44
903	41
904	55
905	54
906	55
907	55
908	48
909	53
910	40
911	51
912	53
913	43
914	43
915	50
916	58
917	38
918	60
919	38
920	43
921	63
922	51
923	54
924	46
925	46
926	41
927	64
928	52
929	45
930	45
931	60
932	44
933	50
934	42
935	37
936	40
937	35
938	47
939	54
940	39
941	44
942	40
943	54
944	52
945	58
946	48
947	45
948	43
949	48
950	47
951	46
952	57
953	42
954	47
955	62
956	37
957	49
958	39
959	47
960	47
961	41
962	53
963	39
964	35
965	41
966	41
967	48
968	54
969	55
970	47
971	48
972	49
973	36
974	47
975	46
976	40
977	45
978	45
979	37
980	40
981	42
982	47
983	32
984	40
985	45
986	51
987	46
988	43
989	48
990	30
991	44
992	39
993	47
994	42
995	33
996	36
997	37
998	42
999	50
1000	50
1001	52
1002	44
1003	31
1004	36
1005	31
1006	45
1007	38
1008	39
1009	37
1010	52
1011	45
1012	54
1013	40
1014	39
1015	46
1016	32
1017	46
1018	39
1019	41
1020	52
1021	38
1022	37
1023	46
1024	43
1025	46
1026	44
1027	40
1028	48
1029	33
1030	48
1031	33
1032	41
1033	48
1034	38
1035	45
1036	39
1037	32
1038	26
1039	51
1040	39
1041	33
1042	44
1043	37
1044	26
1045	48
1046	50
1047	48
1048	37
1049	43
1050	51
1051	36
1052	36
1053	32
1054	38
1055	52
1056	35
1057	39
1058	35
1059	33
1060	46
1061	33
1062	49
1063	46
1064	41
1065	48
1066	38
1067	42
1068	34
1069	37
1070	39
1071	23
1072	37
1073	31
1074	32
1075	39
1076	37
1077	41
1078	46
1079	43
1080	39
1081	37
1082	42
1083	39
1084	40
1085	46
1086	46
1087	28
1088	35
1089	40
1090	25
1091	28
1092	36
1093	33
1094	39
1095	34
1096	37
1097	26
1098	37
1099	44
1100	25
1101	32
1102	29
1103	28
1104	25
1105	35
1106	47
1107	29
1108	35
1109	32
1110	30
1111	35
1112	31
1113	33
1114	36
1115	32
1116	26
1117	36
1118	33
1119	31
1120	41
1121	34
1122	39
1123	25
1124	26
1125	44
1126	30
1127	25
1128	41
1129	31
1130	30
1131	42
1132	42
1133	27
1134	24
1135	31
1136	34
1137	31
1138	34
1139	38
1140	27
1141	45
1142	40
1143	44
1144	52
1145	39
1146	38
1147	42
1148	32
1149	25
1150	33
1151	30
1152	30
1153	31
1154	30
1155	36
1156	36
1157	42
1158	36
1159	43
1160	32
1161	33
1162	29
1163	28
1164	31
1165	36
1166	23
1167	32
1168	41
1169	26
1170	28
1171	28
1172	33
1173	36
1174	32
1175	19
1176	32
1177	39
1178	30
1179	29
1180	34
1181	35
1182	36
1183	31
1184	37
1185	27
1186	25
1187	28
1188	29
1189	33
1190	44
1191	39
1192	28
1193	30
1194	31
1195	23
1196	31
1197	27
1198	28
1199	26
1200	27
1201	28
1202	34
1203	25
1204	27
1205	29
1206	40
1207	39
1208	39
1209	34
1210	39
1211	29
1212	34
1213	33
1214	38
1215	37
1216	35
1217	33
1218	41
1219	39
1220	37
1221	35
1222	38
1223	40
1224	39
1225	40
1226	25
1227	30
1228	36
1229	27
1230	39
1231	36
1232	36
1233	27
1234	28
1235	20
1236	33
1237	23
1238	29
1239	28
1240	30
1241	32
1242	34
1243	27
1244	35
1245	30
1246	31
1247	27
1248	29
1249	31
1250	29
1251	37
1252	34
1253	28
1254	28
1255	42
1256	33
1257	34
1258	27
1259	24
1260	38
1261	25
1262	24
1263	30
1264	33
1265	28
1266	24
1267	28
1268	22
1269	25
1270	22
1271	20
1272	29
1273	28
1274	22
1275	27
1276	29
1277	29
1278	21
1279	29
1280	31
1281	27
1282	31
1283	29
1284	30
1285	38
1286	25
1287	15
1288	23
1289	29
1290	16
1291	16
1292	28
1293	24
1294	17
1295	28
1296	23
1297	31
1298	26
1299	26
1300	23
1301	19
1302	18
1303	34
1304	21
1305	23
1306	27
1307	34
1308	18
1309	31
1310	23
1311	22
1312	37
1313	29
1314	29
1315	32
1316	25
1317	19
1318	19
1319	35
1320	37
1321	32
1322	22
1323	26
1324	29
1325	26
1326	27
1327	24
1328	24
1329	22
1330	30
1331	16
1332	24
1333	18
1334	22
1335	22
1336	28
1337	17
1338	21
1339	30
1340	20
1341	19
1342	21
1343	31
1344	40
1345	15
1346	23
1347	30
1348	29
1349	28
1350	18
1351	33
1352	33
1353	21
1354	25
1355	25
1356	28
1357	31
1358	27
1359	28
1360	23
1361	24
1362	20
1363	21
1364	20
1365	20
1366	14
1367	17
1368	17
1369	21
1370	21
1371	31
1372	23
1373	18
1374	29
1375	28
1376	20
1377	29
1378	22
1379	29
1380	31
1381	21
1382	28
1383	29
1384	27
1385	26
1386	20
1387	20
1388	21
1389	25
1390	16
1391	16
1392	32
1393	26
1394	26
1395	26
1396	22
1397	22
1398	30
1399	12
1400	18
1401	25
1402	21
1403	35
1404	20
1405	20
1406	29
1407	19
1408	15
1409	22
1410	35
1411	27
1412	34
1413	27
1414	28
1415	22
1416	26
1417	42
1418	30
1419	24
1420	25
1421	33
1422	28
1423	27
1424	25
1425	23
1426	31
1427	27
1428	35
1429	34
1430	22
1431	33
1432	31
1433	15
1434	21
1435	22
1436	30
1437	33
1438	25
1439	27
1440	28
1441	30
1442	26
1443	21
1444	23
1445	24
1446	23
1447	25
1448	20
1449	29
1450	21
1451	24
1452	27
1453	18
1454	16
1455	23
1456	23
1457	19
1458	18
1459	21
1460	16
1461	28
1462	27
1463	31
1464	21
1465	29
1466	17
1467	30
1468	18
1469	16
1470	20
1471	24
1472	21
1473	22
1474	14
1475	21
1476	15
1477	25
1478	18
1479	32
1480	19
1481	20
1482	28
1483	24
1484	25
1485	24
1486	25
1487	26
1488	20
1489	22
1490	15
1491	17
1492	18
1493	24
1494	18
1495	21
1496	20
1497	25
1498	15
1499	22
1500	23
1501	16
1502	29
1503	21
1504	27
1505	30
1506	21
1507	28
1508	28
1509	18
1510	37
1511	28
1512	30
1513	21
1514	21
1515	26
1516	24
1517	29
1518	23
1519	23
1520	21
1521	33
1522	26
1523	27
1524	21
1525	31
1526	39
1527	26
1528	26
1529	22
1530	36
1531	24
1532	25
1533	25
1534	30
1535	29
1536	17
1537	31
1538	28
1539	25
1540	24
1541	41
1542	23
1543	24
1544	31
1545	30
1546	32
1547	22
1548	30
1549	23
1550	30
1551	28
1552	19
1553	19
1554	25
1555	23
1556	32
1557	27
1558	27
1559	25
1560	29
1561	22
1562	23
1563	32
1564	23
1565	20
1566	33
1567	24
1568	20
1569	20
1570	21
1571	20
1572	31
1573	22
1574	24
1575	24
1576	31
1577	39
1578	29
1579	17
1580	21
1581	27
1582	28
1583	28
1584	29
1585	27
1586	25
1587	26
1588	22
1589	31
1590	28
1591	24
1592	26
1593	28
1594	24
1595	48
1596	25
1597	26
1598	33
1599	25
1600	34
1601	29
1602	24
1603	24
1604	22
1605	29
1606	22
1607	29
1608	26
1609	19
1610	23
1611	26
1612	24
1613	19
1614	32
1615	36
1616	29
1617	16
1618	26
1619	29
1620	30
1621	16
1622	22
1623	27
1624	28
1625	24
1626	21
1627	14
1628	17
1629	29
1630	31
1631	29
1632	22
1633	33
1634	28
1635	38
1636	28
1637	32
1638	25
1639	19
1640	27
1641	31
1642	36
1643	27
1644	30
1645	33
1646	32
1647	32
1648	25
1649	41
1650	32
1651	39
1652	31
1653	37
1654	27
1655	29
1656	29
1657	20
1658	22
1659	26
1660	31
1661	42
1662	32
1663	27
1664	32
1665	26
1666	21
1667	29
1668	37
1669	22
1670	30
1671	27
1672	25
1673	30
1674	33
1675	43
1676	35
1677	23
1678	38
1679	33
1680	32
1681	39
1682	34
1683	29
1684	41
1685	25
1686	35
1687	37
1688	36
1689	39
1690	41
1691	32
1692	26
1693	27
1694	33
1695	30
1696	42
1697	36
1698	32
1699	28
1700	26
1701	32
1702	38
1703	32
1704	44
1705	29
1706	34
1707	26
1708	31
1709	32
1710	43
1711	32
1712	32
1713	32
1714	24
1715	33
1716	36
1717	37
1718	41
1719	35
1720	36
1721	36
1722	26
1723	24
1724	32
1725	29
1726	33
1727	26
1728	34
1729	24
1730	27
1731	16
1732	40
1733	35
1734	27
1735	33
1736	30
1737	30
1738	30
1739	30
1740	33
1741	35
1742	28
1743	21
1744	29
1745	35
1746	27
1747	36
1748	36
1749	32
1750	24
1751	31
1752	26
1753	31
1754	28
1755	34
1756	33
1757	34
1758	21
1759	25
1760	27
1761	30
1762	29
1763	28
1764	22
1765	26
1766	30
1767	21
1768	24
1769	20
1770	15
1771	21
1772	30
1773	22
1774	17
1775	22
1776	23
1777	27
1778	29
1779	22
1780	16
1781	19
1782	21
1783	24
1784	25
1785	20
1786	18
1787	26
1788	18
1789	17
1790	20
1791	26
1792	22
1793	24
1794	17
1795	26
1796	20
1797	23
1798	22
1799	21
1800	16
1801	21
1802	26
1803	29
1804	18
1805	21
1806	24
1807	25
1808	21
1809	27
1810	21
1811	27
1812	23
1813	28
1814	16
1815	30
1816	29
1817	32
1818	18
1819	31
1820	25
1821	26
1822	24
1823	26
1824	39
1825	23
1826	26
1827	29
1828	22
1829	37
1830	27
1831	26
1832	35
1833	29
1834	24
1835	27
1836	27
1837	25
1838	21
1839	28
1840	28
1841	24
1842	29
1843	23
1844	29
1845	25
1846	24
1847	23
1848	20
1849	28
1850	25
1851	27
1852	27
1853	26
1854	27
1855	26
1856	25
1857	23
1858	25
1859	15
1860	24
1861	28
1862	15
1863	19
1864	23
1865	23
1866	20
1867	21
1868	26
1869	30
1870	29
1871	33
1872	23
1873	26
1874	11
1875	16
1876	19
1877	24
1878	28
1879	30
1880	28
1881	29
1882	23
1883	20
1884	23
1885	31
1886	35
1887	35
1888	27
1889	24
1890	26
1891	28
1892	21
1893	26
1894	20
1895	28
1896	21
1897	29
1898	27
1899	26
1900	20
1901	28
1902	32
1903	26
1904	20
1905	29
1906	24
1907	23
1908	25
1909	21
1910	27
1911	33
1912	37
1913	26
1914	26
1915	21
1916	19
1917	32
1918	27
1919	28
1920	26
1921	31
1922	29
1923	24
1924	32
1925	23
1926	23
1927	25
1928	25
1929	24
1930	24
1931	28
1932	32
1933	20
1934	16
1935	19
1936	22
1937	34
1938	26
1939	26
1940	32
1941	26
1942	24
1943	20
1944	26
1945	24
1946	21
1947	32
1948	31
1949	28
1950	21
1951	31
1952	30
1953	23
1954	18
1955	23
1956	21
1957	25
1958	35
1959	24
1960	22
1961	26
1962	30
1963	24
1964	28
1965	17
1966	32
1967	26
1968	26
1969	17
1970	33
1971	32
1972	21
1973	24
1974	23
1975	32
1976	27
1977	28
1978	28
1979	22
1980	25
1981	23
1982	23
1983	20
1984	17
1985	31
1986	30
1987	25
1988	28
1989	21
1990	21
1991	23
1992	23
1993	27
1994	29
1995	23
1996	30
1997	25
1998	17
1999	11
2000	21
2001	31
2002	22
2003	33
2004	26
2005	23
2006	29
2007	25
2008	16
2009	26
2010	21
2011	22
2012	27
2013	27
2014	21
2015	20
2016	24
2017	24
2018	31
2019	17
2020	28
2021	21
2022	34
2023	18
2024	27
2025	29
2026	21
2027	18
2028	14
2029	16
2030	23
2031	24
2032	22
2033	16
2034	16
2035	21
2036	23
2037	19
2038	11
2039	16
2040	18
2041	17
2042	29
2043	25
2044	13
2045	20
2046	19
2047	12
2048	31
2049	20
2050	17
2051	25
2052	22
2053	12
2054	22
2055	34
2056	26
2057	18
2058	16
2059	21
2060	26
2061	17
2062	21
2063	30
2064	23
2065	20
2066	20
2067	21
2068	26
2069	38
2070	25
2071	24
2072	26
2073	14
2074	23
2075	22
2076	20
2077	26
2078	15
2079	25
2080	24
2081	24
2082	25
2083	19
2084	23
2085	14
2086	18
2087	19
2088	14
2089	24
2090	20
2091	29
2092	21
2093	16
2094	18
2095	16
2096	15
2097	17
2098	17
2099	21
2100	22
2101	22
2102	27
2103	17
2104	18
2105	24
2106	16
2107	17
2108	22
2109	20
2110	28
2111	25
2112	21
2113	22
2114	22
2115	24
2116	14
2117	23
2118	18
2119	12
2120	23
2121	17
2122	9
2123	15
2124	17
2125	13
2126	23
2127	21
2128	17
2129	13
2130	25
2131	15
2132	20
2133	24
2134	27
2135	17
2136	17
2137	27
2138	17
2139	19
2140	11
2141	19
2142	18
2143	15
2144	16
2145	18
2146	19
2147	19
2148	10
2149	10
2150	12
2151	17
2152	15
2153	30
2154	6
2155	18
2156	20
2157	16
2158	12
2159	17
2160	25
2161	12
2162	21
2163	18
2164	22
2165	16
2166	20
2167	10
2168	8
2169	21
2170	10
2171	15
2172	18
2173	16
2174	19
2175	16
2176	18
2177	15
2178	16
2179	24
2180	14
2181	23
2182	20
2183	17
2184	19
2185	22
2186	15
2187	16
2188	16
2189	19
2190	19
2191	23
2192	17
2193	20
2194	20
2195	16
2196	18
2197	22
2198	14
2199	15
2200	14
2201	17
2202	14
2203	9
2204	19
2205	14
2206	16
2207	13
2208	12
2209	10
2210	23
2211	21
2212	12
2213	19
2214	21
2215	17
2216	17
2217	13
2218	18
2219	20
2220	19
2221	13
2222	20
2223	13
2224	9
2225	9
2226	24
2227	15
2228	24
2229	21
2230	17
2231	22
2232	9
2233	16
2234	18
2235	10
2236	19
2237	19
2238	13
2239	14
2240	13
2241	18
2242	15
2243	17
2244	25
2245	18
2246	19
2247	19
2248	16
2249	10
2250	27
2251	17
2252	27
2253	14
2254	23
2255	14
2256	22
2257	17
2258	17
2259	24
2260	22
2261	25
2262	23
2263	9
2264	18
2265	25
2266	18
2267	20
2268	21
2269	13
2270	25
2271	11
2272	21
2273	22
2274	10
2275	15
2276	13
2277	15
2278	25
2279	16
2280	16
2281	17
2282	26
2283	17
2284	11
2285	19
2286	23
2287	23
2288	27
2289	16
2290	31
2291	26
2292	29
2293	19
2294	19
2295	31
2296	30
2297	18
2298	20
2299	20
2300	26
2301	25
2302	15
2303	21
2304	22
2305	19
2306	20
2307	19
2308	18
2309	14
2310	19
2311	24
2312	19
2313	28
2314	16
2315	18
2316	20
2317	24
2318	16
2319	22
2320	21
2321	26
2322	28
2323	15
2324	21
2325	25
2326	24
2327	16
2328	21
2329	23
2330	31
2331	23
2332	24
2333	30
2334	25
2335	15
2336	25
2337	19
2338	19
2339	19
2340	23
2341	14
2342	19
2343	23
2344	17
2345	24
2346	28
2347	24
2348	25
2349	27
2350	19
2351	15
2352	13
2353	30
2354	16
2355	27
2356	21
2357	31
2358	21
2359	17
2360	18
2361	26
2362	30
2363	16
2364	22
2365	17
2366	27
2367	22
2368	23
2369	23
2370	24
2371	19
2372	18
2373	25
2374	17
2375	16
2376	24
2377	22
2378	25
2379	15
2380	16
2381	23
2382	12
2383	23
2384	16
2385	29
2386	14
2387	14
2388	19
2389	20
2390	18
2391	16
2392	13
2393	26
2394	30
2395	25
2396	23
2397	9
2398	22
2399	16
2400	29
2401	17
2402	16
2403	18
2404	19
2405	18
2406	10
2407	20
2408	14
2409	16
2410	17
2411	11
2412	15
2413	22
2414	19
2415	23
2416	23
2417	17
2418	16
2419	21
2420	20
2421	14
2422	15
2423	20
2424	11
2425	22
2426	35
2427	13
2428	21
2429	17
2430	13
2431	14
2432	20
2433	27
2434	26
2435	29
2436	20
2437	15
2438	17
2439	19
2440	23
2441	15
2442	16
2443	34
2444	21
2445	20
2446	25
2447	18
2448	31
2449	31
2450	21
2451	26
2452	28
2453	20
2454	23
2455	21
2456	26
2457	20
2458	25
2459	19
2460	31
2461	31
2462	31
2463	23
2464	18
2465	30
2466	28
2467	21
2468	21
2469	25
2470	17
2471	24
2472	27
2473	30
2474	25
2475	24
2476	20
2477	24
2478	21
2479	17
2480	25
2481	29
2482	23
2483	23
2484	17
2485	29
2486	14
2487	16
2488	19
2489	28
2490	15
2491	27
2492	21
2493	24
2494	15
2495	24
2496	20
2497	21
2498	20
2499	22
2500	21
2501	22
2502	22
2503	19
2504	12
2505	22
2506	23
2507	21
2508	18
2509	25
2510	17
2511	24
2512	18
2513	17
2514	25
2515	15
2516	15
2517	18
2518	22
2519	19
2520	14
2521	23
2522	19
2523	23
2524	20
2525	24
2526	16
2527	22
2528	26
2529	20
2530	10
2531	17
2532	14
2533	21
2534	17
2535	19
2536	22
2537	20
2538	12
2539	17
2540	15
2541	20
2542	22
2543	20
2544	15
2545	18
2546	13
2547	13
2548	13
2549	10
2550	20
2551	19
2552	17
2553	25
2554	18
2555	18
2556	18
2557	16
2558	11
2559	14
2560	24
2561	21
2562	18
2563	17
2564	14
2565	16
2566	16
2567	17
2568	21
2569	20
2570	16
2571	15
2572	24
2573	23
2574	12
2575	22
2576	13
2577	17
2578	12
2579	24
2580	13
2581	14
2582	16
2583	18
2584	23
2585	23
2586	21
2587	20
2588	18
2589	9
2590	19
2591	20
2592	20
2593	13
2594	17
2595	19
2596	18
2597	24
2598	20
2599	17
2600	19
2601	20
2602	22
2603	18
2604	18
2605	19
2606	23
2607	14
2608	27
2609	17
2610	19
2611	15
2612	21
2613	21
2614	24
2615	23
2616	24
2617	27
2618	24
2619	25
2620	23
2621	25
2622	18
2623	20
2624	17
2625	14
2626	10
2627	23
2628	23
2629	20
2630	18
2631	16
2632	19
2633	17
2634	24
2635	28
2636	24
2637	32
2638	13
2639	35
2640	13
2641	18
2642	16
2643	14
2644	23
2645	21
2646	22
2647	18
2648	18
2649	21
2650	19
2651	25
2652	17
2653	15
2654	16
2655	17
2656	23
2657	25
2658	21
2659	25
2660	18
2661	20
2662	22
2663	20
2664	14
2665	7
2666	19
2667	24
2668	16
2669	21
2670	15
2671	22
2672	20
2673	22
2674	16
2675	26
2676	10
2677	21
2678	18
2679	16
2680	12
2681	26
2682	30
2683	17
2684	23
2685	25
2686	17
2687	30
2688	18
2689	23
2690	23
2691	17
2692	21
2693	18
2694	27
2695	12
2696	11
2697	25
2698	22
2699	20
2700	21
2701	23
2702	19
2703	27
2704	18
2705	25
2706	15
2707	16
2708	19
2709	25
2710	21
2711	21
2712	22
2713	28
2714	25
2715	23
2716	18
2717	21
2718	23
2719	23
2720	24
2721	22
2722	16
2723	19
2724	15
2725	16
2726	17
2727	21
2728	24
2729	17
2730	23
2731	12
2732	19
2733	17
2734	16
2735	27
2736	16
2737	23
2738	16
2739	20
2740	20
2741	17
2742	23
2743	15
2744	18
2745	33
2746	17
2747	14
2748	16
2749	24
2750	18
2751	17
2752	14
2753	14
2754	18
2755	12
2756	17
2757	17
2758	29
2759	20
2760	17
2761	19
2762	16
2763	18
2764	15
2765	21
2766	19
2767	20
2768	19
2769	24
2770	15
2771	22
2772	21
2773	27
2774	19
2775	28
2776	17
2777	20
2778	23
2779	26
2780	18
2781	16
2782	15
2783	17
2784	14
2785	15
2786	15
2787	15
2788	27
2789	22
2790	17
2791	19
2792	18
2793	14
2794	29
2795	20
2796	22
2797	15
2798	14
2799	20
2800	21
2801	20
2802	31
2803	16
2804	17
2805	17
2806	15
2807	26
2808	21
2809	13
2810	23
2811	19
2812	25
2813	15
2814	10
2815	24
2816	18
2817	21
2818	19
2819	22
2820	11
2821	22
2822	18
2823	15
2824	15
2825	21
2826	27
2827	19
2828	18
2829	19
2830	23
2831	19
2832	27
2833	10
2834	17
2835	17
2836	20
2837	15
2838	15
2839	13
2840	16
2841	20
2842	12
2843	18
2844	7
2845	9
2846	15
2847	20
2848	10
2849	18
2850	14
2851	20
2852	18
2853	20
2854	19
2855	15
2856	16
2857	16
2858	19
2859	13
2860	20
2861	19
2862	16
2863	16
2864	19
2865	15
2866	21
2867	16
2868	18
2869	13
2870	19
2871	13
2872	17
2873	13
2874	23
2875	19
2876	23
2877	24
2878	25
2879	22
2880	16
2881	14
2882	18
2883	14
2884	13
2885	20
2886	26
2887	20
2888	21
2889	14
2890	22
2891	21
2892	20
2893	25
2894	25
2895	18
2896	23
2897	14
2898	19
2899	18
2900	19
2901	15
2902	11
2903	15
2904	18
2905	17
2906	16
2907	19
2908	14
2909	15
2910	16
2911	18
2912	15
2913	20
2914	22
2915	20
2916	24
2917	14
2918	14
2919	13
2920	18
2921	18
2922	17
2923	15
2924	16
2925	24
2926	19
2927	21
2928	19
2929	13
2930	14
2931	19
2932	17
2933	15
2934	16
2935	23
2936	23
2937	18
2938	27
2939	13
2940	22
2941	15
2942	27
2943	24
2944	18
2945	16
2946	18
2947	22
2948	20
2949	15
2950	19
2951	22
2952	19
2953	23
2954	23
2955	18
2956	18
2957	19
2958	20
2959	18
2960	28
2961	20
2962	19
2963	22
2964	19
2965	16
2966	13
2967	21
2968	15
2969	12
2970	21
2971	11
2972	17
2973	14
2974	19
2975	18
2976	16
2977	16
2978	16
2979	20
2980	18
2981	19
2982	15
2983	14
2984	16
2985	16
2986	16
2987	15
2988	18
2989	21
2990	16
2991	13
2992	18
2993	20
2994	15
2995	21
2996	12
2997	18
2998	20
2999	21
3000	18
3001	17
3002	15
3003	18
3004	13
3005	21
3006	15
3007	9
3008	16
3009	11
3010	14
3011	8
3012	18
3013	20
3014	22
3015	18
3016	17
3017	14
3018	14
3019	17
3020	23
3021	14
3022	16
3023	14
3024	23
3025	22
3026	9
3027	15
3028	18
3029	24
3030	18
3031	14
3032	19
3033	16
3034	25
3035	23
3036	14
3037	20
3038	10
3039	20
3040	18
3041	12
3042	23
3043	19
3044	19
3045	20
3046	16
3047	12
3048	22
3049	18
3050	12
3051	23
3052	16
3053	22
3054	17
3055	11
3056	18
3057	25
3058	12
3059	26
3060	19
3061	18
3062	19
3063	16
3064	18
3065	19
3066	25
3067	13
3068	20
3069	19
3070	18
3071	16
3072	16
3073	13
3074	18
3075	20
3076	19
3077	17
3078	12
3079	22
3080	19
3081	14
3082	21
3083	20
3084	18
3085	25
3086	15
3087	25
3088	20
3089	24
3090	18
3091	14
3092	16
3093	22
3094	18
3095	20
3096	20
3097	18
3098	13
3099	18
3100	29
3101	24
3102	22
3103	22
3104	26
3105	21
3106	8
3107	17
3108	21
3109	24
3110	16
3111	25
3112	25
3113	19
3114	22
3115	17
3116	18
3117	15
3118	19
3119	15
3120	19
3121	9
3122	23
3123	20
3124	10
3125	19
3126	22
3127	21
3128	21
3129	20
3130	23
3131	21
3132	18
3133	15
3134	8
3135	21
3136	13
3137	18
3138	14
3139	17
3140	15
3141	14
3142	27
3143	11
3144	24
3145	14
3146	21
3147	17
3148	16
3149	22
3150	18
3151	18
3152	12
3153	12
3154	16
3155	14
3156	16
3157	26
3158	25
3159	16
3160	19
3161	14
3162	13
3163	12
3164	16
3165	23
3166	10
3167	16
3168	11
3169	20
3170	9
3171	15
3172	16
3173	18
3174	7
3175	8
3176	19
3177	14
3178	16
3179	14
3180	14
3181	15
3182	14
3183	10
3184	15
3185	15
3186	11
3187	22
3188	17
3189	12
3190	19
3191	20
3192	7
3193	21
3194	12
3195	20
3196	11
3197	21
3198	15
3199	22
3200	18
3201	18
3202	16
3203	19
3204	8
3205	13
3206	10
3207	21
3208	17
3209	14
3210	11
3211	16
3212	15
3213	20
3214	14
3215	23
3216	22
3217	14
3218	14
3219	10
3220	16
3221	17
3222	20
3223	17
3224	17
3225	17
3226	20
3227	15
3228	22
3229	12
3230	16
3231	16
3232	18
3233	20
3234	14
3235	11
3236	18
3237	16
3238	16
3239	19
3240	18
3241	15
3242	9
3243	16
3244	12
3245	22
3246	13
3247	15
3248	17
3249	23
3250	32
3251	20
3252	19
3253	19
3254	19
3255	12
3256	26
3257	16
3258	14
3259	16
3260	11
3261	18
3262	12
3263	9
3264	17
3265	18
3266	12
3267	17
3268	17
3269	17
3270	16
3271	10
3272	22
3273	17
3274	10
3275	16
3276	16
3277	12
3278	13
3279	15
3280	18
3281	13
3282	21
3283	17
3284	19
3285	15
3286	20
3287	19
3288	8
3289	13
3290	20
3291	14
3292	16
3293	24
3294	18
3295	19
3296	22
3297	18
3298	20
3299	15
3300	19
3301	26
3302	17
3303	23
3304	21
3305	21
3306	20
3307	15
3308	16
3309	20
3310	24
3311	20
3312	16
3313	14
3314	19
3315	17
3316	15
3317	12
3318	10
3319	7
3320	15
3321	16
3322	13
3323	17
3324	8
3325	15
3326	10
3327	14
3328	15
3329	14
3330	17
3331	20
3332	17
3333	12
3334	17
3335	16
3336	16
3337	21
3338	11
3339	15
3340	20
3341	12
3342	16
3343	15
3344	12
3345	15
3346	17
3347	13
3348	14
3349	14
3350	19
3351	11
3352	18
3353	13
3354	9
3355	13
3356	9
3357	9
3358	9
3359	11
3360	13
3361	16
3362	16
3363	10
3364	16
3365	11
3366	15
3367	18
3368	13
3369	15
3370	15
3371	12
3372	10
3373	20
3374	15
3375	11
3376	14
3377	15
3378	16
3379	16
3380	15
3381	20
3382	4
3383	15
3384	8
3385	14
3386	12
3387	7
3388	18
3389	17
3390	12
3391	9
3392	13
3393	13
3394	18
3395	17
3396	10
3397	11
3398	16
3399	18
3400	11
3401	16
3402	9
3403	18
3404	11
3405	12
3406	12
3407	14
3408	13
3409	8
3410	10
3411	12
3412	16
3413	17
3414	15
3415	13
3416	16
3417	15
3418	20
3419	12
3420	18
3421	15
3422	7
3423	16
3424	11
3425	21
3426	10
3427	19
3428	18
3429	12
3430	16
3431	10
3432	14
3433	8
3434	11
3435	13
3436	7
3437	18
3438	14
3439	14
3440	14
3441	14
3442	22
3443	3
3444	11
3445	12
3446	14
3447	15
3448	13
3449	13
3450	18
3451	13
3452	22
3453	13
3454	12
3455	15
3456	13
3457	7
3458	20
3459	14
3460	13
3461	16
3462	12
3463	9
3464	19
3465	17
3466	12
3467	11
3468	16
3469	17
3470	16
3471	13
3472	14
3473	22
3474	21
3475	12
3476	19
3477	21
3478	15
3479	10
3480	14
3481	20
3482	15
3483	21
3484	21
3485	22
3486	18
3487	14
3488	21
3489	23
3490	20
3491	19
3492	11
3493	15
3494	19
3495	18
3496	13
3497	21
3498	15
3499	11
3500	13
3501	24
3502	13
3503	9
3504	13
3505	15
3506	11
3507	20
3508	16
3509	17
3510	10
3511	13
3512	10
3513	8
3514	6
3515	18
3516	14
3517	17
3518	12
3519	18
3520	12
3521	14
3522	14
3523	16
3524	21
3525	17
3526	14
3527	16
3528	20
3529	17
3530	12
3531	11
3532	13
3533	15
3534	12
3535	7
3536	14
3537	10
3538	17
3539	9
3540	17
3541	11
3542	18
3543	23
3544	17
3545	12
3546	10
3547	15
3548	16
3549	15
3550	14
3551	14
3552	6
3553	14
3554	6
3555	14
3556	8
3557	18
3558	14
3559	21
3560	13
3561	14
3562	18
3563	11
3564	14
3565	12
3566	17
3567	15
3568	15
3569	7
3570	6
3571	14
3572	22
3573	11
3574	9
3575	20
3576	25
3577	17
3578	12
3579	14
3580	19
3581	18
3582	10
3583	19
3584	11
3585	14
3586	17
3587	17
3588	17
3589	17
3590	20
3591	10
3592	12
3593	17
3594	6
3595	12
3596	10
3597	16
3598	12
3599	9
3600	12
3601	13
3602	16
3603	8
3604	18
3605	9
3606	12
3607	9
3608	12
3609	19
3610	6
3611	14
3612	14
3613	12
3614	17
3615	19
3616	12
3617	11
3618	18
3619	12
3620	14
3621	13
3622	15
3623	16
3624	14
3625	13
3626	15
3627	8
3628	17
3629	16
3630	17
3631	14
3632	11
3633	19
3634	8
3635	16
3636	8
3637	9
3638	11
3639	14
3640	14
3641	13
3642	15
3643	13
3644	4
3645	14
3646	16
3647	15
3648	17
3649	14
3650	13
3651	18
3652	13
3653	11
3654	15
3655	11
3656	11
3657	12
3658	6
3659	14
3660	12
3661	8
3662	11
3663	9
3664	13
3665	14
3666	13
3667	13
3668	14
3669	15
3670	10
3671	11
3672	16
3673	4
3674	6
3675	8
3676	9
3677	9
3678	17
3679	8
3680	15
3681	8
3682	12
3683	7
3684	13
3685	17
3686	13
3687	10
3688	3
3689	7
3690	14
3691	11
3692	8
3693	16
3694	11
3695	15
3696	12
3697	14
3698	12
3699	11
3700	8
3701	14
3702	10
3703	11
3704	15
3705	8
3706	13
3707	13
3708	9
3709	9
3710	8
3711	8
3712	10
3713	9
3714	9
3715	8
3716	10
3717	12
3718	5
3719	8
3720	8
3721	6
3722	12
3723	14
3724	10
3725	12
3726	10
3727	12
3728	6
3729	6
3730	6
3731	7
3732	7
3733	6
3734	8
3735	9
3736	14
3737	5
3738	5
3739	11
3740	10
3741	6
3742	9
3743	10
3744	10
3745	13
3746	6
3747	6
3748	9
3749	2
3750	13
3751	4
3752	7
3753	3
3754	6
3755	9
3756	3
3757	5
3758	0
3759	7
3760	8
3761	7
3762	9
3763	7
3764	6
3765	7
3766	9
3767	9
3768	7
3769	8
3770	12
3771	6
3772	5
3773	3
3774	10
3775	10
3776	4
3777	6
3778	13
3779	6
3780	3
3781	5
3782	7
3783	5
3784	8
3785	15
3786	6
3787	10
3788	4
3789	7
3790	8
3791	4
3792	2
3793	10
3794	4
3795	8
3796	7
3797	6
3798	12
3799	7
3800	12
3801	4
3802	8
3803	11
3804	8
3805	8
3806	2
3807	9
3808	3
3809	5
3810	12
3811	5
3812	4
3813	7
3814	6
3815	7
3816	3
3817	6
3818	3
3819	9
3820	6
3821	2
3822	3
3823	3
3824	9
3825	6
3826	5
3827	7
3828	4
3829	4
3830	3
3831	4
3832	8
3833	4
3834	5
3835	3
3836	3
3837	6
3838	2
3839	6
3840	6
3841	4
3842	5
3843	4
3844	6
3845	4
3846	6
3847	6
3848	8
3849	7
3850	8
3851	7
3852	4
3853	9
3854	9
3855	4
3856	0
3857	5
3858	5
3859	8
3860	5
3861	8
3862	3
3863	9
3864	3
3865	4
3866	5
3867	4
3868	6
3869	5
3870	13
3871	8
3872	2
3873	6
3874	2
3875	3
3876	9
3877	11
3878	4
3879	7
3880	2
3881	2
3882	2
3883	6
3884	10
3885	4
3886	9
3887	3
3888	6
3889	6
3890	7
3891	4
3892	2
3893	4
3894	3
3895	5
3896	4
3897	6
3898	6
3899	5
3900	5
3901	3
3902	3
3903	4
3904	7
3905	5
3906	2
3907	1
3908	5
3909	8
3910	6
3911	8
3912	6
3913	2
3914	9
3915	5
3916	3
3917	11
3918	6
3919	3
3920	6
3921	10
3922	9
3923	10
3924	3
3925	9
3926	3
3927	6
3928	5
3929	6
3930	2
3931	8
3932	6
3933	4
3934	5
3935	6
3936	9
3937	8
3938	5
3939	5
3940	6
3941	7
3942	7
3943	4
3944	3
3945	6
3946	10
3947	7
3948	2
3949	7
3950	7
3951	8
3952	5
3953	4
3954	11
3955	6
3956	10
3957	3
3958	4
3959	3
3960	3
3961	8
3962	4
3963	5
3964	5
3965	3
3966	6
3967	3
3968	1
3969	5
3970	2
3971	4
3972	5
3973	7
3974	7
3975	9
3976	7
3977	6
3978	4
3979	4
3980	2
3981	5
3982	8
3983	5
3984	4
3985	3
3986	9
3987	1
3988	0
3989	2
3990	4
3991	10
3992	2
3993	4
3994	4
3995	3
3996	3
3997	3
3998	4
3999	2
4000	5
4001	6
4002	3
4003	2
4004	5
4005	4
4006	5
4007	4
4008	7
4009	5
4010	3
4011	2
4012	3
4013	7
4014	3
4015	4
4016	8
4017	3
4018	2
4019	2
4020	4
4021	2
4022	4
4023	4
4024	5
4025	6
4026	2
4027	2
4028	3
4029	2
4030	1
4031	1
4032	4
4033	4
4034	1
4035	1
4036	2
4037	5
4038	5
4039	2
4040	5
4041	1
4042	2
4043	8
4044	1
4045	3
4046	6
4047	7
4048	4
4049	3
4050	3
4051	3
4052	3
4053	6
4054	2
4055	3
4056	3
4057	3
4058	2
4059	1
4060	7
4061	2
4062	6
4063	3
4064	3
4065	3
4066	5
4067	3
4068	4
4069	5
4070	4
4071	3
4072	6
4073	7
4074	7
4075	0
4076	6
4077	1
4078	5
4079	2
4080	6
4081	3
4082	6
4083	3
4084	1
4085	1
4086	2
4087	3
4088	2
4089	1
4090	0
4091	10
4092	5
4093	5
4094	0
4095	3
4096	3
4097	3
4098	7
4099	1
4100	1
4101	3
4102	4
4103	3
4104	2
4105	3
4106	1
4107	6
4108	2
4109	1
4110	2
4111	3
4112	7
4113	7
4114	6
4115	5
4116	3
4117	5
4118	1
4119	3
4120	4
4121	3
4122	4
4123	6
4124	2
4125	2
4126	5
4127	2
4128	4
4129	6
4130	6
4131	4
4132	1
4133	6
4134	1
4135	6
4136	5
4137	2
4138	2
4139	4
4140	4
4141	2
4142	3
4143	2
4144	3
4145	4
4146	6
4147	1
4148	2
4149	2
4150	3
4151	1
4152	5
4153	2
4154	1
4155	2
4156	1
4157	2
4158	2
4159	2
4160	1
4161	2
4162	5
4163	2
4164	0
4165	2
4166	6
4167	3
4168	3
4169	8
4170	3
4171	3
4172	1
4173	4
4174	2
4175	3
4176	2
4177	2
4178	2
4179	3
4180	2
4181	3
4182	4
4183	4
4184	2
4185	3
4186	5
4187	2
4188	9
4189	2
4190	1
4191	3
4192	4
4193	3
4194	7
4195	6
4196	5
4197	2
4198	4
4199	1
4200	1
4201	5
4202	4
4203	7
4204	5
4205	3
4206	4
4207	2
4208	1
4209	1
4210	5
4211	1
4212	7
4213	2
4214	3
4215	5
4216	1
4217	6
4218	5
4219	1
4220	4
4221	2
4222	6
4223	2
4224	3
4225	1
4226	4
4227	3
4228	1
4229	3
4230	1
4231	2
4232	0
4233	3
4234	4
4235	4
4236	6
4237	0
4238	1
4239	1
4240	2
4241	2
4242	1
4243	1
4244	0
4245	1
4246	0
4247	2
4248	2
4249	3
4250	6
4251	3
4252	2
4253	3
4254	2
4255	3
4256	1
4257	3
4258	1
4259	3
4260	0
4261	3
4262	1
4263	2
4264	1
4265	4
4266	2
4267	3
4268	2
4269	1
4270	1
4271	2
4272	0
4273	3
4274	0
4275	3
4276	3
4277	3
4278	1
4279	1
4280	2
4281	1
4282	1
4283	2
4284	2
4285	1
4286	2
4287	3
4288	3
4289	2
4290	0
4291	2
4292	2
4293	0
4294	2
4295	2
4296	3
4297	1
4298	5
4299	3
4300	2
4301	4
4302	1
4303	2
4304	2
4305	2
4306	1
4307	1
4308	4
4309	1
4310	3
4311	1
4312	3
4313	3
4314	2
4315	0
4316	1
4317	3
4318	3
4319	1
4320	2
4321	2
4322	2
4323	0
4324	1
4325	4
4326	2
4327	5
4328	3
4329	3
4330	2
4331	1
4332	2
4333	1
4334	6
4335	0
4336	1
4337	0
4338	1
4339	0
4340	1
4341	0
4342	2
4343	1
4344	2
4345	3
4346	4
4347	0
4348	3
4349	2
4350	3
4351	1
4352	2
4353	3
4354	3
4355	0
4356	2
4357	2
4358	1
4359	1
4360	3
4361	2
4362	1
4363	4
4364	0
4365	0
4366	2
4367	4
4368	3
4369	0
4370	4
4371	1
4372	1
4373	1
4374	0
4375	1
4376	4
4377	2
4378	3
4379	1
4380	3
4381	0
4382	2
4383	3
4384	1
4385	2
4386	1
4387	0
4388	1
4389	3
4390	1
4391	0
4392	0
4393	3
4394	3
4395	2
4396	3
4397	2
4398	3
4399	2
4400	2
4401	2
4402	3
4403	2
4404	3
4405	4
4406	2
4407	1
4408	1
4409	2
4410	2
4411	2
4412	3
4413	1
4414	2
4415	0
4416	4
4417	1
4418	5
4419	1
4420	2
4421	2
4422	1
4423	2
4424	3
4425	0
4426	0
4427	5
4428	3
4429	0
4430	4
4431	2
4432	4
4433	2
4434	0
4435	1
4436	1
4437	1
4438	1
4439	1
4440	1
4441	0
4442	3
4443	0
4444	1
4445	1
4446	2
4447	2
4448	2
4449	0
4450	1
4451	4
4452	2
4453	4
4454	2
4455	2
4456	2
4457	2
4458	0
4459	1
4460	4
4461	1
4462	1
4463	3
4464	0
4465	1
4466	4
4467	2
4468	5
4469	3
4470	3
4471	1
4472	2
4473	1
4474	2
4475	2
4476	1
4477	3
4478	3
4479	3
4480	1
4481	0
4482	1
4483	2
4484	2
4485	1
4486	1
4487	4
4488	2
4489	2
4490	1
4491	0
4492	2
4493	2
4494	1
4495	1
4496	2
4497	3
4498	3
4499	2
4500	3
4501	1
4502	0
4503	1
4504	2
4505	3
4506	0
4507	1
4508	0
4509	2
4510	2
4511	2
4512	2
4513	1
4514	2
4515	1
4516	4
4517	1
4518	2
4519	3
4520	4
4521	1
4522	1
4523	1
4524	3
4525	3
4526	4
4527	3
4528	0
4529	0
4530	3
4531	1
4532	1
4533	1
4534	0
4535	2
4536	2
4537	2
4538	1
4539	1
4540	5
4541	3
4542	1
4543	2
4544	3
4545	0
4546	2
4547	1
4548	4
4549	3
4550	1
4551	2
4552	2
4553	1
4554	2
4555	3
4556	2
4557	3
4558	0
4559	2
4560	3
4561	1
4562	1
4563	2
4564	0
4565	5
4566	4
4567	3
4568	3
4569	1
4570	3
4571	5
4572	2
4573	1
4574	2
4575	1
4576	2
4577	3
4578	1
4579	3
4580	2
4581	1
4582	0
4583	1
4584	1
4585	1
4586	1
4587	1
4588	2
4589	0
4590	2
4591	1
4592	2
4593	4
4594	1
4595	1
4596	0
4597	4
4598	3
4599	1
4600	2
4601	0
4602	0
4603	1
4604	4
4605	1
4606	0
4607	3
4608	2
4609	1
4610	2
4611	1
4612	3
4613	1
4614	1
4615	1
4616	5
4617	1
4618	0
4619	1
4620	0
4621	1
4622	3
4623	2
4624	2
4625	5
4626	2
4627	1
4628	0
4629	2
4630	0
4631	1
4632	0
4633	3
4634	4
4635	2
4636	2
4637	1
4638	2
4639	1
4640	2
4641	1
4642	2
4643	0
4644	1
4645	2
4646	1
4647	2
4648	2
4649	4
4650	0
4651	1
4652	3
4653	1
4654	0
4655	4
4656	1
4657	2
4658	3
4659	1
4660	0
4661	0
4662	1
4663	2
4664	1
4665	4
4666	2
4667	0
4668	0
4669	1
4670	2
4671	3
4672	3
4673	1
4674	1
4675	1
4676	3
4677	1
4678	0
4679	3
4680	1
4681	2
4682	2
4683	2
4684	3
4685	3
4686	1
4687	1
4688	3
4689	0
4690	0
4691	2
4692	2
4693	1
4694	3
4695	2
4696	1
4697	2
4698	1
4699	4
4700	1
4701	4
4702	3
4703	3
4704	2
4705	0
4706	2
4707	3
4708	3
4709	2
4710	1
4711	4
4712	3
4713	0
4714	3
4715	0
4716	0
4717	3
4718	3
4719	0
4720	1
4721	4
4722	2
4723	2
4724	1
4725	2
4726	1
4727	3
4728	3
4729	6
4730	2
4731	2
4732	1
4733	3
4734	1
4735	2
4736	1
4737	2
4738	3
4739	3
4740	1
4741	0
4742	1
4743	2
4744	2
4745	5
4746	3
4747	0
4748	2
4749	1
4750	1
4751	1
4752	2
4753	2
4754	5
4755	3
4756	1
4757	1
4758	1
4759	1
4760	2
4761	1
4762	2
4763	1
4764	4
4765	3
4766	1
4767	0
4768	1
4769	4
4770	6
4771	0
4772	0
4773	4
4774	1
4775	2
4776	0
4777	2
4778	0
4779	0
4780	3
4781	0
4782	2
4783	2
4784	0
4785	0
4786	1
4787	1
4788	2
4789	2
4790	1
4791	4
4792	1
4793	1
4794	2
4795	2
4796	1
4797	4
4798	2
4799	2
4800	2
4801	0
4802	1
4803	0
4804	2
4805	2
4806	3
4807	1
4808	5
4809	1
4810	6
4811	2
4812	2
4813	2
4814	0
4815	1
4816	0
4817	1
4818	0
4819	3
4820	0
4821	0
4822	2
4823	2
4824	0
4825	1
4826	3
4827	0
4828	2
4829	1
4830	3
4831	4
4832	5
4833	1
4834	2
4835	1
4836	1
4837	1
4838	3
4839	4
4840	3
4841	5
4842	2
4843	0
4844	2
4845	0
4846	1
4847	3
4848	0
4849	2
4850	3
4851	0
4852	1
4853	0
4854	1
4855	2
4856	3
4857	3
4858	0
4859	0
4860	1
4861	1
4862	3
4863	4
4864	1
4865	2
4866	1
4867	2
4868	2
4869	2
4870	1
4871	1
4872	3
4873	2
4874	4
4875	2
4876	3
4877	2
4878	2
4879	1
4880	1
4881	4
4882	2
4883	0
4884	2
4885	2
4886	0
4887	6
4888	2
4889	3
4890	3
4891	0
4892	1
4893	2
4894	1
4895	2
4896	4
4897	1
4898	3
4899	2
4900	2
4901	2
4902	1
4903	1
4904	2
4905	1
4906	2
4907	3
4908	1
4909	1
4910	2
4911	5
4912	0
4913	2
4914	3
4915	2
4916	0
4917	3
4918	1
4919	1
4920	1
4921	2
4922	4
4923	2
4924	3
4925	1
4926	1
4927	1
4928	0
4929	2
4930	2
4931	1
4932	2
4933	0
4934	4
4935	3
4936	0
4937	2
4938	0
4939	1
4940	1
4941	1
4942	2
4943	2
4944	1
4945	2
4946	0
4947	3
4948	1
4949	3
4950	1
4951	1
4952	1
4953	1
4954	1
4955	0
4956	2
4957	2
4958	0
4959	3
4960	0
4961	4
4962	2
4963	0
4964	4
4965	0
4966	3
4967	0
4968	0
4969	1
4970	1
4971	1
4972	0
4973	0
4974	2
4975	1
4976	2
4977	1
4978	0
4979	1
4980	0
4981	2
4982	0
4983	1
4984	0
4985	2
4986	3
4987	2
4988	1
4989	1
4990	1
4991	1
4992	2
4993	0
4994	3
4995	1
4996	1
4997	0
4998	0
4999	0
5000	0
5001	2
5002	1
5003	0
5004	3
5005	2
5006	2
5007	0
5008	2
5009	2
5010	2
5011	3
5012	1
5013	1
5014	4
5015	1
5016	4
5017	2
5018	2
5019	1
5020	1
5021	0
5022	0
5023	2
5024	2
5025	2
5026	0
5027	1
5028	1
5029	4
5030	2
5031	4
5032	4
5033	3
5034	1
5035	2
5036	2
5037	0
5038	0
5039	1
5040	2
5041	2
5042	5
5043	1
5044	1
5045	3
5046	1
5047	0
5048	4
5049	1
5050	0
5051	0
5052	2
5053	0
5054	0
5055	3
5056	1
5057	1
5058	1
5059	1
5060	3
5061	0
5062	0
5063	1
5064	1
5065	2
5066	1
5067	4
5068	4
5069	1
5070	1
5071	3
5072	2
5073	0
5074	3
5075	2
5076	1
5077	3
5078	1
5079	0
5080	5
5081	1
5082	1
5083	0
5084	2
5085	4
5086	2
5087	1
5088	0
5089	2
5090	0
5091	5
5092	1
5093	1
5094	0
5095	1
5096	0
5097	2
5098	1
5099	1
5100	1
5101	3
5102	0
5103	0
5104	1
5105	3
5106	1
5107	1
5108	1
5109	0
5110	3
5111	2
5112	1
5113	4
5114	1
5115	0
5116	2
5117	3
5118	1
5119	3
5120	2
5121	4
5122	5
5123	3
5124	2
5125	2
5126	2
5127	0
5128	2
5129	2
5130	1
5131	3
5132	1
5133	3
5134	2
5135	3
5136	1
5137	1
5138	2
5139	2
5140	0
5141	1
5142	3
5143	1
5144	3
5145	3
5146	0
5147	1
5148	2
5149	2
5150	1
5151	2
5152	2
5153	2
5154	1
5155	2
5156	4
5157	1
5158	1
5159	1
5160	2
5161	1
5162	3
5163	2
5164	0
5165	3
5166	3
5167	1
5168	2
5169	2
5170	2
5171	1
5172	4
5173	2
5174	1
5175	4
5176	4
5177	0
5178	2
5179	1
5180	1
5181	2
5182	3
5183	1
5184	0
5185	0
5186	0
5187	1
5188	1
5189	5
5190	1
5191	2
5192	1
5193	0
5194	3
5195	3
5196	0
5197	3
5198	2
5199	0
5200	1
5201	3
5202	2
5203	1
5204	1
5205	1
5206	1
5207	1
5208	4
5209	1
5210	1
5211	1
5212	0
5213	1
5214	1
5215	4
5216	4
5217	2
5218	1
5219	1
5220	3
5221	2
5222	3
5223	1
5224	2
5225	3
5226	2
5227	3
5228	1
5229	2
5230	2
5231	0
5232	3
5233	1
5234	2
5235	1
5236	1
5237	6
5238	0
5239	1
5240	1
5241	1
5242	1
5243	1
5244	0
5245	3
5246	1
5247	1
5248	5
5249	5
5250	1
5251	2
5252	1
5253	1
5254	1
5255	1
5256	1
5257	1
5258	1
5259	2
5260	0
5261	4
5262	1
5263	1
5264	2
5265	2
5266	1
5267	1
5268	2
5269	1
5270	5
5271	3
5272	2
5273	3
5274	3
5275	3
5276	0
5277	0
5278	2
5279	0
5280	0
5281	0
5282	4
5283	2
5284	0
5285	4
5286	0
5287	4
5288	1
5289	0
5290	1
5291	1
5292	1
5293	0
5294	1
5295	3
5296	0
5297	1
5298	1
5299	0
5300	2
5301	3
5302	1
5303	0
5304	3
5305	2
5306	1
5307	0
5308	1
5309	4
5310	2
5311	2
5312	1
5313	2
5314	3
5315	1
5316	1
5317	2
5318	1
5319	0
5320	1
5321	1
5322	2
5323	3
5324	2
5325	1
5326	4
5327	3
5328	4
5329	2
5330	3
5331	0
5332	2
5333	1
5334	1
5335	4
5336	1
5337	5
5338	1
5339	3
5340	3
5341	2
5342	2
5343	0
5344	1
5345	3
5346	3
5347	1
5348	1
5349	5
5350	0
5351	2
5352	1
5353	3
5354	1
5355	1
5356	0
5357	2
5358	3
5359	3
5360	3
5361	2
5362	2
5363	2
5364	1
5365	4
5366	3
5367	0
5368	2
5369	2
5370	1
5371	1
5372	2
5373	4
5374	2
5375	4
5376	0
5377	1
5378	3
5379	2
5380	1
5381	3
5382	2
5383	1
5384	0
5385	1
5386	1
5387	2
5388	1
5389	1
5390	2
5391	1
5392	2
5393	2
5394	3
5395	0
5396	6
5397	1
5398	0
5399	2
5400	1
5401	0
5402	1
5403	2
5404	1
5405	1
5406	1
5407	0
5408	1
5409	5
5410	2
5411	1
5412	0
5413	1
5414	0
5415	1
5416	1
5417	1
5418	3
5419	0
5420	2
5421	0
5422	3
5423	2
5424	3
5425	1
5426	0
5427	1
5428	2
5429	2
5430	5
5431	4
5432	1
5433	4
5434	0
5435	1
5436	0
5437	2
5438	0
5439	6
5440	0
5441	1
5442	3
5443	0
5444	1
5445	2
5446	0
5447	0
5448	3
5449	0
5450	1
5451	0
5452	2
5453	0
5454	3
5455	2
5456	3
5457	1
5458	1
5459	3
5460	2
5461	5
5462	4
5463	2
5464	4
5465	1
5466	5
5467	1
5468	1
5469	5
5470	1
5471	2
5472	1
5473	2
5474	3
5475	2
5476	2
5477	2
5478	1
5479	1
5480	1
5481	1
5482	1
5483	2
5484	1
5485	2
5486	1
5487	0
5488	4
5489	4
5490	1
5491	3
5492	1
5493	1
5494	1
5495	1
5496	2
5497	6
5498	1
5499	2
5500	2
5501	2
5502	3
5503	2
5504	1
5505	1
5506	1
5507	0
5508	0
5509	2
5510	2
5511	3
5512	0
5513	2
5514	3
5515	4
5516	0
5517	0
5518	2
5519	6
5520	2
5521	3
5522	1
5523	1
5524	3
5525	4
5526	3
5527	1
5528	3
5529	2
5530	3
5531	3
5532	0
5533	4
5534	1
5535	1
5536	3
5537	1
5538	2
5539	2
5540	3
5541	2
5542	4
5543	2
5544	0
5545	1
5546	4
5547	0
5548	2
5549	2
5550	2
5551	0
5552	3
5553	0
5554	0
5555	1
5556	3
5557	3
5558	3
5559	3
5560	2
5561	2
5562	1
5563	2
5564	0
5565	2
5566	1
5567	0
5568	3
5569	2
5570	0
5571	0
5572	1
5573	4
5574	2
5575	0
5576	1
5577	0
5578	0
5579	1
5580	3
5581	2
5582	2
5583	2
5584	1
5585	4
5586	1
5587	4
5588	0
5589	3
5590	2
5591	0
5592	0
5593	2
5594	2
5595	0
5596	4
5597	2
5598	3
5599	0
5600	0
5601	0
5602	3
5603	3
5604	3
5605	1
5606	1
5607	1
5608	0
5609	1
5610	0
5611	2
5612	0
5613	1
5614	2
5615	2
5616	1
5617	2
5618	0
5619	2
5620	0
5621	3
5622	4
5623	0
5624	2
5625	3
5626	1
5627	0
5628	3
5629	1
5630	0
5631	2
5632	1
5633	0
5634	2
5635	2
5636	3
5637	5
5638	2
5639	1
5640	1
5641	0
5642	1
5643	2
5644	3
5645	1
5646	3
5647	0
5648	3
5649	2
5650	3
5651	2
5652	2
5653	3
5654	0
5655	1
5656	0
5657	0
5658	2
5659	3
5660	1
5661	1
5662	2
5663	1
5664	2
5665	2
5666	1
5667	0
5668	2
5669	2
5670	0
5671	1
5672	0
5673	1
5674	1
5675	3
5676	1
5677	3
5678	0
5679	4
5680	0
5681	0
5682	1
5683	2
5684	0
5685	1
5686	1
5687	0
5688	1
5689	2
5690	3
5691	0
5692	1
5693	0
5694	1
5695	5
5696	4
5697	3
5698	2
5699	1
5700	4
5701	1
5702	2
5703	0
5704	2
5705	3
5706	1
5707	2
5708	0
5709	1
5710	0
5711	3
5712	0
5713	2
5714	5
5715	5
5716	2
5717	1
5718	2
5719	1
5720	1
5721	2
5722	4
5723	2
5724	3
5725	3
5726	0
5727	1
5728	2
5729	4
5730	0
5731	3
5732	3
5733	1
5734	0
5735	0
5736	2
5737	2
5738	0
5739	2
5740	1
5741	2
5742	3
5743	3
5744	4
5745	2
5746	0
5747	1
5748	2
5749	0
5750	3
5751	1
5752	3
5753	1
5754	1
5755	3
5756	5
5757	0
5758	1
5759	2
5760	2
5761	1
5762	2
5763	1
5764	2
5765	2
5766	1
5767	2
5768	1
5769	1
5770	2
5771	3
5772	3
5773	1
5774	1
5775	3
5776	0
5777	0
5778	1
5779	2
5780	4
5781	3
5782	1
5783	3
5784	1
5785	1
5786	0
5787	1
5788	1
5789	0
5790	2
5791	1
5792	3
5793	0
5794	1
5795	2
5796	3
5797	2
5798	3
5799	3
5800	2
5801	1
5802	1
5803	1
5804	6
5805	1
5806	0
5807	1
5808	0
5809	0
5810	4
5811	1
5812	0
5813	1
5814	2
5815	2
5816	2
5817	2
5818	5
5819	0
5820	2
5821	3
5822	3
5823	1
5824	1
5825	0
5826	1
5827	2
5828	1
5829	2
5830	1
5831	1
5832	3
5833	4
5834	3
5835	0
5836	2
5837	0
5838	2
5839	1
5840	5
5841	1
5842	2
5843	2
5844	2
5845	3
5846	0
5847	2
5848	1
5849	0
5850	0
5851	0
5852	0
5853	2
5854	3
5855	2
5856	2
5857	1
5858	1
5859	4
5860	2
5861	2
5862	1
5863	1
5864	0
5865	0
5866	4
5867	0
5868	0
5869	0
5870	0
5871	1
5872	0
5873	1
5874	0
5875	0
5876	0
5877	0
5878	0
5879	1
5880	4
5881	0
5882	2
5883	1
5884	1
5885	4
5886	1
5887	3
5888	1
5889	3
5890	0
5891	0
5892	2
5893	2
5894	3
5895	1
5896	1
5897	1
5898	2
5899	1
5900	2
5901	2
5902	1
5903	1
5904	2
5905	0
5906	0
5907	0
5908	1
5909	2
5910	1
5911	0
5912	2
5913	1
5914	4
5915	3
5916	3
5917	0
5918	3
5919	3
5920	2
5921	1
5922	3
5923	0
5924	1
5925	1
5926	1
5927	0
5928	2
5929	1
5930	1
5931	1
5932	2
5933	1
5934	0
5935	1
5936	1
5937	1
5938	1
5939	3
5940	1
5941	1
5942	1
5943	3
5944	1
5945	0
5946	6
5947	2
5948	1
5949	1
5950	2
5951	1
5952	1
5953	2
5954	0
5955	2
5956	0
5957	1
5958	2
5959	2
5960	1
5961	4
5962	1
5963	1
5964	1
5965	0
5966	0
5967	3
5968	0
5969	1
5970	2
5971	1
5972	2
5973	2
5974	3
5975	2
5976	0
5977	3
5978	0
5979	3
5980	0
5981	1
5982	0
5983	1
5984	3
5985	2
5986	2
5987	2
5988	0
5989	1
5990	2
5991	1
5992	3
5993	1
5994	5
5995	2
5996	0
5997	3
5998	2
5999	2
6000	1
6001	4
6002	0
6003	5
6004	2
6005	2
6006	0
6007	1
6008	6
6009	0
6010	1
6011	0
6012	0
6013	2
6014	0
6015	2
6016	4
6017	3
6018	2
6019	0
6020	0
6021	2
6022	1
6023	0
6024	0
6025	1
6026	2
6027	1
6028	1
6029	0
6030	1
6031	1
6032	1
6033	1
6034	1
6035	1
6036	2
6037	1
6038	3
6039	1
6040	2
6041	1
6042	2
6043	1
6044	2
6045	2
6046	4
6047	1
6048	1
6049	2
6050	2
6051	2
6052	1
6053	3
6054	5
6055	0
6056	1
6057	0
6058	1
6059	3
6060	1
6061	0
6062	2
6063	2
6064	0
6065	1
6066	1
6067	1
6068	1
6069	0
6070	1
6071	0
6072	1
6073	2
6074	3
6075	1
6076	0
6077	1
6078	2
6079	1
6080	1
6081	1
6082	2
6083	1
6084	0
6085	1
6086	1
6087	1
6088	1
6089	0
6090	0
6091	1
6092	1
6093	3
6094	4
6095	0
6096	2
6097	3
6098	1
6099	2
6100	0
6101	2
6102	1
6103	1
6104	1
6105	1
6106	2
6107	0
6108	1
6109	2
6110	0
6111	1
6112	1
6113	3
6114	1
6115	4
6116	2
6117	2
6118	1
6119	0
6120	1
6121	1
6122	0
6123	0
6124	1
6125	0
6126	1
6127	0
6128	1
6129	1
6130	3
6131	2
6132	0
6133	1
6134	2
6135	2
6136	1
6137	1
6138	1
6139	2
6140	2
6141	2
6142	1
6143	1
6144	0
6145	1
6146	3
6147	3
6148	1
6149	2
6150	0
6151	1
6152	0
6153	1
6154	2
6155	2
6156	1
6157	1
6158	1
6159	2
6160	0
6161	1
6162	2
6163	1
6164	0
6165	2
6166	0
6167	2
6168	0
6169	2
6170	1
6171	2
6172	3
6173	3
6174	1
6175	2
6176	2
6177	2
6178	0
6179	0
6180	1
6181	1
6182	1
6183	1
6184	0
6185	2
6186	0
6187	0
6188	1
6189	0
6190	0
6191	0
6192	2
6193	1
6194	2
6195	0
6196	1
6197	2
6198	0
6199	1
6200	0
6201	2
6202	0
6203	2
6204	1
6205	2
6206	1
6207	2
6208	0
6209	1
6210	0
6211	1
6212	1
6213	0
6214	1
6215	3
6216	1
6217	1
6218	1
6219	2
6220	0
6221	2
6222	0
6223	1
6224	1
6225	0
6226	0
6227	2
6228	1
6229	0
6230	0
6231	3
6232	1
6233	1
6234	1
6235	3
6236	2
6237	1
6238	0
6239	1
6240	0
6241	4
6242	0
6243	1
6244	2
6245	1
6246	1
6247	2
6248	3
6249	0
6250	0
6251	0
6252	4
6253	4
6254	2
6255	1
6256	2
6257	1
6258	1
6259	2
6260	0
6261	3
6262	0
6263	0
6264	1
6265	3
6266	1
6267	0
6268	1
6269	1
6270	1
6271	1
6272	2
6273	3
6274	1
6275	2
6276	1
6277	1
6278	0
6279	2
6280	4
6281	1
6282	2
6283	0
6284	4
6285	0
6286	1
6287	2
6288	0
6289	1
6290	0
6291	0
6292	0
6293	0
6294	0
6295	0
6296	0
6297	1
6298	1
6299	1
6300	0
6301	0
6302	0
6303	1
6304	1
6305	0
6306	3
6307	1
6308	3
6309	2
6310	1
6311	0
6312	1
6313	3
6314	2
6315	2
6316	2
6317	0
6318	1
6319	2
6320	3
6321	2
6322	2
6323	1
6324	2
6325	0
6326	2
6327	1
6328	0
6329	1
6330	1
6331	1
6332	3
6333	1
6334	3
6335	2
6336	2
6337	1
6338	0
6339	2
6340	1
6341	0
6342	0
6343	0
6344	0
6345	0
6346	0
6347	1
6348	3
6349	1
6350	1
6351	2
6352	0
6353	1
6354	1
6355	3
6356	3
6357	0
6358	4
6359	1
6360	1
6361	2
6362	0
6363	1
6364	1
6365	1
6366	2
6367	1
6368	0
6369	0
6370	2
6371	2
6372	1
6373	1
6374	0
6375	0
6376	0
6377	1
6378	0
6379	2
6380	1
6381	0
6382	2
6383	5
6384	0
6385	4
6386	0
6387	5
6388	3
6389	0
6390	1
6391	1
6392	0
6393	2
6394	0
6395	0
6396	0
6397	1
6398	1
6399	1
6400	0
6401	2
6402	1
6403	0
6404	0
6405	2
6406	0
6407	0
6408	1
6409	1
6410	0
6411	0
6412	1
6413	2
6414	1
6415	1
6416	0
6417	1
6418	1
6419	0
6420	1
6421	4
6422	0
6423	0
6424	4
6425	0
6426	2
6427	0
6428	3
6429	1
6430	0
6431	0
6432	0
6433	0
6434	1
6435	0
6436	0
6437	2
6438	2
6439	0
6440	0
6441	1
6442	0
6443	0
6444	0
6445	1
6446	1
6447	0
6448	1
6449	0
6450	1
6451	0
6452	1
6453	3
6454	2
6455	1
6456	1
6457	0
6458	0
6459	0
6460	0
6461	1
6462	1
6463	1
6464	1
6465	1
6466	2
6467	0
6468	0
6469	0
6470	4
6471	0
6472	2
6473	2
6474	3
6475	1
6476	0
6477	3
6478	0
6479	1
6480	1
6481	1
6482	1
6483	2
6484	0
6485	0
6486	1
6487	1
6488	1
6489	0
6490	1
6491	0
6492	1
6493	2
6494	0
6495	0
6496	0
6497	3
6498	0
6499	0
6500	2
6501	1
6502	0
6503	0
6504	1
6505	1
6506	1
6507	0
6508	0
6509	0
6510	0
6511	0
6512	2
6513	1
6514	3
6515	1
6516	0
6517	0
6518	2
6519	0
6520	0
6521	2
6522	1
6523	0
6524	1
6525	0
6526	0
6527	0
6528	1
6529	1
6530	1
6531	1
6532	0
6533	0
6534	1
6535	1
6536	1
6537	3
6538	0
6539	1
6540	0
6541	1
6542	1
6543	2
6544	1
6545	0
6546	0
6547	0
6548	2
6549	1
6550	1
6551	0
6552	0
6553	2
6554	0
6555	2
6556	0
6557	0
6558	1
6559	0
6560	0
6561	0
6562	0
6563	3
6564	0
6565	1
6566	2
6567	2
6568	4
6569	0
6570	0
6571	1
6572	1
6573	3
6574	1
6575	4
6576	0
6577	0
6578	1
6579	0
6580	0
6581	2
6582	1
6583	0
6584	3
6585	1
6586	0
6587	0
6588	1
6589	0
6590	2
6591	0
6592	1
6593	0
6594	1
6595	1
6596	1
6597	2
6598	1
6599	0
6600	1
6601	1
6602	0
6603	0
6604	0
6605	0
6606	0
6607	0
6608	1
6609	0
6610	1
6611	0
6612	1
6613	1
6614	0
6615	1
6616	1
6617	0
6618	4
6619	1
6620	3
6621	0
6622	0
6623	1
6624	0
6625	0
6626	1
6627	1
6628	2
6629	0
6630	3
6631	0
6632	1
6633	0
6634	0
6635	1
6636	2
6637	2
6638	1
6639	0
6640	0
6641	0
6642	2
6643	1
6644	1
6645	1
6646	1
6647	1
6648	0
6649	1
6650	0
6651	0
6652	0
6653	2
6654	3
6655	1
6656	1
6657	1
6658	1
6659	0
6660	1
6661	2
6662	0
6663	1
6664	0
6665	2
6666	0
6667	0
6668	0
6669	2
6670	1
6671	2
6672	1
6673	0
6674	2
6675	1
6676	1
6677	0
6678	1
6679	2
6680	2
6681	1
6682	1
6683	1
6684	1
6685	1
6686	2
6687	1
6688	0
6689	2
6690	4
6691	1
6692	2
6693	0
6694	0
6695	1
6696	3
6697	1
6698	2
6699	0
6700	0
6701	0
6702	2
6703	0
6704	1
6705	0
6706	1
6707	1
6708	1
6709	2
6710	0
6711	1
6712	0
6713	0
6714	1
6715	1
6716	1
6717	0
6718	3
6719	2
6720	2
6721	0
6722	0
6723	3
6724	1
6725	1
6726	0
6727	1
6728	2
6729	3
6730	2
6731	1
6732	1
6733	1
6734	4
6735	1
6736	0
6737	0
6738	0
6739	0
6740	0
6741	2
6742	0
6743	2
6744	0
6745	0
6746	0
6747	0
6748	1
6749	1
6750	2
6751	1
6752	2
6753	1
6754	1
6755	2
6756	3
6757	1
6758	1
6759	0
6760	1
6761	1
6762	1
6763	0
6764	0
6765	0
6766	0
6767	0
6768	1
6769	2
6770	0
6771	3
6772	1
6773	4
6774	0
6775	0
6776	3
6777	3
6778	0
6779	1
6780	0
6781	0
6782	1
6783	1
6784	1
6785	0
6786	2
6787	0
6788	1
6789	3
6790	1
6791	2
6792	0
6793	2
6794	0
6795	0
6796	1
6797	0
6798	1
6799	0
6800	1
6801	1
6802	1
6803	0
6804	0
6805	2
6806	3
6807	0
6808	1
6809	1
6810	1
6811	0
6812	2
6813	1
6814	1
6815	3
6816	0
6817	0
6818	1
6819	1
6820	1
6821	0
6822	2
6823	1
6824	2
6825	0
6826	2
6827	3
6828	3
6829	1
6830	2
6831	0
6832	2
6833	1
6834	0
6835	3
6836	2
6837	1
6838	2
6839	1
6840	1
6841	0
6842	1
6843	1
6844	2
6845	3
6846	0
6847	0
6848	0
6849	0
6850	2
6851	1
6852	0
6853	0
6854	1
6855	0
6856	1
6857	2
6858	1
6859	0
6860	1
6861	0
6862	1
6863	2
6864	1
6865	2
6866	0
6867	2
6868	0
6869	2
6870	1
6871	0
6872	1
6873	0
6874	0
6875	0
6876	1
6877	1
6878	0
6879	1
6880	0
6881	3
6882	1
6883	0
6884	0
6885	0
6886	1
6887	0
6888	0
6889	2
6890	0
6891	1
6892	0
6893	1
6894	2
6895	0
6896	1
6897	0
6898	1
6899	0
6900	1
6901	1
6902	2
6903	0
6904	0
6905	2
6906	0
6907	3
6908	0
6909	3
6910	3
6911	2
6912	1
6913	0
6914	0
6915	0
6916	0
6917	1
6918	0
6919	1
6920	0
6921	0
6922	1
6923	2
6924	0
6925	3
6926	1
6927	1
6928	2
6929	0
6930	0
6931	2
6932	2
6933	1
6934	0
6935	0
6936	0
6937	2
6938	1
6939	1
6940	0
6941	0
6942	1
6943	0
6944	1
6945	2
6946	0
6947	3
6948	0
6949	0
6950	1
6951	1
6952	2
6953	2
6954	0
6955	2
6956	0
6957	2
6958	0
6959	0
6960	0
6961	2
6962	0
6963	0
6964	0
6965	0
6966	0
6967	1
6968	1
6969	0
6970	0
6971	0
6972	0
6973	1
6974	0
6975	4
6976	0
6977	0
6978	0
6979	2
6980	2
6981	2
6982	1
6983	1
6984	1
6985	1
6986	1
6987	1
6988	3
6989	2
6990	0
6991	1
6992	1
6993	0
6994	2
6995	0
6996	0
6997	0
6998	1
6999	1
7000	1
7001	1
7002	0
7003	1
7004	0
7005	1
7006	0
7007	2
7008	3
7009	1
7010	1
7011	1
7012	0
7013	0
7014	0
7015	0
7016	2
7017	1
7018	0
7019	1
7020	0
7021	2
7022	0
7023	1
7024	2
7025	0
7026	2
7027	0
7028	0
7029	0
7030	2
7031	0
7032	1
7033	1
7034	2
7035	0
7036	1
7037	0
7038	0
7039	1
7040	0
7041	1
7042	0
7043	1
7044	2
7045	0
7046	0
7047	0
7048	0
7049	0
7050	0
7051	1
7052	0
7053	0
7054	0
7055	2
7056	2
7057	0
7058	1
7059	0
7060	1
7061	0
7062	0
7063	2
7064	1
7065	2
7066	0
7067	0
7068	0
7069	3
7070	0
7071	0
7072	1
7073	1
7074	1
7075	0
7076	0
7077	0
7078	1
7079	2
7080	0
7081	2
7082	1
7083	0
7084	0
7085	1
7086	0
7087	0
7088	0
7089	0
7090	1
7091	1
7092	0
7093	1
7094	0
7095	1
7096	0
7097	0
7098	1
7099	1
7100	1
7101	0
7102	2
7103	0
7104	2
7105	0
7106	1
7107	1
7108	0
7109	1
7110	0
7111	0
7112	2
7113	2
7114	0
7115	0
7116	0
7117	1
7118	1
7119	0
7120	4
7121	1
7122	1
7123	0
7124	1
7125	0
7126	1
7127	0
7128	1
7129	0
7130	1
7131	1
7132	1
7133	2
7134	1
7135	3
7136	1
7137	0
7138	2
7139	0
7140	0
7141	1
7142	0
7143	1
7144	1
7145	1
7146	1
7147	0
7148	1
7149	1
7150	0
7151	1
7152	1
7153	1
7154	1
7155	3
7156	0
7157	2
7158	0
7159	0
7160	1
7161	1
7162	0
7163	1
7164	1
7165	1
7166	1
7167	0
7168	0
7169	0
7170	1
7171	0
7172	0
7173	0
7174	1
7175	0
7176	0
7177	0
7178	1
7179	1
7180	0
7181	0
7182	1
7183	1
7184	1
7185	1
7186	0
7187	2
7188	2
7189	0
7190	1
7191	0
7192	0
7193	1
7194	4
7195	1
7196	0
7197	1
7198	1
7199	2
7200	0
7201	1
7202	2
7203	0
7204	0
7205	1
7206	0
7207	2
7208	1
7209	0
7210	2
7211	0
7212	1
7213	0
7214	1
7215	2
7216	1
7217	0
7218	1
7219	1
7220	0
7221	0
7222	0
7223	0
7224	1
7225	2
7226	1
7227	2
7228	0
7229	2
7230	0
7231	2
7232	1
7233	1
7234	0
7235	0
7236	0
7237	1
7238	1
7239	1
7240	0
7241	0
7242	0
7243	0
7244	0
7245	1
7246	1
7247	0
7248	0
7249	0
7250	2
7251	0
7252	0
7253	0
7254	0
7255	0
7256	0
7257	1
7258	0
7259	1
7260	0
7261	1
7262	1
7263	1
7264	0
7265	0
7266	1
7267	1
7268	0
7269	1
7270	0
7271	1
7272	0
7273	0
7274	0
7275	0
7276	1
7277	0
7278	2
7279	1
7280	0
7281	1
7282	0
7283	0
7284	2
7285	0
7286	2
7287	1
7288	0
7289	0
7290	2
7291	1
7292	0
7293	0
7294	1
7295	0
7296	0
7297	0
7298	2
7299	0
7300	1
7301	4
7302	1
7303	2
7304	0
7305	0
7306	0
7307	0
7308	0
7309	1
7310	0
7311	0
7312	1
7313	1
7314	3
7315	1
7316	0
7317	0
7318	0
7319	0
7320	0
7321	0
7322	1
7323	2
7324	0
7325	0
7326	1
7327	1
7328	1
7329	1
7330	0
7331	0
7332	0
7333	2
7334	0
7335	2
7336	0
7337	0
7338	2
7339	0
7340	1
7341	2
7342	1
7343	0
7344	1
7345	0
7346	0
7347	2
7348	0
7349	0
7350	1
7351	0
7352	1
7353	0
7354	0
7355	1
7356	0
7357	0
7358	1
7359	0
7360	0
7361	1
7362	0
7363	2
7364	2
7365	0
7366	2
7367	0
7368	0
7369	0
7370	0
7371	0
7372	1
7373	1
7374	0
7375	1
7376	1
7377	1
7378	0
7379	2
7380	1
7381	0
7382	0
7383	0
7384	0
7385	0
7386	0
7387	1
7388	2
7389	0
7390	0
7391	1
7392	1
7393	0
7394	0
7395	1
7396	0
7397	0
7398	3
7399	1
7400	1
7401	1
7402	0
7403	0
7404	2
7405	1
7406	1
7407	0
7408	2
7409	1
7410	0
7411	1
7412	1
7413	1
7414	0
7415	1
7416	0
7417	0
7418	1
7419	2
7420	1
7421	0
7422	0
7423	1
7424	0
7425	2
7426	1
7427	1
7428	0
7429	0
7430	0
7431	1
7432	0
7433	1
7434	0
7435	0
7436	0
7437	0
7438	0
7439	0
7440	1
7441	0
7442	1
7443	1
7444	2
7445	1
7446	2
7447	0
7448	1
7449	0
7450	1
7451	0
7452	0
7453	2
7454	0
7455	0
7456	0
7457	2
7458	3
7459	0
7460	1
7461	0
7462	0
7463	0
7464	1
7465	1
7466	2
7467	1
7468	0
7469	0
7470	1
7471	4
7472	1
7473	1
7474	0
7475	0
7476	1
7477	0
7478	1
7479	1
7480	0
7481	1
7482	1
7483	1
7484	1
7485	1
7486	1
7487	0
7488	1
7489	0
7490	0
7491	1
7492	1
7493	0
7494	3
7495	0
7496	0
7497	0
7498	1
7499	0
7500	0
7501	1
7502	1
7503	0
7504	0
7505	0
7506	0
7507	0
7508	0
7509	1
7510	2
7511	0
7512	0
7513	0
7514	0
7515	0
7516	1
7517	0
7518	2
7519	0
7520	4
7521	1
7522	0
7523	0
7524	1
7525	1
7526	1
7527	1
7528	0
7529	1
7530	0
7531	3
7532	1
7533	0
7534	1
7535	2
7536	0
7537	1
7538	1
7539	1
7540	0
7541	0
7542	1
7543	0
7544	0
7545	0
7546	1
7547	0
7548	0
7549	2
7550	0
7551	2
7552	2
7553	1
7554	1
7555	1
7556	0
7557	0
7558	0
7559	1
7560	1
7561	2
7562	0
7563	2
7564	2
7565	1
7566	2
7567	0
7568	1
7569	2
7570	0
7571	0
7572	0
7573	1
7574	0
7575	0
7576	0
7577	1
7578	1
7579	1
7580	0
7581	0
7582	1
7583	2
7584	1
7585	0
7586	1
7587	0
7588	1
7589	0
7590	0
7591	1
7592	1
7593	2
7594	0
7595	0
7596	2
7597	1
7598	0
7599	1
7600	2
7601	0
7602	0
7603	1
7604	1
7605	1
7606	0
7607	4
7608	2
7609	1
7610	0
7611	2
7612	1
7613	0
7614	0
7615	1
7616	0
7617	1
7618	0
7619	1
7620	0
7621	0
7622	2
7623	0
7624	0
7625	1
7626	0
7627	0
7628	1
7629	2
7630	0
7631	0
7632	0
7633	2
7634	0
7635	1
7636	0
7637	0
7638	0
7639	1
7640	0
7641	1
7642	0
7643	1
7644	0
7645	0
7646	1
7647	0
7648	0
7649	3
7650	0
7651	0
7652	0
7653	0
7654	0
7655	2
7656	1
7657	0
7658	0
7659	0
7660	0
7661	1
7662	0
7663	0
7664	0
7665	2
7666	2
7667	0
7668	0
7669	2
7670	0
7671	0
7672	0
7673	0
7674	2
7675	0
7676	1
7677	1
7678	1
7679	0
7680	0
7681	2
7682	1
7683	1
7684	0
7685	0
7686	0
7687	1
7688	1
7689	1
7690	2
7691	0
7692	1
7693	1
7694	0
7695	3
7696	0
7697	2
7698	0
7699	0
7700	2
7701	2
7702	0
7703	0
7704	0
7705	0
7706	1
7707	1
7708	4
7709	0
7710	1
7711	0
7712	0
7713	0
7714	1
7715	0
7716	0
7717	1
7718	0
7719	0
7720	0
7721	0
7722	2
7723	1
7724	0
7725	0
7726	0
7727	2
7728	0
7729	0
7730	0
7731	0
7732	0
7733	1
7734	1
7735	0
7736	2
7737	0
7738	0
7739	1
7740	0
7741	0
7742	2
7743	0
7744	0
7745	0
7746	1
7747	1
7748	2
7749	1
7750	2
7751	0
7752	0
7753	4
7754	0
7755	2
7756	1
7757	2
7758	0
7759	1
7760	0
7761	0
7762	1
7763	0
7764	1
7765	1
7766	1
7767	0
7768	0
7769	0
7770	2
7771	0
7772	1
7773	0
7774	0
7775	0
7776	1
7777	0
7778	3
7779	1
7780	0
7781	1
7782	0
7783	2
7784	0
7785	4
7786	0
7787	0
7788	2
7789	0
7790	1
7791	0
7792	0
7793	0
7794	1
7795	0
7796	4
7797	0
7798	1
7799	0
7800	0
7801	1
7802	0
7803	1
7804	1
7805	1
7806	2
7807	1
7808	1
7809	0
7810	1
7811	1
7812	0
7813	0
7814	0
7815	1
7816	2
7817	1
7818	0
7819	3
7820	0
7821	0
7822	0
7823	0
7824	0
7825	0
7826	0
7827	1
7828	1
7829	0
7830	0
7831	1
7832	2
7833	0
7834	3
7835	1
7836	0
7837	0
7838	0
7839	0
7840	1
7841	0
7842	1
7843	1
7844	2
7845	1
7846	0
7847	0
7848	2
7849	0
7850	1
7851	0
7852	0
7853	3
7854	0
7855	2
7856	0
7857	0
7858	0
7859	3
7860	1
7861	3
7862	2
7863	0
7864	1
7865	1
7866	0
7867	0
7868	1
7869	0
7870	1
7871	0
7872	0
7873	0
7874	1
7875	1
7876	1
7877	1
7878	2
7879	0
7880	0
7881	0
7882	1
7883	0
7884	0
7885	0
7886	0
7887	0
7888	2
7889	0
7890	0
7891	2
7892	0
7893	0
7894	3
7895	0
7896	2
7897	0
7898	1
7899	0
7900	1
7901	0
7902	0
7903	0
7904	0
7905	0
7906	0
7907	1
7908	0
7909	0
7910	1
7911	0
7912	1
7913	2
7914	1
7915	0
7916	0
7917	0
7918	1
7919	0
7920	1
7921	0
7922	1
7923	1
7924	0
7925	1
7926	0
7927	0
7928	1
7929	1
7930	1
7931	2
7932	0
7933	2
7934	0
7935	0
7936	2
7937	0
7938	0
7939	1
7940	1
7941	1
7942	0
7943	1
7944	0
7945	1
7946	0
7947	0
7948	0
7949	0
7950	1
7951	2
7952	1
7953	2
7954	0
7955	1
7956	0
7957	2
7958	1
7959	1
7960	1
7961	2
7962	2
7963	2
7964	0
7965	1
7966	1
7967	1
7968	1
7969	1
7970	2
7971	1
7972	0
7973	0
7974	1
7975	0
7976	1
7977	0
7978	0
7979	1
7980	0
7981	2
7982	1
7983	1
7984	1
7985	0
7986	2
7987	2
7988	1
7989	1
7990	0
7991	1
7992	1
7993	2
7994	0
7995	0
7996	0
7997	0
7998	0
7999	0
8000	1
8001	0
8002	0
8003	1
8004	0
8005	0
8006	1
8007	1
8008	0
8009	0
8010	2
8011	0
8012	1
8013	1
8014	0
8015	1
8016	1
8017	2
8018	1
8019	1
8020	1
8021	0
8022	1
8023	1
8024	0
8025	1
8026	0
8027	0
8028	2
8029	0
8030	2
8031	1
8032	1
8033	1
8034	0
8035	1
8036	1
8037	2
8038	2
8039	1
8040	1
8041	1
8042	0
8043	2
8044	1
8045	2
8046	1
8047	1
8048	3
8049	2
8050	0
8051	1
8052	0
8053	2
8054	0
8055	1
8056	1
8057	1
8058	1
8059	0
8060	1
8061	2
8062	0
8063	0
8064	2
8065	1
8066	0
8067	0
8068	0
8069	1
8070	0
8071	0
8072	1
8073	1
8074	1
8075	1
8076	0
8077	0
8078	0
8079	2
8080	0
8081	1
8082	1
8083	1
8084	0
8085	1
8086	2
8087	1
8088	2
8089	1
8090	0
8091	0
8092	0
8093	0
8094	0
8095	0
8096	1
8097	0
8098	1
8099	0
8100	0
8101	0
8102	1
8103	0
8104	2
8105	0
8106	1
8107	3
8108	1
8109	0
8110	4
8111	0
8112	1
8113	0
8114	1
8115	0
8116	0
8117	0
8118	2
8119	0
8120	2
8121	1
8122	0
8123	0
8124	1
8125	3
8126	0
8127	0
8128	0
8129	0
8130	0
8131	1
8132	2
8133	0
8134	0
8135	0
8136	0
8137	0
8138	0
8139	0
8140	2
8141	2
8142	2
8143	0
8144	1
8145	0
8146	1
8147	0
8148	0
8149	0
8150	0
8151	0
8152	1
8153	0
8154	2
8155	1
8156	2
8157	1
8158	3
8159	0
8160	0
8161	1
8162	0
8163	1
8164	1
8165	1
8166	0
8167	1
8168	0
8169	1
8170	0
8171	0
8172	0
8173	1
8174	0
8175	0
8176	2
8177	3
8178	1
8179	1
8180	0
8181	0
8182	0
8183	0
8184	0
8185	0
8186	0
8187	1
8188	0
8189	0
8190	1
8191	0
8192	1
8193	1
8194	2
8195	0
8196	1
8197	0
8198	0
8199	0
8200	0
8201	2
8202	1
8203	0
8204	0
8205	0
8206	0
8207	1
8208	1
8209	0
8210	1
8211	0
8212	1
8213	1
8214	1
8215	2
8216	0
8217	2
8218	1
8219	0
8220	1
8221	1
8222	0
8223	0
8224	0
8225	0
8226	1
8227	0
8228	0
8229	0
8230	3
8231	0
8232	0
8233	1
8234	0
8235	0
8236	0
8237	0
8238	0
8239	1
8240	0
8241	0
8242	1
8243	0
8244	0
8245	0
8246	1
8247	0
8248	0
8249	0
8250	0
8251	0
8252	0
8253	1
8254	1
8255	0
8256	0
8257	0
8258	0
8259	0
8260	0
8261	0
8262	0
8263	0
8264	3
8265	0
8266	0
8267	1
8268	0
8269	0
8270	0
8271	1
8272	0
8273	1
8274	0
8275	0
8276	1
8277	0
8278	0
8279	0
8280	0
8281	1
8282	0
8283	0
8284	0
8285	1
8286	0
8287	1
8288	0
8289	0
8290	0
8291	1
8292	0
8293	0
8294	0
8295	1
8296	0
8297	2
8298	1
8299	0
8300	1
8301	0
8302	0
8303	0
8304	0
8305	2
8306	0
8307	1
8308	0
8309	0
8310	1
8311	2
8312	0
8313	0
8314	1
8315	2
8316	1
8317	1
8318	0
8319	1
8320	2
8321	0
8322	1
8323	0
8324	0
8325	1
8326	0
8327	1
8328	1
8329	0
8330	1
8331	3
8332	0
8333	0
8334	0
8335	0
8336	1
8337	0
8338	0
8339	0
8340	1
8341	1
8342	0
8343	0
8344	1
8345	1
8346	0
8347	1
8348	1
8349	0
8350	0
8351	0
8352	2
8353	1
8354	2
8355	1
8356	3
8357	0
8358	1
8359	0
8360	0
8361	1
8362	0
8363	1
8364	1
8365	2
8366	0
8367	3
8368	0
8369	2
8370	2
8371	0
8372	1
8373	0
8374	1
8375	0
8376	0
8377	1
8378	0
8379	0
8380	1
8381	0
8382	2
8383	0
8384	0
8385	0
8386	0
8387	0
8388	0
8389	0
8390	0
8391	1
8392	1
8393	0
8394	0
8395	0
8396	1
8397	0
8398	0
8399	0
8400	2
8401	0
8402	1
8403	0
8404	0
8405	2
8406	0
8407	1
8408	2
8409	0
8410	1
8411	0
8412	1
8413	1
8414	0
8415	1
8416	1
8417	0
8418	0
8419	0
8420	0
8421	0
8422	0
8423	1
8424	1
8425	2
8426	0
8427	0
8428	1
8429	0
8430	0
8431	0
8432	2
8433	1
8434	0
8435	2
8436	1
8437	0
8438	1
8439	0
8440	2
8441	0
8442	1
8443	1
8444	1
8445	0
8446	0
8447	0
8448	1
8449	2
8450	0
8451	1
8452	0
8453	1
8454	0
8455	1
8456	1
8457	0
8458	0
8459	0
8460	1
8461	1
8462	0
8463	1
8464	0
8465	1
8466	0
8467	1
8468	0
8469	1
8470	1
8471	0
8472	0
8473	0
8474	0
8475	1
8476	1
8477	0
8478	0
8479	1
8480	0
8481	1
8482	1
8483	0
8484	0
8485	1
8486	0
8487	4
8488	0
8489	1
8490	0
8491	0
8492	2
8493	1
8494	0
8495	1
8496	0
8497	0
8498	0
8499	1
8500	0
8501	1
8502	0
8503	0
8504	2
8505	0
8506	0
8507	1
8508	2
8509	1
8510	2
8511	1
8512	0
8513	1
8514	2
8515	0
8516	2
8517	1
8518	1
8519	2
8520	1
8521	0
8522	0
8523	2
8524	0
8525	0
8526	0
8527	1
8528	0
8529	0
8530	1
8531	1
8532	0
8533	1
8534	1
8535	2
8536	2
8537	1
8538	1
8539	0
8540	0
8541	0
8542	0
8543	0
8544	1
8545	1
8546	0
8547	0
8548	0
8549	1
8550	1
8551	2
8552	1
8553	0
8554	1
8555	0
8556	0
8557	0
8558	0
8559	1
8560	1
8561	0
8562	0
8563	0
8564	0
8565	1
8566	1
8567	1
8568	0
8569	1
8570	0
8571	2
8572	3
8573	0
8574	0
8575	0
8576	0
8577	0
8578	0
8579	2
8580	1
8581	0
8582	1
8583	0
8584	2
8585	1
8586	0
8587	1
8588	0
8589	1
8590	2
8591	0
8592	1
8593	0
8594	0
8595	0
8596	0
8597	0
8598	3
8599	3
8600	0
8601	2
8602	1
8603	0
8604	0
8605	0
8606	1
8607	0
8608	2
8609	0
8610	0
8611	1
8612	0
8613	2
8614	0
8615	1
8616	2
8617	1
8618	0
8619	0
8620	0
8621	0
8622	1
8623	0
8624	0
8625	0
8626	2
8627	0
8628	3
8629	0
8630	1
8631	0
8632	2
8633	1
8634	0
8635	0
8636	2
8637	3
8638	0
8639	0
8640	1
8641	1
8642	2
8643	1
8644	0
8645	0
8646	1
8647	0
8648	0
8649	0
8650	0
8651	1
8652	3
8653	3
8654	2
8655	0
8656	1
8657	1
8658	0
8659	3
8660	0
8661	3
8662	1
8663	1
8664	0
8665	0
8666	2
8667	0
8668	0
8669	1
8670	0
8671	0
8672	0
8673	2
8674	1
8675	1
8676	0
8677	2
8678	1
8679	0
8680	0
8681	1
8682	1
8683	0
8684	0
8685	0
8686	1
8687	1
8688	0
8689	1
8690	0
8691	0
8692	1
8693	1
8694	0
8695	0
8696	1
8697	0
8698	0
8699	1
8700	1
8701	0
8702	1
8703	0
8704	1
8705	1
8706	0
8707	1
8708	0
8709	1
8710	0
8711	1
8712	0
8713	0
8714	0
8715	2
8716	1
8717	0
8718	0
8719	2
8720	1
8721	0
8722	0
8723	0
8724	1
8725	0
8726	0
8727	3
8728	3
8729	0
8730	0
8731	1
8732	0
8733	0
8734	1
8735	0
8736	0
8737	1
8738	1
8739	1
8740	0
8741	1
8742	1
8743	1
8744	0
8745	0
8746	0
8747	0
8748	1
8749	0
8750	2
8751	1
8752	0
8753	0
8754	0
8755	1
8756	0
8757	1
8758	0
8759	0
8760	1
8761	1
8762	0
8763	0
8764	1
8765	0
8766	0
8767	2
8768	0
8769	0
8770	1
8771	0
8772	1
8773	0
8774	0
8775	0
8776	2
8777	1
8778	1
8779	1
8780	2
8781	0
8782	0
8783	0
8784	1
8785	0
8786	1
8787	0
8788	0
8789	1
8790	2
8791	0
8792	1
8793	0
8794	2
8795	0
8796	2
8797	1
8798	0
8799	0
8800	1
8801	0
8802	1
8803	1
8804	1
8805	0
8806	2
8807	0
8808	0
8809	1
8810	2
8811	0
8812	0
8813	2
8814	1
8815	0
8816	1
8817	0
8818	0
8819	1
8820	0
8821	0
8822	1
8823	0
8824	0
8825	2
8826	0
8827	0
8828	1
8829	1
8830	0
8831	0
8832	0
8833	0
8834	0
8835	1
8836	0
8837	0
8838	1
8839	0
8840	0
8841	0
8842	0
8843	0
8844	2
8845	1
8846	1
8847	1
8848	0
8849	1
8850	0
8851	0
8852	1
8853	1
8854	1
8855	2
8856	1
8857	1
8858	0
8859	0
8860	1
8861	3
8862	1
8863	1
8864	0
8865	0
8866	0
8867	0
8868	1
8869	0
8870	1
8871	1
8872	0
8873	0
8874	1
8875	2
8876	1
8877	3
8878	0
8879	1
8880	1
8881	1
8882	0
8883	1
8884	1
8885	1
8886	0
8887	2
8888	1
8889	1
8890	0
8891	1
8892	1
8893	0
8894	0
8895	0
8896	0
8897	2
8898	0
8899	0
8900	0
8901	0
8902	1
8903	0
8904	1
8905	0
8906	0
8907	0
8908	0
8909	0
8910	0
8911	0
8912	2
8913	0
8914	0
8915	0
8916	2
8917	0
8918	1
8919	1
8920	1
8921	0
8922	0
8923	1
8924	0
8925	0
8926	1
8927	1
8928	1
8929	1
8930	2
8931	1
8932	1
8933	0
8934	2
8935	0
8936	2
8937	0
8938	1
8939	2
8940	1
8941	1
8942	2
8943	0
8944	1
8945	1
8946	1
8947	0
8948	0
8949	0
8950	1
8951	0
8952	1
8953	1
8954	1
8955	1
8956	0
8957	0
8958	0
8959	0
8960	1
8961	0
8962	0
8963	0
8964	1
8965	0
8966	0
8967	0
8968	0
8969	2
8970	0
8971	0
8972	1
8973	0
8974	1
8975	1
8976	0
8977	0
8978	0
8979	0
8980	2
8981	1
8982	0
8983	2
8984	1
8985	0
8986	4
8987	0
8988	0
8989	2
8990	1
8991	0
8992	1
8993	0
8994	1
8995	0
8996	0
8997	1
8998	0
8999	0
9000	0
9001	0
9002	1
9003	2
9004	2
9005	0
9006	1
9007	0
9008	1
9009	0
9010	1
9011	1
9012	1
9013	0
9014	0
9015	0
9016	1
9017	0
9018	1
9019	0
9020	1
9021	1
9022	0
9023	0
9024	1
9025	1
9026	0
9027	1
9028	0
9029	1
9030	1
9031	0
9032	0
9033	1
9034	1
9035	0
9036	1
9037	0
9038	0
9039	0
9040	0
9041	1
9042	0
9043	2
9044	0
9045	0
9046	0
9047	3
9048	1
9049	0
9050	1
9051	0
9052	0
9053	2
9054	0
9055	1
9056	1
9057	1
9058	2
9059	2
9060	2
9061	0
9062	0
9063	1
9064	0
9065	1
9066	1
9067	1
9068	1
9069	0
9070	0
9071	0
9072	0
9073	0
9074	2
9075	0
9076	0
9077	1
9078	2
9079	0
9080	0
9081	1
9082	2
9083	0
9084	0
9085	0
9086	1
9087	0
9088	2
9089	0
9090	1
9091	1
9092	0
9093	0
9094	0
9095	1
9096	2
9097	0
9098	0
9099	1
9100	0
9101	0
9102	0
9103	1
9104	1
9105	0
9106	0
9107	0
9108	0
9109	3
9110	1
9111	0
9112	2
9113	0
9114	0
9115	1
9116	2
9117	0
9118	0
9119	0
9120	1
9121	0
9122	1
9123	0
9124	0
9125	0
9126	1
9127	2
9128	0
9129	2
9130	2
9131	2
9132	0
9133	0
9134	0
9135	0
9136	1
9137	1
9138	1
9139	0
9140	0
9141	0
9142	0
9143	1
9144	0
9145	0
9146	2
9147	0
9148	1
9149	0
9150	0
9151	1
9152	0
9153	0
9154	2
9155	0
9156	0
9157	0
9158	0
9159	0
9160	1
9161	0
9162	0
9163	1
9164	0
9165	0
9166	0
9167	2
9168	1
9169	0
9170	3
9171	0
9172	1
9173	1
9174	1
9175	0
9176	1
9177	0
9178	0
9179	1
9180	0
9181	0
9182	0
9183	0
9184	1
9185	0
9186	1
9187	0
9188	0
9189	1
9190	1
9191	0
9192	0
9193	0
9194	0
9195	0
9196	0
9197	2
9198	1
9199	0
9200	0
9201	0
9202	0
9203	2
9204	0
9205	1
9206	0
9207	0
9208	1
9209	1
9210	4
9211	1
9212	0
9213	0
9214	0
9215	0
9216	1
9217	1
9218	1
9219	1
9220	0
9221	1
9222	2
9223	0
9224	0
9225	0
9226	1
9227	0
9228	0
9229	1
9230	0
9231	1
9232	0
9233	0
9234	0
9235	0
9236	0
9237	1
9238	0
9239	2
9240	1
9241	1
9242	0
9243	0
9244	2
9245	0
9246	0
9247	1
9248	1
9249	0
9250	0
9251	1
9252	0
9253	0
9254	0
9255	0
9256	1
9257	0
9258	0
9259	0
9260	0
9261	0
9262	0
9263	0
9264	1
9265	1
9266	0
9267	0
9268	1
9269	1
9270	1
9271	2
9272	0
9273	0
9274	1
9275	0
9276	0
9277	0
9278	0
9279	0
9280	0
9281	0
9282	0
9283	1
9284	0
9285	0
9286	0
9287	1
9288	0
9289	0
9290	1
9291	0
9292	1
9293	0
9294	2
9295	0
9296	1
9297	0
9298	0
9299	0
9300	2
9301	0
9302	1
9303	1
9304	1
9305	0
9306	2
9307	1
9308	1
9309	1
9310	0
9311	0
9312	1
9313	1
9314	1
9315	3
9316	0
9317	1
9318	0
9319	0
9320	1
9321	0
9322	0
9323	0
9324	1
9325	0
9326	0
9327	0
9328	0
9329	0
9330	0
9331	0
9332	0
9333	0
9334	0
9335	1
9336	1
9337	0
9338	1
9339	0
9340	1
9341	1
9342	0
9343	0
9344	3
9345	0
9346	3
9347	1
9348	0
9349	1
9350	0
9351	1
9352	1
9353	0
9354	1
9355	0
9356	1
9357	0
9358	0
9359	2
9360	1
9361	1
9362	0
9363	0
9364	1
9365	1
9366	0
9367	0
9368	0
9369	2
9370	1
9371	1
9372	1
9373	1
9374	0
9375	1
9376	0
9377	0
9378	0
9379	3
9380	1
9381	0
9382	0
9383	2
9384	0
9385	0
9386	0
9387	0
9388	2
9389	0
9390	1
9391	0
9392	1
9393	0
9394	1
9395	1
9396	0
9397	0
9398	0
9399	2
9400	1
9401	1
9402	1
9403	1
9404	0
9405	2
9406	0
9407	0
9408	0
9409	2
9410	0
9411	1
9412	1
9413	1
9414	1
9415	1
9416	2
9417	0
9418	0
9419	0
9420	0
9421	0
9422	1
9423	0
9424	0
9425	0
9426	0
9427	3
9428	5
9429	1
9430	0
9431	0
9432	3
9433	0
9434	0
9435	1
9436	1
9437	0
9438	0
9439	0
9440	1
9441	1
9442	1
9443	1
9444	0
9445	0
9446	0
9447	2
9448	0
9449	0
9450	1
9451	1
9452	1
9453	2
9454	0
9455	0
9456	1
9457	0
9458	0
9459	1
9460	1
9461	1
9462	1
9463	0
9464	0
9465	0
9466	0
9467	0
9468	0
9469	2
9470	0
9471	1
9472	0
9473	0
9474	0
9475	0
9476	0
9477	0
9478	0
9479	1
9480	0
9481	1
9482	0
9483	0
9484	0
9485	0
9486	0
9487	0
9488	2
9489	1
9490	2
9491	0
9492	1
9493	0
9494	1
9495	0
9496	0
9497	0
9498	0
9499	0
9500	0
9501	2
9502	1
9503	1
9504	0
9505	1
9506	0
9507	1
9508	1
9509	1
9510	0
9511	1
9512	0
9513	0
9514	2
9515	1
9516	1
9517	1
9518	0
9519	0
9520	0
9521	0
9522	1
9523	1
9524	0
9525	2
9526	0
9527	0
9528	0
9529	0
9530	1
9531	0
9532	0
9533	1
9534	0
9535	0
9536	0
9537	0
9538	1
9539	3
9540	2
9541	2
9542	0
9543	1
9544	1
9545	1
9546	0
9547	1
9548	0
9549	1
9550	0
9551	2
9552	0
9553	0
9554	0
9555	2
9556	0
9557	0
9558	0
9559	1
9560	0
9561	0
9562	0
9563	0
9564	0
9565	1
9566	2
9567	1
9568	0
9569	1
9570	0
9571	0
9572	0
9573	0
9574	1
9575	0
9576	1
9577	0
9578	2
9579	0
9580	0
9581	1
9582	0
9583	2
9584	0
9585	1
9586	1
9587	1
9588	2
9589	2
9590	1
9591	1
9592	0
9593	0
9594	2
9595	1
9596	1
9597	2
9598	0
9599	1
9600	1
9601	1
9602	0
9603	2
9604	1
9605	2
9606	2
9607	2
9608	0
9609	1
9610	0
9611	0
9612	0
9613	1
9614	1
9615	0
9616	1
9617	1
9618	0
9619	0
9620	1
9621	1
9622	1
9623	0
9624	1
9625	1
9626	1
9627	3
9628	2
9629	1
9630	1
9631	1
9632	1
9633	1
9634	0
9635	2
9636	0
9637	0
9638	0
9639	2
9640	0
9641	0
9642	3
9643	1
9644	1
9645	1
9646	2
9647	1
9648	3
9649	1
9650	2
9651	3
9652	0
9653	0
9654	1
9655	3
9656	1
9657	1
9658	2
9659	1
9660	1
9661	0
9662	1
9663	2
9664	2
9665	0
9666	1
9667	1
9668	1
9669	1
9670	0
9671	2
9672	0
9673	2
9674	0
9675	1
9676	1
9677	0
9678	1
9679	2
9680	0
9681	2
9682	0
9683	3
9684	0
9685	1
9686	1
9687	0
9688	0
9689	2
9690	0
9691	1
9692	2
9693	0
9694	1
9695	1
9696	1
9697	0
9698	1
9699	3
9700	1
9701	0
9702	1
9703	0
9704	0
9705	0
9706	1
9707	1
9708	0
9709	0
9710	2
9711	0
9712	2
9713	0
9714	0
9715	2
9716	0
9717	0
9718	0
9719	0
9720	0
9721	0
9722	0
9723	0
9724	2
9725	0
9726	0
9727	1
9728	0
9729	0
9730	0
9731	0
9732	1
9733	0
9734	0
9735	0
9736	0
9737	0
9738	1
9739	0
9740	0
9741	1
9742	1
9743	0
9744	0
9745	0
9746	0
9747	1
9748	1
9749	0
9750	1
9751	2
9752	2
9753	1
9754	1
9755	1
9756	2
9757	1
9758	1
9759	1
9760	1
9761	1
9762	0
9763	2
9764	1
9765	1
9766	3
9767	1
9768	1
9769	1
9770	1
9771	0
9772	0
9773	0
9774	0
9775	1
9776	0
9777	0
9778	1
9779	1
9780	0
9781	0
9782	3
9783	0
9784	0
9785	0
9786	1
9787	1
9788	0
9789	1
9790	2
9791	0
9792	0
9793	0
9794	1
9795	0
9796	0
9797	1
9798	1
9799	0
9800	0
9801	0
9802	0
9803	2
9804	1
9805	0
9806	1
9807	0
9808	0
9809	0
9810	3
9811	1
9812	0
9813	1
9814	0
9815	1
9816	0
9817	0
9818	0
9819	0
9820	0
9821	0
9822	1
9823	1
9824	1
9825	0
9826	0
9827	0
9828	0
9829	0
9830	0
9831	1
9832	0
9833	1
9834	0
9835	0
9836	0
9837	1
9838	0
9839	0
9840	0
9841	1
9842	0
9843	1
9844	0
9845	0
9846	1
9847	0
9848	0
9849	0
9850	0
9851	0
9852	0
9853	0
9854	0
9855	1
9856	0
9857	1
9858	0
9859	1
9860	2
9861	1
9862	0
9863	1
9864	1
9865	0
9866	0
9867	0
9868	1
9869	1
9870	0
9871	1
9872	0
9873	0
9874	0
9875	1
9876	1
9877	0
9878	0
9879	0
9880	0
9881	1
9882	2
9883	0
9884	0
9885	0
9886	0
9887	3
9888	0
9889	0
9890	1
9891	1
9892	0
9893	1
9894	0
9895	2
9896	1
9897	0
9898	0
9899	2
9900	0
9901	2
9902	0
9903	1
9904	0
9905	0
9906	1
9907	1
9908	0
9909	2
9910	0
9911	0
9912	2
9913	1
9914	0
9915	1
9916	0
9917	1
9918	2
9919	0
9920	1
9921	0
9922	0
9923	0
9924	0
9925	1
9926	0
9927	1
9928	0
9929	2
9930	1
9931	0
9932	1
9933	1
9934	1
9935	0
9936	1
9937	0
9938	0
9939	0
9940	0
9941	0
9942	1
9943	2
9944	1
9945	0
9946	1
9947	0
9948	2
9949	0
9950	0
9951	2
9952	0
9953	0
9954	1
9955	1
9956	0
9957	2
9958	0
9959	0
9960	0
9961	1
9962	0
9963	1
9964	0
9965	0
9966	0
9967	0
9968	0
9969	0
9970	1
9971	0
9972	0
9973	0
9974	1
9975	1
9976	0
9977	0
9978	1
9979	0
9980	0
9981	1
9982	2
9983	0
9984	0
9985	1
9986	2
9987	1
9988	1
9989	0
9990	0
9991	1
9992	1
9993	0
9994	1
9995	1
9996	1
9997	1
9998	0
9999	1
10000	0
