1	339200656
2	8186054
3	1794904
4	1039461
5	776073
6	786389
7	855220
8	988827
9	1159894
10	1359735
11	1613295
12	1934508
13	2353629
14	2878704
15	3528795
16	4287443
17	5156586
18	6061254
19	6963469
20	7812265
21	8537529
22	9073702
23	9404545
24	9495399
25	9332253
26	8942675
27	8351179
28	7618658
29	6783729
30	5901183
31	5010464
32	4174708
33	3401734
34	2727945
35	2132431
36	1641873
37	1249267
38	939096
39	701166
40	520917
41	385422
42	285914
43	216967
44	169325
45	137850
46	115239
47	100473
48	89371
49	82668
50	77643
51	73525
52	70722
53	67665
54	64090
55	60601
56	58493
57	54904
58	50951
59	48697
60	45480
61	42666
62	39684
63	37424
64	35080
65	32683
66	31302
67	29318
68	27858
69	26100
70	24872
71	24231
72	23072
73	22162
74	21275
75	20362
76	19330
77	19089
78	18516
79	18134
80	17809
81	17069
82	16806
83	16259
84	15796
85	15287
86	14522
87	14155
88	13676
89	13005
90	12571
91	12350
92	11958
93	11799
94	11512
95	11430
96	11018
97	10865
98	10132
99	10115
100	9956
101	9532
102	9220
103	8870
104	8778
105	8369
106	8151
107	8054
108	8082
109	7909
110	7876
111	7506
112	7145
113	7025
114	6955
115	6665
116	6540
117	6377
118	6248
119	6330
120	6011
121	6087
122	6219
123	6007
124	5734
125	5825
126	5537
127	5523
128	5472
129	5370
130	5280
131	5205
132	5091
133	4945
134	4880
135	4776
136	4805
137	4744
138	4636
139	4671
140	4500
141	4365
142	4458
143	4465
144	4293
145	4195
146	4217
147	4140
148	3996
149	3916
150	3867
151	3763
152	3736
153	3672
154	3640
155	3717
156	3645
157	3535
158	3528
159	3522
160	3452
161	3509
162	3302
163	3383
164	3380
165	3346
166	3342
167	3304
168	3262
169	3138
170	3035
171	3022
172	2920
173	2824
174	2890
175	2742
176	2810
177	2838
178	2717
179	2703
180	2711
181	2585
182	2590
183	2629
184	2617
185	2457
186	2487
187	2459
188	2347
189	2391
190	2387
191	2393
192	2350
193	2306
194	2261
195	2170
196	2188
197	2173
198	2180
199	2231
200	2263
201	2179
202	2167
203	2218
204	2148
205	2156
206	2176
207	2119
208	2142
209	2239
210	2089
211	2185
212	2132
213	2059
214	2185
215	2165
216	2052
217	2140
218	2121
219	2072
220	2053
221	1940
222	2032
223	1983
224	1931
225	1917
226	1903
227	1850
228	1973
229	1950
230	1918
231	2053
232	1920
233	1895
234	1873
235	1878
236	1867
237	1826
238	1842
239	1853
240	1837
241	1850
242	1799
243	1799
244	1764
245	1720
246	1763
247	1756
248	1790
249	1729
250	1749
251	1768
252	1869
253	1675
254	1801
255	1760
256	1783
257	1661
258	1746
259	1762
260	1684
261	1620
262	1676
263	1685
264	1749
265	1663
266	1610
267	1660
268	1601
269	1668
270	1702
271	1654
272	1494
273	1643
274	1561
275	1587
276	1515
277	1502
278	1538
279	1632
280	1548
281	1520
282	1541
283	1478
284	1562
285	1398
286	1502
287	1431
288	1392
289	1379
290	1413
291	1365
292	1373
293	1367
294	1297
295	1269
296	1260
297	1323
298	1321
299	1281
300	1316
301	1252
302	1281
303	1366
304	1230
305	1246
306	1241
307	1234
308	1132
309	1236
310	1157
311	1224
312	1178
313	1224
314	1203
315	1166
316	1160
317	1130
318	1137
319	1114
320	1053
321	1079
322	1024
323	1034
324	1014
325	1022
326	970
327	932
328	1010
329	1008
330	927
331	918
332	905
333	909
334	919
335	920
336	965
337	944
338	872
339	893
340	915
341	857
342	844
343	839
344	791
345	776
346	791
347	753
348	760
349	769
350	733
351	763
352	765
353	703
354	740
355	730
356	738
357	727
358	762
359	764
360	700
361	699
362	689
363	666
364	659
365	667
366	695
367	694
368	693
369	679
370	668
371	658
372	686
373	687
374	577
375	635
376	652
377	599
378	634
379	625
380	651
381	624
382	641
383	591
384	581
385	628
386	614
387	561
388	564
389	592
390	535
391	563
392	562
393	527
394	521
395	566
396	560
397	564
398	563
399	543
400	549
401	523
402	592
403	514
404	492
405	473
406	468
407	478
408	512
409	507
410	487
411	495
412	496
413	485
414	512
415	483
416	513
417	501
418	471
419	464
420	469
421	465
422	486
423	464
424	472
425	485
426	497
427	445
428	448
429	439
430	456
431	443
432	406
433	457
434	441
435	433
436	417
437	435
438	412
439	386
440	407
441	388
442	400
443	397
444	372
445	375
446	387
447	408
448	378
449	422
450	404
451	438
452	423
453	413
454	390
455	436
456	423
457	421
458	387
459	435
460	457
461	421
462	447
463	430
464	434
465	409
466	419
467	414
468	421
469	408
470	427
471	384
472	367
473	369
474	379
475	379
476	408
477	381
478	395
479	390
480	353
481	408
482	367
483	360
484	366
485	365
486	396
487	348
488	386
489	385
490	427
491	367
492	378
493	373
494	376
495	361
496	332
497	328
498	355
499	355
500	308
501	356
502	349
503	337
504	329
505	348
506	351
507	333
508	361
509	347
510	377
511	306
512	352
513	377
514	340
515	380
516	321
517	353
518	321
519	323
520	332
521	311
522	342
523	348
524	298
525	299
526	294
527	301
528	315
529	325
530	300
531	282
532	284
533	276
534	289
535	279
536	263
537	295
538	277
539	269
540	291
541	296
542	277
543	287
544	302
545	280
546	259
547	249
548	244
549	252
550	287
551	253
552	231
553	260
554	253
555	233
556	249
557	252
558	239
559	240
560	229
561	255
562	214
563	236
564	237
565	218
566	255
567	262
568	228
569	237
570	219
571	248
572	211
573	234
574	239
575	230
576	202
577	242
578	224
579	211
580	192
581	226
582	222
583	217
584	211
585	205
586	205
587	207
588	199
589	220
590	203
591	202
592	192
593	199
594	196
595	181
596	182
597	198
598	178
599	204
600	163
601	187
602	194
603	185
604	180
605	178
606	197
607	198
608	196
609	157
610	185
611	172
612	183
613	166
614	166
615	190
616	198
617	163
618	172
619	191
620	191
621	172
622	174
623	167
624	189
625	191
626	156
627	189
628	186
629	154
630	152
631	150
632	152
633	147
634	157
635	155
636	162
637	160
638	150
639	179
640	166
641	176
642	157
643	164
644	159
645	166
646	182
647	167
648	158
649	160
650	166
651	158
652	157
653	161
654	147
655	156
656	177
657	151
658	152
659	170
660	150
661	149
662	166
663	187
664	148
665	172
666	146
667	153
668	149
669	189
670	156
671	138
672	138
673	151
674	155
675	138
676	140
677	125
678	168
679	159
680	136
681	153
682	143
683	133
684	159
685	153
686	172
687	131
688	123
689	129
690	131
691	141
692	147
693	146
694	141
695	149
696	131
697	140
698	130
699	134
700	127
701	155
702	122
703	125
704	128
705	162
706	141
707	122
708	144
709	203
710	122
711	136
712	144
713	155
714	158
715	141
716	161
717	165
718	155
719	165
720	156
721	128
722	152
723	171
724	153
725	151
726	139
727	160
728	140
729	156
730	142
731	148
732	143
733	108
734	103
735	155
736	143
737	120
738	137
739	117
740	129
741	155
742	150
743	127
744	116
745	120
746	131
747	134
748	123
749	134
750	133
751	128
752	114
753	132
754	128
755	125
756	148
757	143
758	129
759	125
760	130
761	132
762	114
763	92
764	122
765	104
766	124
767	117
768	132
769	129
770	111
771	105
772	126
773	130
774	120
775	111
776	107
777	136
778	113
779	122
780	129
781	117
782	100
783	110
784	111
785	120
786	110
787	114
788	110
789	120
790	134
791	110
792	94
793	107
794	106
795	121
796	120
797	117
798	119
799	122
800	121
801	113
802	130
803	112
804	109
805	109
806	108
807	96
808	107
809	128
810	105
811	113
812	117
813	131
814	141
815	103
816	105
817	123
818	110
819	109
820	113
821	99
822	110
823	102
824	96
825	100
826	108
827	96
828	105
829	95
830	103
831	89
832	105
833	92
834	95
835	92
836	97
837	124
838	97
839	103
840	112
841	76
842	115
843	104
844	96
845	89
846	93
847	98
848	113
849	90
850	97
851	103
852	94
853	107
854	101
855	102
856	101
857	98
858	79
859	114
860	86
861	98
862	97
863	97
864	90
865	112
866	87
867	72
868	88
869	85
870	82
871	84
872	74
873	74
874	76
875	79
876	88
877	81
878	72
879	79
880	94
881	87
882	79
883	96
884	86
885	80
886	93
887	90
888	87
889	73
890	82
891	68
892	91
893	91
894	67
895	96
896	81
897	83
898	88
899	77
900	84
901	83
902	77
903	76
904	71
905	79
906	77
907	95
908	98
909	88
910	91
911	81
912	86
913	77
914	74
915	80
916	82
917	80
918	74
919	79
920	63
921	73
922	80
923	94
924	77
925	81
926	71
927	66
928	79
929	74
930	86
931	72
932	92
933	67
934	61
935	54
936	76
937	44
938	75
939	59
940	71
941	67
942	58
943	64
944	68
945	58
946	65
947	61
948	65
949	60
950	76
951	88
952	62
953	66
954	67
955	76
956	72
957	71
958	65
959	71
960	72
961	76
962	68
963	64
964	72
965	69
966	77
967	62
968	61
969	59
970	61
971	56
972	73
973	68
974	70
975	65
976	73
977	64
978	53
979	52
980	60
981	71
982	61
983	49
984	60
985	63
986	60
987	68
988	65
989	55
990	49
991	67
992	49
993	67
994	65
995	65
996	80
997	59
998	80
999	71
1000	80
1001	62
1002	69
1003	71
1004	55
1005	55
1006	66
1007	71
1008	71
1009	68
1010	57
1011	60
1012	54
1013	58
1014	61
1015	64
1016	66
1017	56
1018	59
1019	57
1020	49
1021	62
1022	51
1023	46
1024	59
1025	65
1026	63
1027	61
1028	66
1029	51
1030	59
1031	56
1032	60
1033	59
1034	54
1035	53
1036	50
1037	47
1038	47
1039	49
1040	65
1041	59
1042	50
1043	44
1044	53
1045	52
1046	54
1047	42
1048	51
1049	57
1050	44
1051	48
1052	42
1053	54
1054	47
1055	50
1056	58
1057	55
1058	47
1059	54
1060	48
1061	55
1062	50
1063	48
1064	56
1065	46
1066	38
1067	50
1068	48
1069	65
1070	36
1071	40
1072	39
1073	52
1074	43
1075	51
1076	51
1077	42
1078	41
1079	50
1080	50
1081	36
1082	55
1083	47
1084	44
1085	49
1086	48
1087	53
1088	50
1089	50
1090	49
1091	60
1092	48
1093	55
1094	47
1095	62
1096	52
1097	45
1098	49
1099	49
1100	42
1101	41
1102	51
1103	47
1104	51
1105	48
1106	46
1107	52
1108	48
1109	46
1110	39
1111	39
1112	54
1113	37
1114	48
1115	52
1116	47
1117	50
1118	43
1119	48
1120	39
1121	37
1122	48
1123	46
1124	57
1125	48
1126	49
1127	32
1128	41
1129	51
1130	61
1131	49
1132	40
1133	60
1134	52
1135	39
1136	36
1137	48
1138	40
1139	53
1140	50
1141	41
1142	51
1143	42
1144	59
1145	42
1146	39
1147	44
1148	46
1149	37
1150	32
1151	44
1152	37
1153	44
1154	34
1155	37
1156	44
1157	46
1158	38
1159	49
1160	41
1161	38
1162	47
1163	36
1164	36
1165	39
1166	32
1167	31
1168	36
1169	45
1170	39
1171	60
1172	45
1173	43
1174	37
1175	34
1176	44
1177	55
1178	54
1179	51
1180	45
1181	38
1182	39
1183	49
1184	36
1185	41
1186	41
1187	45
1188	49
1189	42
1190	45
1191	37
1192	33
1193	40
1194	37
1195	41
1196	42
1197	36
1198	47
1199	43
1200	40
1201	47
1202	50
1203	45
1204	52
1205	36
1206	36
1207	50
1208	42
1209	47
1210	37
1211	19
1212	43
1213	28
1214	25
1215	43
1216	35
1217	49
1218	33
1219	41
1220	48
1221	37
1222	38
1223	44
1224	27
1225	41
1226	41
1227	40
1228	34
1229	36
1230	36
1231	37
1232	38
1233	37
1234	45
1235	35
1236	32
1237	29
1238	42
1239	34
1240	36
1241	38
1242	44
1243	44
1244	36
1245	36
1246	31
1247	37
1248	37
1249	43
1250	34
1251	31
1252	33
1253	37
1254	30
1255	31
1256	35
1257	33
1258	43
1259	34
1260	39
1261	26
1262	37
1263	27
1264	36
1265	28
1266	35
1267	38
1268	42
1269	32
1270	42
1271	25
1272	38
1273	33
1274	25
1275	33
1276	43
1277	33
1278	28
1279	27
1280	30
1281	42
1282	31
1283	31
1284	29
1285	34
1286	26
1287	35
1288	29
1289	36
1290	33
1291	30
1292	31
1293	37
1294	39
1295	38
1296	30
1297	33
1298	36
1299	37
1300	29
1301	25
1302	31
1303	38
1304	35
1305	35
1306	32
1307	19
1308	30
1309	39
1310	22
1311	28
1312	20
1313	33
1314	28
1315	20
1316	39
1317	41
1318	25
1319	27
1320	36
1321	21
1322	31
1323	23
1324	23
1325	37
1326	32
1327	30
1328	35
1329	28
1330	23
1331	30
1332	40
1333	33
1334	40
1335	35
1336	33
1337	34
1338	33
1339	31
1340	25
1341	26
1342	25
1343	38
1344	22
1345	32
1346	33
1347	32
1348	42
1349	37
1350	34
1351	25
1352	33
1353	32
1354	34
1355	33
1356	38
1357	35
1358	33
1359	40
1360	25
1361	28
1362	31
1363	34
1364	32
1365	34
1366	31
1367	34
1368	44
1369	22
1370	29
1371	25
1372	34
1373	28
1374	36
1375	31
1376	34
1377	43
1378	41
1379	30
1380	32
1381	25
1382	36
1383	32
1384	31
1385	39
1386	24
1387	39
1388	40
1389	41
1390	30
1391	29
1392	35
1393	30
1394	35
1395	45
1396	25
1397	32
1398	37
1399	28
1400	39
1401	31
1402	34
1403	34
1404	24
1405	29
1406	31
1407	30
1408	32
1409	26
1410	34
1411	24
1412	29
1413	24
1414	30
1415	30
1416	29
1417	33
1418	36
1419	29
1420	17
1421	30
1422	33
1423	36
1424	33
1425	30
1426	20
1427	31
1428	29
1429	18
1430	31
1431	30
1432	25
1433	16
1434	21
1435	31
1436	32
1437	27
1438	29
1439	28
1440	23
1441	28
1442	32
1443	33
1444	40
1445	24
1446	28
1447	25
1448	30
1449	33
1450	23
1451	35
1452	20
1453	26
1454	29
1455	29
1456	21
1457	22
1458	27
1459	20
1460	28
1461	27
1462	30
1463	22
1464	37
1465	27
1466	29
1467	25
1468	25
1469	29
1470	28
1471	33
1472	30
1473	26
1474	26
1475	29
1476	21
1477	33
1478	20
1479	22
1480	26
1481	26
1482	24
1483	24
1484	16
1485	20
1486	22
1487	29
1488	19
1489	27
1490	27
1491	26
1492	20
1493	20
1494	27
1495	22
1496	21
1497	23
1498	32
1499	36
1500	30
1501	28
1502	27
1503	29
1504	27
1505	20
1506	25
1507	20
1508	32
1509	25
1510	17
1511	36
1512	23
1513	25
1514	23
1515	21
1516	20
1517	24
1518	17
1519	23
1520	31
1521	23
1522	27
1523	23
1524	20
1525	20
1526	25
1527	21
1528	24
1529	18
1530	26
1531	35
1532	20
1533	24
1534	25
1535	27
1536	23
1537	21
1538	30
1539	21
1540	26
1541	26
1542	20
1543	21
1544	28
1545	25
1546	29
1547	21
1548	28
1549	25
1550	31
1551	17
1552	19
1553	21
1554	28
1555	34
1556	25
1557	24
1558	27
1559	28
1560	26
1561	26
1562	24
1563	26
1564	24
1565	21
1566	25
1567	28
1568	31
1569	20
1570	30
1571	23
1572	24
1573	17
1574	28
1575	30
1576	26
1577	21
1578	26
1579	32
1580	30
1581	24
1582	33
1583	23
1584	30
1585	20
1586	16
1587	23
1588	35
1589	22
1590	24
1591	26
1592	25
1593	27
1594	32
1595	31
1596	32
1597	22
1598	29
1599	23
1600	21
1601	22
1602	40
1603	24
1604	23
1605	31
1606	38
1607	29
1608	23
1609	34
1610	25
1611	20
1612	35
1613	26
1614	31
1615	25
1616	20
1617	27
1618	28
1619	24
1620	30
1621	35
1622	22
1623	33
1624	26
1625	26
1626	28
1627	27
1628	30
1629	23
1630	14
1631	21
1632	29
1633	25
1634	27
1635	27
1636	19
1637	18
1638	34
1639	24
1640	30
1641	18
1642	23
1643	16
1644	25
1645	22
1646	15
1647	30
1648	36
1649	23
1650	20
1651	24
1652	18
1653	22
1654	24
1655	15
1656	27
1657	20
1658	27
1659	22
1660	21
1661	24
1662	21
1663	17
1664	22
1665	25
1666	28
1667	22
1668	28
1669	10
1670	18
1671	28
1672	24
1673	23
1674	28
1675	19
1676	19
1677	25
1678	19
1679	24
1680	25
1681	19
1682	33
1683	21
1684	25
1685	23
1686	19
1687	22
1688	25
1689	24
1690	23
1691	17
1692	21
1693	23
1694	27
1695	31
1696	22
1697	22
1698	20
1699	26
1700	18
1701	24
1702	24
1703	16
1704	17
1705	20
1706	32
1707	28
1708	18
1709	20
1710	24
1711	18
1712	22
1713	22
1714	23
1715	21
1716	27
1717	24
1718	23
1719	22
1720	28
1721	22
1722	19
1723	19
1724	28
1725	21
1726	30
1727	30
1728	22
1729	21
1730	32
1731	18
1732	24
1733	25
1734	18
1735	19
1736	21
1737	16
1738	23
1739	24
1740	21
1741	14
1742	24
1743	16
1744	31
1745	23
1746	18
1747	19
1748	17
1749	12
1750	11
1751	19
1752	23
1753	16
1754	24
1755	21
1756	19
1757	26
1758	21
1759	20
1760	21
1761	24
1762	19
1763	14
1764	14
1765	21
1766	14
1767	16
1768	20
1769	26
1770	14
1771	16
1772	18
1773	21
1774	23
1775	18
1776	17
1777	15
1778	18
1779	18
1780	29
1781	14
1782	12
1783	18
1784	27
1785	22
1786	23
1787	13
1788	24
1789	24
1790	21
1791	17
1792	16
1793	27
1794	12
1795	19
1796	15
1797	17
1798	16
1799	16
1800	19
1801	17
1802	21
1803	20
1804	23
1805	19
1806	22
1807	14
1808	19
1809	14
1810	15
1811	19
1812	22
1813	19
1814	18
1815	23
1816	23
1817	15
1818	25
1819	8
1820	17
1821	16
1822	31
1823	18
1824	32
1825	23
1826	22
1827	21
1828	23
1829	24
1830	21
1831	23
1832	20
1833	13
1834	18
1835	20
1836	19
1837	15
1838	25
1839	25
1840	18
1841	24
1842	21
1843	20
1844	21
1845	19
1846	17
1847	11
1848	17
1849	17
1850	15
1851	20
1852	9
1853	13
1854	14
1855	21
1856	16
1857	20
1858	14
1859	18
1860	19
1861	23
1862	17
1863	15
1864	24
1865	14
1866	19
1867	18
1868	20
1869	12
1870	21
1871	23
1872	20
1873	15
1874	12
1875	18
1876	13
1877	13
1878	23
1879	29
1880	35
1881	17
1882	16
1883	17
1884	14
1885	18
1886	24
1887	22
1888	14
1889	20
1890	24
1891	21
1892	14
1893	18
1894	18
1895	19
1896	23
1897	17
1898	25
1899	8
1900	16
1901	23
1902	18
1903	20
1904	25
1905	14
1906	16
1907	19
1908	13
1909	22
1910	25
1911	22
1912	20
1913	21
1914	20
1915	18
1916	20
1917	16
1918	20
1919	19
1920	28
1921	22
1922	11
1923	20
1924	16
1925	15
1926	16
1927	14
1928	26
1929	13
1930	23
1931	16
1932	15
1933	28
1934	13
1935	28
1936	23
1937	20
1938	21
1939	27
1940	21
1941	19
1942	25
1943	15
1944	10
1945	19
1946	13
1947	14
1948	18
1949	24
1950	27
1951	22
1952	20
1953	15
1954	10
1955	29
1956	16
1957	20
1958	22
1959	28
1960	21
1961	19
1962	16
1963	24
1964	27
1965	23
1966	27
1967	22
1968	11
1969	22
1970	21
1971	23
1972	16
1973	15
1974	20
1975	18
1976	17
1977	21
1978	21
1979	20
1980	17
1981	17
1982	23
1983	23
1984	20
1985	18
1986	26
1987	16
1988	21
1989	16
1990	20
1991	16
1992	21
1993	15
1994	27
1995	27
1996	17
1997	19
1998	19
1999	23
2000	27
2001	19
2002	22
2003	18
2004	20
2005	19
2006	18
2007	26
2008	15
2009	21
2010	20
2011	20
2012	18
2013	14
2014	21
2015	33
2016	20
2017	18
2018	20
2019	26
2020	21
2021	12
2022	26
2023	20
2024	16
2025	22
2026	20
2027	25
2028	24
2029	20
2030	17
2031	17
2032	25
2033	25
2034	25
2035	14
2036	23
2037	19
2038	18
2039	13
2040	21
2041	26
2042	15
2043	27
2044	26
2045	24
2046	19
2047	17
2048	17
2049	17
2050	14
2051	22
2052	12
2053	21
2054	23
2055	11
2056	21
2057	13
2058	21
2059	18
2060	18
2061	26
2062	17
2063	23
2064	17
2065	24
2066	22
2067	21
2068	31
2069	17
2070	23
2071	26
2072	16
2073	21
2074	16
2075	23
2076	20
2077	17
2078	11
2079	19
2080	18
2081	12
2082	21
2083	20
2084	19
2085	21
2086	20
2087	20
2088	17
2089	20
2090	24
2091	17
2092	29
2093	18
2094	21
2095	18
2096	13
2097	19
2098	21
2099	17
2100	18
2101	19
2102	17
2103	30
2104	20
2105	21
2106	23
2107	19
2108	20
2109	22
2110	19
2111	15
2112	23
2113	15
2114	17
2115	25
2116	20
2117	32
2118	15
2119	22
2120	13
2121	15
2122	14
2123	16
2124	19
2125	24
2126	16
2127	23
2128	31
2129	21
2130	20
2131	26
2132	16
2133	20
2134	26
2135	20
2136	21
2137	12
2138	31
2139	21
2140	24
2141	25
2142	21
2143	23
2144	18
2145	26
2146	29
2147	23
2148	19
2149	29
2150	31
2151	30
2152	27
2153	16
2154	24
2155	31
2156	31
2157	15
2158	22
2159	25
2160	25
2161	26
2162	16
2163	25
2164	31
2165	26
2166	28
2167	23
2168	22
2169	23
2170	37
2171	30
2172	37
2173	29
2174	26
2175	27
2176	20
2177	20
2178	28
2179	27
2180	27
2181	15
2182	30
2183	28
2184	24
2185	19
2186	17
2187	25
2188	17
2189	19
2190	16
2191	26
2192	28
2193	26
2194	30
2195	32
2196	27
2197	28
2198	24
2199	27
2200	23
2201	28
2202	26
2203	33
2204	20
2205	26
2206	33
2207	27
2208	27
2209	32
2210	32
2211	31
2212	22
2213	31
2214	19
2215	31
2216	21
2217	32
2218	31
2219	27
2220	25
2221	18
2222	38
2223	33
2224	32
2225	34
2226	29
2227	25
2228	28
2229	18
2230	21
2231	30
2232	24
2233	25
2234	35
2235	23
2236	21
2237	20
2238	19
2239	31
2240	29
2241	25
2242	25
2243	20
2244	25
2245	27
2246	27
2247	20
2248	22
2249	28
2250	28
2251	28
2252	41
2253	28
2254	27
2255	13
2256	24
2257	17
2258	21
2259	15
2260	15
2261	23
2262	26
2263	22
2264	23
2265	13
2266	30
2267	20
2268	12
2269	21
2270	18
2271	20
2272	17
2273	22
2274	18
2275	12
2276	18
2277	24
2278	21
2279	20
2280	17
2281	18
2282	26
2283	25
2284	19
2285	17
2286	24
2287	21
2288	28
2289	15
2290	20
2291	33
2292	28
2293	23
2294	17
2295	20
2296	24
2297	26
2298	22
2299	26
2300	14
2301	17
2302	19
2303	25
2304	13
2305	12
2306	13
2307	24
2308	31
2309	15
2310	16
2311	17
2312	22
2313	15
2314	14
2315	22
2316	10
2317	11
2318	18
2319	15
2320	18
2321	13
2322	9
2323	12
2324	14
2325	12
2326	20
2327	21
2328	15
2329	19
2330	19
2331	19
2332	23
2333	21
2334	15
2335	18
2336	17
2337	7
2338	19
2339	15
2340	18
2341	18
2342	14
2343	23
2344	23
2345	20
2346	19
2347	26
2348	15
2349	15
2350	23
2351	10
2352	18
2353	21
2354	16
2355	20
2356	23
2357	15
2358	17
2359	24
2360	21
2361	20
2362	16
2363	26
2364	28
2365	26
2366	15
2367	18
2368	25
2369	16
2370	23
2371	22
2372	17
2373	25
2374	15
2375	14
2376	17
2377	15
2378	15
2379	22
2380	15
2381	21
2382	32
2383	21
2384	14
2385	16
2386	13
2387	22
2388	17
2389	22
2390	16
2391	23
2392	20
2393	21
2394	17
2395	18
2396	28
2397	16
2398	26
2399	25
2400	28
2401	25
2402	20
2403	30
2404	18
2405	18
2406	26
2407	33
2408	18
2409	16
2410	20
2411	11
2412	21
2413	14
2414	18
2415	19
2416	11
2417	16
2418	8
2419	14
2420	17
2421	18
2422	18
2423	24
2424	22
2425	14
2426	16
2427	20
2428	23
2429	18
2430	12
2431	23
2432	21
2433	14
2434	16
2435	18
2436	16
2437	30
2438	18
2439	30
2440	16
2441	17
2442	17
2443	34
2444	14
2445	25
2446	19
2447	26
2448	14
2449	25
2450	20
2451	30
2452	20
2453	25
2454	16
2455	17
2456	12
2457	22
2458	20
2459	28
2460	18
2461	25
2462	22
2463	26
2464	19
2465	12
2466	20
2467	13
2468	23
2469	25
2470	30
2471	17
2472	28
2473	23
2474	26
2475	20
2476	20
2477	15
2478	23
2479	21
2480	20
2481	16
2482	20
2483	20
2484	28
2485	14
2486	20
2487	15
2488	15
2489	11
2490	17
2491	18
2492	16
2493	17
2494	21
2495	12
2496	15
2497	16
2498	11
2499	13
2500	13
2501	13
2502	24
2503	24
2504	25
2505	19
2506	10
2507	19
2508	12
2509	24
2510	21
2511	15
2512	16
2513	21
2514	16
2515	21
2516	28
2517	19
2518	19
2519	23
2520	18
2521	23
2522	17
2523	14
2524	20
2525	19
2526	22
2527	15
2528	20
2529	21
2530	13
2531	14
2532	21
2533	11
2534	19
2535	11
2536	17
2537	12
2538	14
2539	14
2540	16
2541	22
2542	13
2543	18
2544	27
2545	15
2546	21
2547	17
2548	13
2549	19
2550	13
2551	18
2552	17
2553	17
2554	15
2555	12
2556	19
2557	15
2558	14
2559	21
2560	14
2561	16
2562	18
2563	14
2564	16
2565	17
2566	17
2567	12
2568	19
2569	18
2570	17
2571	18
2572	17
2573	16
2574	16
2575	17
2576	13
2577	12
2578	18
2579	18
2580	7
2581	10
2582	12
2583	13
2584	17
2585	12
2586	12
2587	27
2588	20
2589	18
2590	12
2591	16
2592	12
2593	22
2594	23
2595	16
2596	10
2597	22
2598	16
2599	11
2600	12
2601	23
2602	18
2603	17
2604	15
2605	22
2606	16
2607	10
2608	23
2609	23
2610	16
2611	11
2612	8
2613	21
2614	11
2615	16
2616	12
2617	11
2618	11
2619	15
2620	17
2621	11
2622	15
2623	14
2624	13
2625	13
2626	19
2627	12
2628	19
2629	22
2630	12
2631	8
2632	12
2633	18
2634	22
2635	15
2636	19
2637	18
2638	19
2639	15
2640	22
2641	22
2642	17
2643	17
2644	16
2645	17
2646	17
2647	32
2648	14
2649	16
2650	27
2651	18
2652	23
2653	19
2654	18
2655	17
2656	21
2657	14
2658	13
2659	24
2660	14
2661	19
2662	15
2663	24
2664	19
2665	20
2666	14
2667	19
2668	13
2669	21
2670	23
2671	14
2672	20
2673	15
2674	21
2675	17
2676	25
2677	15
2678	17
2679	20
2680	17
2681	21
2682	20
2683	22
2684	18
2685	25
2686	25
2687	20
2688	26
2689	25
2690	25
2691	21
2692	19
2693	18
2694	24
2695	22
2696	28
2697	27
2698	20
2699	17
2700	24
2701	25
2702	17
2703	16
2704	19
2705	17
2706	17
2707	18
2708	20
2709	16
2710	14
2711	25
2712	28
2713	20
2714	18
2715	21
2716	18
2717	14
2718	13
2719	24
2720	17
2721	18
2722	24
2723	15
2724	24
2725	16
2726	15
2727	18
2728	12
2729	19
2730	11
2731	19
2732	21
2733	14
2734	19
2735	18
2736	23
2737	18
2738	27
2739	14
2740	20
2741	19
2742	23
2743	18
2744	16
2745	19
2746	21
2747	24
2748	21
2749	17
2750	19
2751	20
2752	21
2753	23
2754	15
2755	16
2756	19
2757	8
2758	14
2759	14
2760	14
2761	17
2762	20
2763	19
2764	11
2765	13
2766	15
2767	20
2768	22
2769	19
2770	19
2771	18
2772	15
2773	19
2774	11
2775	20
2776	19
2777	19
2778	18
2779	20
2780	20
2781	17
2782	13
2783	13
2784	15
2785	14
2786	17
2787	19
2788	9
2789	15
2790	15
2791	22
2792	19
2793	10
2794	15
2795	21
2796	21
2797	12
2798	25
2799	16
2800	13
2801	22
2802	19
2803	17
2804	24
2805	23
2806	21
2807	15
2808	14
2809	15
2810	11
2811	18
2812	20
2813	15
2814	20
2815	16
2816	21
2817	27
2818	17
2819	11
2820	17
2821	11
2822	32
2823	22
2824	19
2825	30
2826	17
2827	20
2828	18
2829	33
2830	31
2831	13
2832	20
2833	18
2834	21
2835	20
2836	19
2837	15
2838	20
2839	9
2840	17
2841	20
2842	11
2843	21
2844	18
2845	20
2846	13
2847	13
2848	23
2849	14
2850	19
2851	24
2852	22
2853	15
2854	23
2855	16
2856	18
2857	24
2858	12
2859	17
2860	19
2861	16
2862	21
2863	18
2864	24
2865	25
2866	20
2867	21
2868	22
2869	26
2870	22
2871	15
2872	27
2873	25
2874	22
2875	26
2876	23
2877	10
2878	23
2879	16
2880	25
2881	20
2882	28
2883	17
2884	18
2885	21
2886	18
2887	25
2888	22
2889	17
2890	28
2891	21
2892	25
2893	22
2894	27
2895	29
2896	18
2897	15
2898	25
2899	16
2900	19
2901	24
2902	17
2903	17
2904	37
2905	24
2906	23
2907	28
2908	19
2909	25
2910	24
2911	21
2912	22
2913	28
2914	21
2915	22
2916	28
2917	12
2918	23
2919	20
2920	23
2921	29
2922	20
2923	14
2924	22
2925	13
2926	15
2927	21
2928	22
2929	21
2930	14
2931	15
2932	24
2933	17
2934	17
2935	19
2936	17
2937	24
2938	21
2939	21
2940	18
2941	26
2942	14
2943	20
2944	20
2945	29
2946	19
2947	19
2948	16
2949	18
2950	18
2951	17
2952	18
2953	21
2954	12
2955	24
2956	28
2957	28
2958	16
2959	21
2960	10
2961	21
2962	19
2963	16
2964	15
2965	20
2966	18
2967	17
2968	22
2969	27
2970	22
2971	19
2972	20
2973	21
2974	19
2975	23
2976	20
2977	25
2978	20
2979	16
2980	19
2981	20
2982	20
2983	23
2984	27
2985	18
2986	23
2987	25
2988	15
2989	23
2990	18
2991	23
2992	27
2993	18
2994	15
2995	22
2996	14
2997	23
2998	12
2999	19
3000	20
3001	23
3002	14
3003	16
3004	17
3005	26
3006	16
3007	26
3008	16
3009	20
3010	24
3011	18
3012	18
3013	29
3014	17
3015	16
3016	26
3017	23
3018	24
3019	27
3020	30
3021	19
3022	18
3023	17
3024	24
3025	26
3026	27
3027	27
3028	17
3029	26
3030	24
3031	18
3032	26
3033	24
3034	40
3035	21
3036	28
3037	27
3038	24
3039	21
3040	25
3041	27
3042	24
3043	20
3044	28
3045	20
3046	18
3047	21
3048	19
3049	13
3050	23
3051	20
3052	21
3053	23
3054	22
3055	20
3056	19
3057	11
3058	17
3059	19
3060	26
3061	26
3062	16
3063	17
3064	20
3065	19
3066	19
3067	26
3068	26
3069	19
3070	17
3071	24
3072	12
3073	19
3074	22
3075	27
3076	19
3077	20
3078	17
3079	20
3080	14
3081	13
3082	23
3083	19
3084	21
3085	16
3086	19
3087	24
3088	17
3089	14
3090	21
3091	18
3092	17
3093	11
3094	17
3095	26
3096	24
3097	16
3098	23
3099	19
3100	13
3101	21
3102	18
3103	24
3104	20
3105	13
3106	18
3107	19
3108	19
3109	24
3110	23
3111	30
3112	17
3113	21
3114	17
3115	18
3116	17
3117	22
3118	30
3119	19
3120	30
3121	16
3122	22
3123	18
3124	21
3125	20
3126	26
3127	16
3128	13
3129	29
3130	21
3131	27
3132	19
3133	32
3134	23
3135	23
3136	19
3137	21
3138	25
3139	16
3140	25
3141	12
3142	18
3143	16
3144	25
3145	27
3146	24
3147	23
3148	20
3149	24
3150	17
3151	22
3152	21
3153	17
3154	26
3155	12
3156	19
3157	19
3158	20
3159	26
3160	19
3161	14
3162	27
3163	17
3164	16
3165	20
3166	18
3167	20
3168	13
3169	29
3170	11
3171	23
3172	20
3173	22
3174	27
3175	18
3176	19
3177	29
3178	12
3179	20
3180	10
3181	23
3182	17
3183	21
3184	25
3185	20
3186	18
3187	23
3188	26
3189	18
3190	17
3191	21
3192	22
3193	28
3194	31
3195	15
3196	20
3197	23
3198	17
3199	22
3200	20
3201	24
3202	20
3203	20
3204	18
3205	28
3206	14
3207	17
3208	28
3209	16
3210	19
3211	29
3212	20
3213	26
3214	28
3215	18
3216	24
3217	28
3218	21
3219	23
3220	24
3221	23
3222	18
3223	28
3224	17
3225	24
3226	24
3227	29
3228	23
3229	21
3230	29
3231	16
3232	21
3233	24
3234	17
3235	25
3236	22
3237	21
3238	24
3239	20
3240	23
3241	17
3242	28
3243	14
3244	16
3245	17
3246	24
3247	23
3248	16
3249	21
3250	9
3251	21
3252	24
3253	16
3254	22
3255	18
3256	18
3257	17
3258	20
3259	17
3260	23
3261	15
3262	29
3263	20
3264	23
3265	16
3266	22
3267	20
3268	18
3269	20
3270	25
3271	21
3272	22
3273	21
3274	22
3275	20
3276	27
3277	33
3278	27
3279	15
3280	26
3281	24
3282	16
3283	26
3284	26
3285	17
3286	24
3287	23
3288	32
3289	21
3290	23
3291	30
3292	23
3293	21
3294	26
3295	21
3296	28
3297	30
3298	27
3299	31
3300	19
3301	22
3302	20
3303	19
3304	27
3305	33
3306	31
3307	31
3308	24
3309	36
3310	18
3311	23
3312	29
3313	28
3314	34
3315	23
3316	18
3317	22
3318	32
3319	32
3320	24
3321	35
3322	17
3323	32
3324	23
3325	30
3326	32
3327	34
3328	27
3329	24
3330	20
3331	22
3332	28
3333	24
3334	16
3335	31
3336	21
3337	25
3338	19
3339	28
3340	19
3341	34
3342	17
3343	24
3344	35
3345	21
3346	23
3347	25
3348	20
3349	24
3350	21
3351	16
3352	19
3353	21
3354	18
3355	28
3356	23
3357	18
3358	26
3359	24
3360	24
3361	29
3362	23
3363	16
3364	19
3365	30
3366	23
3367	30
3368	26
3369	20
3370	18
3371	26
3372	20
3373	20
3374	25
3375	21
3376	28
3377	22
3378	26
3379	21
3380	25
3381	34
3382	19
3383	20
3384	27
3385	18
3386	19
3387	20
3388	21
3389	20
3390	23
3391	17
3392	21
3393	26
3394	25
3395	18
3396	22
3397	25
3398	17
3399	22
3400	17
3401	21
3402	16
3403	13
3404	17
3405	27
3406	26
3407	27
3408	24
3409	17
3410	21
3411	20
3412	21
3413	21
3414	20
3415	16
3416	17
3417	12
3418	21
3419	18
3420	20
3421	23
3422	17
3423	8
3424	14
3425	20
3426	18
3427	19
3428	21
3429	21
3430	17
3431	22
3432	23
3433	14
3434	17
3435	16
3436	20
3437	13
3438	18
3439	16
3440	21
3441	15
3442	15
3443	18
3444	16
3445	18
3446	30
3447	17
3448	12
3449	21
3450	25
3451	17
3452	18
3453	17
3454	22
3455	12
3456	18
3457	17
3458	21
3459	19
3460	18
3461	18
3462	17
3463	14
3464	9
3465	15
3466	9
3467	13
3468	16
3469	12
3470	18
3471	8
3472	16
3473	15
3474	7
3475	15
3476	10
3477	14
3478	13
3479	13
3480	15
3481	21
3482	12
3483	15
3484	20
3485	14
3486	12
3487	13
3488	8
3489	13
3490	24
3491	17
3492	9
3493	18
3494	16
3495	17
3496	19
3497	15
3498	12
3499	20
3500	11
3501	20
3502	20
3503	19
3504	17
3505	17
3506	13
3507	14
3508	16
3509	20
3510	9
3511	17
3512	16
3513	18
3514	17
3515	17
3516	17
3517	17
3518	14
3519	15
3520	20
3521	21
3522	12
3523	16
3524	17
3525	25
3526	15
3527	18
3528	17
3529	13
3530	16
3531	17
3532	26
3533	16
3534	16
3535	9
3536	20
3537	20
3538	11
3539	18
3540	16
3541	12
3542	16
3543	25
3544	14
3545	18
3546	8
3547	17
3548	19
3549	20
3550	20
3551	18
3552	14
3553	15
3554	15
3555	18
3556	16
3557	19
3558	21
3559	23
3560	12
3561	14
3562	18
3563	22
3564	20
3565	18
3566	18
3567	12
3568	21
3569	11
3570	17
3571	22
3572	27
3573	12
3574	23
3575	12
3576	22
3577	24
3578	14
3579	25
3580	15
3581	22
3582	21
3583	29
3584	19
3585	22
3586	25
3587	22
3588	19
3589	18
3590	19
3591	23
3592	18
3593	16
3594	21
3595	23
3596	21
3597	20
3598	14
3599	18
3600	16
3601	15
3602	21
3603	16
3604	19
3605	20
3606	21
3607	13
3608	15
3609	9
3610	12
3611	17
3612	16
3613	15
3614	14
3615	16
3616	18
3617	21
3618	11
3619	19
3620	18
3621	16
3622	15
3623	14
3624	15
3625	17
3626	25
3627	14
3628	23
3629	14
3630	11
3631	20
3632	17
3633	22
3634	22
3635	7
3636	11
3637	14
3638	20
3639	20
3640	12
3641	12
3642	18
3643	12
3644	17
3645	16
3646	21
3647	13
3648	7
3649	18
3650	13
3651	12
3652	13
3653	17
3654	14
3655	4
3656	15
3657	11
3658	17
3659	15
3660	18
3661	20
3662	17
3663	15
3664	15
3665	21
3666	10
3667	15
3668	14
3669	17
3670	15
3671	12
3672	16
3673	13
3674	19
3675	14
3676	12
3677	17
3678	10
3679	18
3680	14
3681	16
3682	15
3683	18
3684	20
3685	9
3686	15
3687	10
3688	20
3689	15
3690	8
3691	8
3692	17
3693	17
3694	16
3695	16
3696	15
3697	15
3698	15
3699	17
3700	12
3701	12
3702	8
3703	16
3704	12
3705	9
3706	14
3707	13
3708	10
3709	10
3710	24
3711	17
3712	15
3713	15
3714	10
3715	16
3716	12
3717	8
3718	12
3719	15
3720	8
3721	18
3722	14
3723	10
3724	16
3725	15
3726	19
3727	15
3728	18
3729	13
3730	15
3731	14
3732	15
3733	18
3734	17
3735	13
3736	13
3737	18
3738	4
3739	8
3740	15
3741	13
3742	14
3743	25
3744	20
3745	13
3746	7
3747	8
3748	11
3749	12
3750	12
3751	17
3752	11
3753	18
3754	13
3755	8
3756	15
3757	15
3758	11
3759	12
3760	17
3761	9
3762	14
3763	10
3764	15
3765	13
3766	18
3767	15
3768	13
3769	10
3770	11
3771	14
3772	11
3773	13
3774	16
3775	13
3776	17
3777	7
3778	18
3779	15
3780	9
3781	16
3782	9
3783	8
3784	8
3785	13
3786	13
3787	11
3788	13
3789	6
3790	10
3791	5
3792	14
3793	8
3794	9
3795	10
3796	7
3797	9
3798	10
3799	5
3800	6
3801	19
3802	6
3803	14
3804	12
3805	14
3806	8
3807	12
3808	13
3809	10
3810	14
3811	8
3812	7
3813	6
3814	12
3815	12
3816	10
3817	7
3818	8
3819	15
3820	10
3821	11
3822	12
3823	14
3824	2
3825	9
3826	13
3827	16
3828	8
3829	16
3830	11
3831	13
3832	6
3833	9
3834	7
3835	15
3836	10
3837	16
3838	7
3839	16
3840	8
3841	10
3842	9
3843	9
3844	5
3845	12
3846	17
3847	6
3848	10
3849	12
3850	7
3851	6
3852	7
3853	8
3854	8
3855	10
3856	13
3857	11
3858	8
3859	9
3860	9
3861	16
3862	7
3863	9
3864	11
3865	10
3866	13
3867	10
3868	15
3869	11
3870	14
3871	11
3872	8
3873	7
3874	16
3875	19
3876	9
3877	14
3878	13
3879	10
3880	7
3881	12
3882	12
3883	10
3884	11
3885	7
3886	13
3887	10
3888	8
3889	10
3890	16
3891	8
3892	10
3893	14
3894	8
3895	12
3896	9
3897	8
3898	11
3899	18
3900	10
3901	13
3902	15
3903	8
3904	15
3905	9
3906	13
3907	8
3908	9
3909	11
3910	5
3911	6
3912	8
3913	12
3914	14
3915	11
3916	8
3917	7
3918	8
3919	15
3920	11
3921	9
3922	2
3923	9
3924	11
3925	9
3926	14
3927	3
3928	9
3929	9
3930	6
3931	8
3932	6
3933	10
3934	8
3935	13
3936	10
3937	9
3938	7
3939	9
3940	10
3941	10
3942	9
3943	12
3944	11
3945	11
3946	10
3947	13
3948	12
3949	12
3950	7
3951	8
3952	10
3953	11
3954	7
3955	9
3956	14
3957	8
3958	12
3959	11
3960	8
3961	14
3962	6
3963	9
3964	5
3965	9
3966	9
3967	7
3968	7
3969	7
3970	8
3971	7
3972	14
3973	7
3974	6
3975	10
3976	6
3977	9
3978	9
3979	6
3980	13
3981	10
3982	8
3983	9
3984	12
3985	6
3986	7
3987	9
3988	5
3989	15
3990	6
3991	12
3992	8
3993	5
3994	9
3995	11
3996	7
3997	8
3998	8
3999	14
4000	12
4001	12
4002	8
4003	5
4004	14
4005	9
4006	11
4007	9
4008	6
4009	7
4010	9
4011	11
4012	9
4013	9
4014	8
4015	8
4016	4
4017	12
4018	13
4019	8
4020	9
4021	7
4022	11
4023	11
4024	15
4025	6
4026	9
4027	4
4028	5
4029	7
4030	8
4031	7
4032	5
4033	8
4034	5
4035	6
4036	5
4037	4
4038	9
4039	6
4040	9
4041	8
4042	10
4043	7
4044	14
4045	5
4046	10
4047	9
4048	4
4049	8
4050	9
4051	13
4052	5
4053	5
4054	9
4055	5
4056	9
4057	6
4058	12
4059	6
4060	9
4061	11
4062	9
4063	11
4064	9
4065	9
4066	7
4067	9
4068	8
4069	5
4070	7
4071	6
4072	8
4073	12
4074	7
4075	5
4076	13
4077	8
4078	6
4079	13
4080	8
4081	7
4082	6
4083	6
4084	10
4085	8
4086	9
4087	8
4088	10
4089	7
4090	12
4091	3
4092	2
4093	11
4094	10
4095	16
4096	6
4097	6
4098	10
4099	11
4100	7
4101	7
4102	14
4103	12
4104	6
4105	5
4106	7
4107	9
4108	5
4109	8
4110	13
4111	5
4112	10
4113	4
4114	7
4115	10
4116	16
4117	6
4118	13
4119	7
4120	17
4121	6
4122	7
4123	7
4124	9
4125	8
4126	4
4127	6
4128	9
4129	6
4130	7
4131	9
4132	11
4133	12
4134	7
4135	9
4136	9
4137	10
4138	7
4139	7
4140	9
4141	5
4142	9
4143	5
4144	9
4145	9
4146	7
4147	10
4148	3
4149	7
4150	7
4151	6
4152	10
4153	9
4154	9
4155	6
4156	1
4157	14
4158	3
4159	6
4160	7
4161	12
4162	9
4163	7
4164	9
4165	8
4166	7
4167	7
4168	9
4169	8
4170	8
4171	9
4172	5
4173	2
4174	11
4175	12
4176	10
4177	10
4178	11
4179	5
4180	9
4181	5
4182	9
4183	5
4184	9
4185	9
4186	7
4187	7
4188	10
4189	5
4190	8
4191	9
4192	5
4193	1
4194	10
4195	7
4196	4
4197	4
4198	7
4199	6
4200	6
4201	3
4202	8
4203	6
4204	9
4205	8
4206	10
4207	9
4208	4
4209	6
4210	4
4211	4
4212	10
4213	16
4214	7
4215	6
4216	7
4217	7
4218	8
4219	5
4220	7
4221	3
4222	3
4223	6
4224	4
4225	7
4226	5
4227	5
4228	10
4229	8
4230	6
4231	9
4232	10
4233	10
4234	7
4235	2
4236	11
4237	10
4238	11
4239	5
4240	9
4241	4
4242	6
4243	8
4244	6
4245	8
4246	7
4247	6
4248	11
4249	7
4250	7
4251	7
4252	9
4253	7
4254	0
4255	4
4256	5
4257	7
4258	4
4259	7
4260	6
4261	6
4262	3
4263	11
4264	5
4265	8
4266	5
4267	12
4268	5
4269	5
4270	2
4271	6
4272	6
4273	8
4274	6
4275	11
4276	2
4277	5
4278	4
4279	2
4280	5
4281	4
4282	9
4283	3
4284	5
4285	2
4286	5
4287	11
4288	9
4289	6
4290	4
4291	5
4292	2
4293	4
4294	8
4295	3
4296	2
4297	2
4298	9
4299	7
4300	3
4301	7
4302	4
4303	7
4304	9
4305	7
4306	6
4307	3
4308	5
4309	7
4310	2
4311	6
4312	8
4313	4
4314	6
4315	6
4316	2
4317	1
4318	9
4319	4
4320	7
4321	4
4322	7
4323	6
4324	4
4325	4
4326	6
4327	5
4328	3
4329	5
4330	5
4331	4
4332	13
4333	6
4334	8
4335	8
4336	4
4337	9
4338	9
4339	3
4340	5
4341	10
4342	4
4343	5
4344	9
4345	10
4346	11
4347	7
4348	10
4349	2
4350	6
4351	3
4352	6
4353	12
4354	8
4355	6
4356	9
4357	5
4358	6
4359	6
4360	3
4361	5
4362	9
4363	7
4364	10
4365	2
4366	3
4367	6
4368	5
4369	8
4370	5
4371	4
4372	6
4373	10
4374	7
4375	6
4376	6
4377	9
4378	6
4379	16
4380	5
4381	2
4382	3
4383	5
4384	4
4385	10
4386	3
4387	8
4388	3
4389	5
4390	7
4391	7
4392	6
4393	6
4394	11
4395	4
4396	9
4397	5
4398	14
4399	10
4400	3
4401	1
4402	2
4403	9
4404	11
4405	2
4406	8
4407	3
4408	8
4409	3
4410	4
4411	10
4412	5
4413	4
4414	9
4415	11
4416	7
4417	5
4418	3
4419	7
4420	5
4421	6
4422	9
4423	6
4424	3
4425	8
4426	5
4427	6
4428	4
4429	6
4430	7
4431	7
4432	7
4433	8
4434	4
4435	4
4436	2
4437	4
4438	8
4439	9
4440	6
4441	6
4442	5
4443	2
4444	7
4445	3
4446	3
4447	3
4448	5
4449	6
4450	4
4451	6
4452	5
4453	7
4454	3
4455	9
4456	2
4457	1
4458	7
4459	2
4460	6
4461	2
4462	6
4463	4
4464	3
4465	3
4466	6
4467	3
4468	4
4469	4
4470	8
4471	4
4472	2
4473	4
4474	5
4475	6
4476	4
4477	8
4478	5
4479	6
4480	5
4481	6
4482	6
4483	4
4484	5
4485	4
4486	7
4487	5
4488	4
4489	6
4490	2
4491	2
4492	10
4493	7
4494	8
4495	6
4496	4
4497	0
4498	6
4499	3
4500	7
4501	7
4502	5
4503	8
4504	6
4505	5
4506	4
4507	7
4508	9
4509	4
4510	3
4511	8
4512	5
4513	3
4514	1
4515	8
4516	4
4517	7
4518	5
4519	2
4520	5
4521	3
4522	7
4523	7
4524	5
4525	6
4526	3
4527	3
4528	1
4529	4
4530	7
4531	2
4532	5
4533	4
4534	5
4535	4
4536	8
4537	3
4538	8
4539	2
4540	7
4541	7
4542	5
4543	5
4544	6
4545	3
4546	4
4547	2
4548	4
4549	6
4550	1
4551	14
4552	6
4553	7
4554	5
4555	6
4556	5
4557	4
4558	3
4559	8
4560	4
4561	7
4562	7
4563	5
4564	9
4565	3
4566	2
4567	5
4568	3
4569	5
4570	10
4571	3
4572	9
4573	5
4574	6
4575	5
4576	10
4577	6
4578	2
4579	2
4580	9
4581	7
4582	3
4583	3
4584	3
4585	3
4586	5
4587	10
4588	4
4589	2
4590	7
4591	2
4592	4
4593	5
4594	4
4595	6
4596	6
4597	3
4598	5
4599	6
4600	8
4601	3
4602	4
4603	5
4604	4
4605	6
4606	1
4607	7
4608	4
4609	3
4610	1
4611	5
4612	6
4613	7
4614	3
4615	5
4616	6
4617	2
4618	4
4619	5
4620	2
4621	4
4622	6
4623	2
4624	3
4625	4
4626	4
4627	8
4628	3
4629	3
4630	4
4631	6
4632	6
4633	2
4634	6
4635	7
4636	4
4637	3
4638	3
4639	4
4640	5
4641	4
4642	5
4643	4
4644	1
4645	2
4646	2
4647	2
4648	5
4649	1
4650	3
4651	2
4652	4
4653	4
4654	6
4655	6
4656	5
4657	3
4658	3
4659	5
4660	6
4661	3
4662	3
4663	2
4664	6
4665	3
4666	5
4667	3
4668	4
4669	3
4670	3
4671	1
4672	2
4673	1
4674	8
4675	5
4676	2
4677	6
4678	2
4679	3
4680	2
4681	4
4682	4
4683	5
4684	3
4685	4
4686	4
4687	4
4688	2
4689	9
4690	4
4691	4
4692	4
4693	4
4694	5
4695	6
4696	4
4697	2
4698	7
4699	6
4700	2
4701	4
4702	5
4703	3
4704	2
4705	0
4706	2
4707	3
4708	1
4709	5
4710	3
4711	3
4712	4
4713	4
4714	3
4715	3
4716	2
4717	2
4718	4
4719	3
4720	5
4721	0
4722	4
4723	3
4724	0
4725	3
4726	5
4727	5
4728	7
4729	2
4730	2
4731	5
4732	1
4733	2
4734	5
4735	4
4736	2
4737	3
4738	4
4739	7
4740	2
4741	3
4742	3
4743	1
4744	2
4745	0
4746	1
4747	4
4748	1
4749	5
4750	2
4751	4
4752	4
4753	1
4754	5
4755	2
4756	5
4757	4
4758	3
4759	3
4760	4
4761	3
4762	5
4763	0
4764	1
4765	5
4766	6
4767	6
4768	4
4769	4
4770	4
4771	7
4772	3
4773	1
4774	1
4775	3
4776	4
4777	2
4778	2
4779	2
4780	3
4781	0
4782	6
4783	2
4784	1
4785	2
4786	3
4787	3
4788	5
4789	4
4790	7
4791	2
4792	5
4793	2
4794	3
4795	3
4796	8
4797	3
4798	2
4799	4
4800	6
4801	7
4802	1
4803	4
4804	4
4805	1
4806	2
4807	4
4808	4
4809	1
4810	1
4811	0
4812	3
4813	3
4814	3
4815	4
4816	3
4817	2
4818	6
4819	3
4820	4
4821	0
4822	3
4823	2
4824	3
4825	1
4826	1
4827	4
4828	4
4829	5
4830	1
4831	7
4832	4
4833	2
4834	3
4835	7
4836	2
4837	2
4838	1
4839	1
4840	3
4841	4
4842	3
4843	2
4844	3
4845	4
4846	2
4847	4
4848	1
4849	4
4850	4
4851	4
4852	3
4853	5
4854	5
4855	1
4856	0
4857	3
4858	1
4859	1
4860	2
4861	3
4862	4
4863	0
4864	3
4865	2
4866	3
4867	6
4868	0
4869	5
4870	3
4871	0
4872	1
4873	1
4874	4
4875	4
4876	0
4877	0
4878	0
4879	0
4880	1
4881	0
4882	1
4883	0
4884	2
4885	0
4886	0
4887	5
4888	0
4889	1
4890	4
4891	3
4892	4
4893	0
4894	6
4895	3
4896	2
4897	1
4898	2
4899	1
4900	2
4901	1
4902	4
4903	7
4904	1
4905	4
4906	5
4907	5
4908	2
4909	3
4910	3
4911	3
4912	5
4913	1
4914	2
4915	8
4916	1
4917	2
4918	4
4919	3
4920	3
4921	4
4922	2
4923	3
4924	2
4925	3
4926	0
4927	3
4928	2
4929	5
4930	1
4931	3
4932	2
4933	4
4934	3
4935	0
4936	4
4937	4
4938	2
4939	3
4940	4
4941	3
4942	0
4943	2
4944	0
4945	8
4946	3
4947	2
4948	1
4949	1
4950	5
4951	4
4952	1
4953	1
4954	1
4955	3
4956	3
4957	2
4958	2
4959	2
4960	3
4961	2
4962	0
4963	1
4964	2
4965	1
4966	3
4967	1
4968	2
4969	0
4970	4
4971	2
4972	5
4973	0
4974	1
4975	1
4976	0
4977	1
4978	3
4979	4
4980	1
4981	3
4982	0
4983	2
4984	0
4985	2
4986	4
4987	1
4988	2
4989	2
4990	0
4991	3
4992	0
4993	1
4994	4
4995	0
4996	4
4997	2
4998	0
4999	3
5000	3
5001	2
5002	2
5003	1
5004	2
5005	1
5006	1
5007	1
5008	3
5009	3
5010	1
5011	2
5012	2
5013	1
5014	0
5015	0
5016	2
5017	2
5018	0
5019	1
5020	2
5021	0
5022	2
5023	5
5024	1
5025	1
5026	2
5027	0
5028	2
5029	4
5030	0
5031	0
5032	5
5033	2
5034	4
5035	0
5036	1
5037	5
5038	4
5039	1
5040	3
5041	2
5042	0
5043	3
5044	0
5045	7
5046	1
5047	4
5048	2
5049	1
5050	1
5051	3
5052	3
5053	0
5054	2
5055	2
5056	2
5057	2
5058	2
5059	5
5060	5
5061	1
5062	0
5063	1
5064	2
5065	3
5066	3
5067	4
5068	0
5069	4
5070	2
5071	0
5072	0
5073	1
5074	2
5075	3
5076	3
5077	1
5078	5
5079	4
5080	1
5081	3
5082	2
5083	1
5084	1
5085	3
5086	3
5087	5
5088	0
5089	2
5090	5
5091	3
5092	1
5093	1
5094	1
5095	2
5096	3
5097	2
5098	2
5099	2
5100	4
5101	2
5102	3
5103	3
5104	2
5105	5
5106	2
5107	2
5108	6
5109	5
5110	2
5111	1
5112	1
5113	8
5114	1
5115	3
5116	2
5117	5
5118	2
5119	3
5120	1
5121	2
5122	3
5123	0
5124	3
5125	1
5126	7
5127	3
5128	0
5129	3
5130	1
5131	6
5132	1
5133	7
5134	2
5135	2
5136	3
5137	1
5138	1
5139	1
5140	7
5141	0
5142	2
5143	1
5144	2
5145	2
5146	5
5147	3
5148	0
5149	3
5150	1
5151	1
5152	4
5153	0
5154	3
5155	2
5156	3
5157	1
5158	2
5159	2
5160	3
5161	3
5162	5
5163	2
5164	4
5165	1
5166	1
5167	1
5168	3
5169	3
5170	3
5171	2
5172	3
5173	4
5174	1
5175	2
5176	2
5177	0
5178	1
5179	0
5180	2
5181	1
5182	0
5183	2
5184	4
5185	3
5186	2
5187	5
5188	3
5189	7
5190	3
5191	1
5192	3
5193	5
5194	2
5195	0
5196	2
5197	3
5198	3
5199	5
5200	2
5201	3
5202	4
5203	6
5204	4
5205	6
5206	1
5207	0
5208	5
5209	4
5210	1
5211	7
5212	1
5213	6
5214	4
5215	1
5216	2
5217	2
5218	5
5219	6
5220	2
5221	2
5222	2
5223	1
5224	0
5225	1
5226	3
5227	2
5228	2
5229	2
5230	6
5231	2
5232	4
5233	2
5234	9
5235	2
5236	1
5237	1
5238	2
5239	2
5240	4
5241	4
5242	0
5243	1
5244	2
5245	3
5246	5
5247	3
5248	1
5249	5
5250	0
5251	1
5252	1
5253	4
5254	1
5255	0
5256	1
5257	3
5258	2
5259	4
5260	4
5261	3
5262	2
5263	3
5264	1
5265	2
5266	5
5267	0
5268	2
5269	2
5270	0
5271	1
5272	2
5273	3
5274	4
5275	4
5276	2
5277	2
5278	1
5279	4
5280	1
5281	2
5282	2
5283	0
5284	2
5285	6
5286	6
5287	4
5288	4
5289	2
5290	5
5291	2
5292	3
5293	5
5294	2
5295	1
5296	1
5297	0
5298	1
5299	2
5300	1
5301	2
5302	1
5303	2
5304	0
5305	4
5306	2
5307	3
5308	5
5309	5
5310	1
5311	1
5312	3
5313	3
5314	1
5315	2
5316	4
5317	3
5318	6
5319	3
5320	3
5321	2
5322	6
5323	4
5324	3
5325	1
5326	1
5327	2
5328	0
5329	3
5330	1
5331	2
5332	2
5333	3
5334	1
5335	1
5336	2
5337	1
5338	3
5339	2
5340	0
5341	3
5342	0
5343	0
5344	1
5345	4
5346	2
5347	1
5348	3
5349	2
5350	1
5351	2
5352	3
5353	3
5354	2
5355	1
5356	1
5357	2
5358	0
5359	1
5360	2
5361	2
5362	4
5363	2
5364	7
5365	2
5366	3
5367	3
5368	2
5369	2
5370	0
5371	0
5372	4
5373	4
5374	2
5375	3
5376	3
5377	3
5378	0
5379	1
5380	3
5381	3
5382	2
5383	1
5384	3
5385	0
5386	2
5387	2
5388	2
5389	1
5390	1
5391	4
5392	3
5393	2
5394	0
5395	0
5396	2
5397	1
5398	2
5399	1
5400	4
5401	0
5402	0
5403	1
5404	0
5405	3
5406	4
5407	2
5408	1
5409	1
5410	3
5411	2
5412	1
5413	2
5414	1
5415	4
5416	5
5417	3
5418	0
5419	2
5420	1
5421	3
5422	3
5423	0
5424	2
5425	3
5426	5
5427	2
5428	1
5429	1
5430	5
5431	3
5432	1
5433	2
5434	1
5435	2
5436	3
5437	2
5438	2
5439	1
5440	2
5441	2
5442	2
5443	1
5444	1
5445	2
5446	0
5447	1
5448	4
5449	1
5450	3
5451	3
5452	2
5453	3
5454	1
5455	2
5456	0
5457	3
5458	4
5459	2
5460	4
5461	1
5462	1
5463	1
5464	1
5465	1
5466	0
5467	3
5468	3
5469	2
5470	2
5471	0
5472	3
5473	1
5474	0
5475	1
5476	2
5477	1
5478	1
5479	3
5480	0
5481	5
5482	3
5483	2
5484	0
5485	1
5486	4
5487	3
5488	3
5489	2
5490	2
5491	4
5492	2
5493	1
5494	4
5495	1
5496	6
5497	1
5498	2
5499	0
5500	1
5501	1
5502	2
5503	1
5504	3
5505	2
5506	2
5507	3
5508	2
5509	2
5510	0
5511	5
5512	2
5513	2
5514	2
5515	2
5516	2
5517	1
5518	1
5519	2
5520	2
5521	2
5522	1
5523	6
5524	5
5525	1
5526	1
5527	2
5528	1
5529	3
5530	3
5531	0
5532	2
5533	2
5534	2
5535	0
5536	2
5537	1
5538	2
5539	1
5540	2
5541	5
5542	1
5543	2
5544	3
5545	1
5546	1
5547	2
5548	1
5549	2
5550	3
5551	1
5552	1
5553	2
5554	1
5555	0
5556	2
5557	4
5558	3
5559	2
5560	2
5561	1
5562	1
5563	4
5564	4
5565	1
5566	1
5567	3
5568	3
5569	3
5570	0
5571	1
5572	2
5573	5
5574	3
5575	1
5576	1
5577	0
5578	1
5579	2
5580	0
5581	3
5582	1
5583	1
5584	3
5585	2
5586	3
5587	6
5588	2
5589	0
5590	3
5591	0
5592	1
5593	2
5594	6
5595	2
5596	2
5597	6
5598	3
5599	3
5600	3
5601	1
5602	2
5603	1
5604	2
5605	0
5606	2
5607	2
5608	4
5609	0
5610	5
5611	1
5612	1
5613	0
5614	2
5615	1
5616	0
5617	4
5618	1
5619	0
5620	1
5621	1
5622	0
5623	0
5624	0
5625	0
5626	1
5627	5
5628	0
5629	1
5630	0
5631	4
5632	1
5633	2
5634	4
5635	0
5636	3
5637	1
5638	3
5639	2
5640	2
5641	0
5642	5
5643	1
5644	1
5645	0
5646	0
5647	1
5648	3
5649	3
5650	0
5651	0
5652	1
5653	3
5654	1
5655	1
5656	0
5657	2
5658	1
5659	3
5660	0
5661	2
5662	1
5663	0
5664	3
5665	3
5666	2
5667	1
5668	2
5669	0
5670	4
5671	0
5672	0
5673	1
5674	2
5675	4
5676	4
5677	4
5678	4
5679	2
5680	3
5681	2
5682	3
5683	0
5684	2
5685	0
5686	5
5687	3
5688	3
5689	1
5690	4
5691	1
5692	4
5693	1
5694	4
5695	1
5696	1
5697	1
5698	1
5699	2
5700	1
5701	2
5702	3
5703	1
5704	3
5705	2
5706	1
5707	2
5708	0
5709	1
5710	5
5711	4
5712	3
5713	0
5714	3
5715	2
5716	0
5717	0
5718	3
5719	1
5720	2
5721	0
5722	1
5723	2
5724	0
5725	1
5726	1
5727	2
5728	1
5729	2
5730	4
5731	4
5732	1
5733	1
5734	2
5735	5
5736	2
5737	2
5738	0
5739	4
5740	1
5741	1
5742	1
5743	2
5744	1
5745	1
5746	1
5747	2
5748	3
5749	1
5750	3
5751	3
5752	2
5753	3
5754	2
5755	4
5756	0
5757	0
5758	0
5759	1
5760	2
5761	4
5762	1
5763	0
5764	1
5765	3
5766	7
5767	1
5768	0
5769	3
5770	1
5771	1
5772	2
5773	3
5774	2
5775	1
5776	0
5777	2
5778	1
5779	1
5780	4
5781	1
5782	1
5783	3
5784	2
5785	6
5786	3
5787	5
5788	5
5789	2
5790	0
5791	4
5792	1
5793	0
5794	1
5795	1
5796	2
5797	2
5798	2
5799	2
5800	1
5801	4
5802	3
5803	2
5804	4
5805	3
5806	2
5807	4
5808	3
5809	1
5810	3
5811	3
5812	1
5813	2
5814	1
5815	0
5816	2
5817	2
5818	3
5819	0
5820	1
5821	3
5822	2
5823	2
5824	0
5825	1
5826	1
5827	3
5828	0
5829	1
5830	1
5831	3
5832	0
5833	0
5834	3
5835	0
5836	0
5837	1
5838	1
5839	2
5840	0
5841	0
5842	4
5843	2
5844	1
5845	3
5846	7
5847	2
5848	2
5849	6
5850	2
5851	3
5852	1
5853	0
5854	0
5855	0
5856	1
5857	2
5858	0
5859	5
5860	2
5861	2
5862	0
5863	2
5864	2
5865	0
5866	0
5867	0
5868	3
5869	0
5870	2
5871	1
5872	0
5873	1
5874	1
5875	2
5876	2
5877	2
5878	2
5879	1
5880	2
5881	1
5882	4
5883	2
5884	0
5885	2
5886	2
5887	2
5888	1
5889	0
5890	3
5891	1
5892	0
5893	2
5894	0
5895	0
5896	1
5897	1
5898	3
5899	2
5900	3
5901	2
5902	3
5903	1
5904	1
5905	3
5906	1
5907	1
5908	2
5909	1
5910	2
5911	2
5912	0
5913	2
5914	1
5915	1
5916	0
5917	2
5918	1
5919	0
5920	2
5921	0
5922	1
5923	1
5924	2
5925	2
5926	1
5927	2
5928	1
5929	2
5930	1
5931	2
5932	2
5933	3
5934	3
5935	1
5936	1
5937	2
5938	1
5939	3
5940	2
5941	6
5942	1
5943	3
5944	1
5945	1
5946	0
5947	3
5948	0
5949	1
5950	2
5951	1
5952	1
5953	3
5954	1
5955	1
5956	1
5957	2
5958	1
5959	3
5960	0
5961	0
5962	3
5963	0
5964	1
5965	0
5966	0
5967	1
5968	4
5969	4
5970	2
5971	1
5972	0
5973	2
5974	0
5975	0
5976	1
5977	1
5978	1
5979	2
5980	2
5981	1
5982	1
5983	1
5984	2
5985	1
5986	1
5987	0
5988	2
5989	1
5990	0
5991	1
5992	1
5993	1
5994	2
5995	2
5996	1
5997	1
5998	1
5999	1
6000	3
6001	3
6002	2
6003	2
6004	1
6005	1
6006	2
6007	1
6008	1
6009	2
6010	1
6011	2
6012	2
6013	1
6014	2
6015	1
6016	0
6017	0
6018	5
6019	0
6020	1
6021	1
6022	1
6023	2
6024	0
6025	2
6026	2
6027	3
6028	1
6029	1
6030	2
6031	1
6032	1
6033	0
6034	2
6035	0
6036	2
6037	0
6038	1
6039	3
6040	1
6041	0
6042	4
6043	2
6044	2
6045	4
6046	0
6047	0
6048	2
6049	1
6050	4
6051	2
6052	3
6053	1
6054	1
6055	3
6056	0
6057	1
6058	3
6059	3
6060	1
6061	0
6062	1
6063	0
6064	0
6065	0
6066	2
6067	2
6068	0
6069	3
6070	0
6071	3
6072	2
6073	2
6074	1
6075	3
6076	2
6077	1
6078	1
6079	5
6080	2
6081	0
6082	0
6083	1
6084	4
6085	3
6086	0
6087	0
6088	0
6089	1
6090	1
6091	0
6092	2
6093	2
6094	1
6095	1
6096	1
6097	4
6098	1
6099	2
6100	1
6101	2
6102	1
6103	0
6104	0
6105	1
6106	3
6107	2
6108	1
6109	4
6110	0
6111	4
6112	2
6113	0
6114	3
6115	0
6116	3
6117	3
6118	2
6119	4
6120	1
6121	1
6122	1
6123	2
6124	2
6125	2
6126	2
6127	1
6128	1
6129	2
6130	1
6131	1
6132	1
6133	3
6134	3
6135	2
6136	1
6137	0
6138	2
6139	1
6140	0
6141	3
6142	2
6143	0
6144	4
6145	1
6146	1
6147	3
6148	2
6149	1
6150	1
6151	1
6152	2
6153	0
6154	0
6155	2
6156	1
6157	0
6158	3
6159	3
6160	2
6161	3
6162	2
6163	1
6164	1
6165	3
6166	1
6167	1
6168	1
6169	2
6170	0
6171	2
6172	2
6173	4
6174	4
6175	1
6176	1
6177	0
6178	2
6179	2
6180	1
6181	3
6182	1
6183	3
6184	2
6185	0
6186	2
6187	1
6188	2
6189	0
6190	0
6191	3
6192	1
6193	2
6194	2
6195	3
6196	1
6197	0
6198	1
6199	2
6200	0
6201	0
6202	2
6203	1
6204	2
6205	0
6206	0
6207	4
6208	0
6209	3
6210	1
6211	0
6212	2
6213	0
6214	0
6215	2
6216	0
6217	2
6218	1
6219	1
6220	1
6221	0
6222	1
6223	3
6224	1
6225	0
6226	1
6227	0
6228	3
6229	1
6230	0
6231	2
6232	0
6233	1
6234	3
6235	0
6236	2
6237	1
6238	0
6239	0
6240	1
6241	3
6242	1
6243	1
6244	1
6245	1
6246	1
6247	1
6248	2
6249	3
6250	3
6251	1
6252	0
6253	2
6254	2
6255	3
6256	5
6257	4
6258	0
6259	2
6260	1
6261	3
6262	1
6263	1
6264	2
6265	1
6266	2
6267	2
6268	1
6269	4
6270	1
6271	4
6272	3
6273	2
6274	2
6275	0
6276	2
6277	0
6278	0
6279	0
6280	2
6281	0
6282	1
6283	2
6284	1
6285	0
6286	1
6287	1
6288	1
6289	0
6290	2
6291	1
6292	1
6293	0
6294	4
6295	3
6296	0
6297	0
6298	1
6299	0
6300	1
6301	2
6302	3
6303	3
6304	2
6305	4
6306	0
6307	3
6308	2
6309	0
6310	1
6311	2
6312	1
6313	0
6314	1
6315	0
6316	1
6317	1
6318	3
6319	1
6320	2
6321	1
6322	2
6323	2
6324	0
6325	5
6326	2
6327	2
6328	2
6329	3
6330	3
6331	2
6332	1
6333	1
6334	3
6335	1
6336	2
6337	0
6338	1
6339	2
6340	2
6341	0
6342	1
6343	0
6344	0
6345	1
6346	0
6347	1
6348	2
6349	3
6350	0
6351	1
6352	2
6353	0
6354	1
6355	1
6356	1
6357	3
6358	1
6359	4
6360	0
6361	1
6362	2
6363	1
6364	2
6365	2
6366	2
6367	3
6368	0
6369	1
6370	2
6371	0
6372	1
6373	4
6374	1
6375	0
6376	1
6377	3
6378	0
6379	2
6380	2
6381	2
6382	1
6383	1
6384	5
6385	1
6386	1
6387	0
6388	0
6389	0
6390	2
6391	2
6392	0
6393	0
6394	2
6395	1
6396	2
6397	1
6398	0
6399	1
6400	2
6401	0
6402	1
6403	1
6404	2
6405	0
6406	0
6407	0
6408	0
6409	2
6410	1
6411	2
6412	0
6413	2
6414	0
6415	1
6416	0
6417	1
6418	1
6419	0
6420	1
6421	1
6422	2
6423	3
6424	1
6425	1
6426	3
6427	1
6428	2
6429	0
6430	2
6431	2
6432	1
6433	0
6434	4
6435	2
6436	2
6437	3
6438	4
6439	3
6440	3
6441	2
6442	0
6443	0
6444	0
6445	2
6446	1
6447	2
6448	0
6449	2
6450	2
6451	1
6452	1
6453	1
6454	1
6455	2
6456	0
6457	2
6458	1
6459	0
6460	1
6461	1
6462	0
6463	1
6464	0
6465	1
6466	1
6467	2
6468	0
6469	1
6470	3
6471	2
6472	1
6473	2
6474	2
6475	0
6476	2
6477	0
6478	2
6479	1
6480	2
6481	1
6482	1
6483	0
6484	0
6485	1
6486	1
6487	1
6488	0
6489	5
6490	4
6491	0
6492	0
6493	0
6494	4
6495	2
6496	0
6497	1
6498	2
6499	1
6500	2
6501	2
6502	1
6503	0
6504	4
6505	4
6506	1
6507	1
6508	1
6509	2
6510	1
6511	0
6512	2
6513	8
6514	0
6515	1
6516	2
6517	1
6518	4
6519	1
6520	1
6521	1
6522	0
6523	2
6524	2
6525	1
6526	2
6527	3
6528	1
6529	1
6530	0
6531	0
6532	1
6533	3
6534	3
6535	5
6536	1
6537	2
6538	0
6539	4
6540	2
6541	2
6542	0
6543	1
6544	2
6545	0
6546	3
6547	0
6548	2
6549	3
6550	1
6551	0
6552	3
6553	2
6554	2
6555	3
6556	0
6557	2
6558	2
6559	0
6560	1
6561	4
6562	1
6563	1
6564	2
6565	2
6566	2
6567	1
6568	0
6569	0
6570	5
6571	2
6572	2
6573	1
6574	0
6575	0
6576	1
6577	1
6578	1
6579	3
6580	2
6581	2
6582	2
6583	3
6584	1
6585	1
6586	1
6587	2
6588	0
6589	0
6590	0
6591	0
6592	0
6593	0
6594	2
6595	2
6596	0
6597	3
6598	0
6599	1
6600	0
6601	1
6602	1
6603	1
6604	1
6605	1
6606	1
6607	0
6608	1
6609	1
6610	6
6611	2
6612	0
6613	1
6614	0
6615	3
6616	1
6617	0
6618	0
6619	1
6620	0
6621	2
6622	4
6623	1
6624	3
6625	4
6626	2
6627	0
6628	0
6629	1
6630	1
6631	5
6632	2
6633	0
6634	0
6635	3
6636	2
6637	0
6638	0
6639	0
6640	3
6641	0
6642	2
6643	3
6644	0
6645	1
6646	1
6647	1
6648	2
6649	3
6650	1
6651	1
6652	1
6653	3
6654	0
6655	0
6656	1
6657	2
6658	2
6659	0
6660	1
6661	0
6662	0
6663	0
6664	1
6665	1
6666	0
6667	0
6668	0
6669	1
6670	1
6671	2
6672	1
6673	1
6674	0
6675	3
6676	3
6677	1
6678	0
6679	4
6680	0
6681	1
6682	2
6683	4
6684	2
6685	2
6686	1
6687	5
6688	0
6689	4
6690	2
6691	2
6692	1
6693	1
6694	1
6695	0
6696	2
6697	1
6698	2
6699	3
6700	1
6701	0
6702	2
6703	2
6704	1
6705	0
6706	2
6707	1
6708	2
6709	2
6710	0
6711	0
6712	2
6713	3
6714	1
6715	0
6716	1
6717	4
6718	1
6719	1
6720	1
6721	1
6722	0
6723	0
6724	0
6725	2
6726	2
6727	2
6728	0
6729	1
6730	4
6731	2
6732	2
6733	1
6734	1
6735	2
6736	1
6737	2
6738	4
6739	1
6740	1
6741	1
6742	0
6743	4
6744	0
6745	0
6746	0
6747	2
6748	2
6749	1
6750	2
6751	0
6752	2
6753	2
6754	1
6755	1
6756	1
6757	4
6758	2
6759	1
6760	1
6761	3
6762	1
6763	2
6764	1
6765	0
6766	5
6767	0
6768	1
6769	4
6770	1
6771	0
6772	1
6773	1
6774	4
6775	2
6776	0
6777	1
6778	2
6779	0
6780	3
6781	0
6782	3
6783	4
6784	2
6785	2
6786	2
6787	2
6788	1
6789	3
6790	1
6791	2
6792	0
6793	1
6794	4
6795	2
6796	2
6797	1
6798	1
6799	1
6800	2
6801	0
6802	2
6803	2
6804	3
6805	1
6806	1
6807	1
6808	1
6809	2
6810	2
6811	4
6812	0
6813	1
6814	3
6815	1
6816	3
6817	1
6818	0
6819	0
6820	3
6821	2
6822	2
6823	2
6824	1
6825	2
6826	1
6827	0
6828	0
6829	0
6830	2
6831	0
6832	2
6833	0
6834	0
6835	1
6836	1
6837	0
6838	2
6839	3
6840	0
6841	2
6842	1
6843	0
6844	2
6845	2
6846	1
6847	0
6848	0
6849	5
6850	4
6851	0
6852	2
6853	1
6854	1
6855	1
6856	3
6857	1
6858	2
6859	1
6860	1
6861	3
6862	0
6863	1
6864	0
6865	3
6866	1
6867	2
6868	4
6869	0
6870	0
6871	1
6872	1
6873	2
6874	2
6875	2
6876	3
6877	4
6878	2
6879	0
6880	0
6881	2
6882	0
6883	0
6884	1
6885	2
6886	2
6887	2
6888	1
6889	3
6890	3
6891	2
6892	1
6893	3
6894	0
6895	1
6896	0
6897	2
6898	2
6899	1
6900	0
6901	2
6902	2
6903	0
6904	0
6905	1
6906	1
6907	2
6908	1
6909	1
6910	0
6911	0
6912	3
6913	1
6914	1
6915	2
6916	0
6917	2
6918	0
6919	4
6920	1
6921	1
6922	2
6923	0
6924	2
6925	0
6926	1
6927	2
6928	1
6929	2
6930	1
6931	0
6932	2
6933	3
6934	3
6935	4
6936	1
6937	2
6938	2
6939	1
6940	3
6941	2
6942	0
6943	3
6944	0
6945	1
6946	0
6947	2
6948	0
6949	0
6950	2
6951	2
6952	2
6953	0
6954	2
6955	0
6956	3
6957	2
6958	2
6959	1
6960	2
6961	2
6962	1
6963	2
6964	0
6965	0
6966	2
6967	0
6968	0
6969	2
6970	0
6971	2
6972	1
6973	0
6974	0
6975	0
6976	1
6977	1
6978	0
6979	4
6980	1
6981	0
6982	1
6983	0
6984	0
6985	2
6986	2
6987	0
6988	3
6989	0
6990	1
6991	1
6992	0
6993	1
6994	0
6995	1
6996	0
6997	0
6998	1
6999	2
7000	1
7001	2
7002	0
7003	0
7004	2
7005	2
7006	2
7007	3
7008	1
7009	0
7010	0
7011	0
7012	1
7013	2
7014	0
7015	2
7016	1
7017	2
7018	0
7019	0
7020	2
7021	2
7022	1
7023	0
7024	3
7025	3
7026	2
7027	1
7028	3
7029	0
7030	2
7031	0
7032	4
7033	0
7034	0
7035	1
7036	0
7037	2
7038	0
7039	2
7040	1
7041	1
7042	2
7043	1
7044	1
7045	1
7046	1
7047	0
7048	3
7049	1
7050	0
7051	1
7052	3
7053	1
7054	2
7055	5
7056	1
7057	2
7058	0
7059	1
7060	1
7061	2
7062	0
7063	0
7064	0
7065	2
7066	0
7067	2
7068	3
7069	2
7070	2
7071	1
7072	1
7073	3
7074	0
7075	1
7076	5
7077	0
7078	3
7079	0
7080	1
7081	1
7082	0
7083	1
7084	0
7085	1
7086	4
7087	0
7088	0
7089	2
7090	0
7091	0
7092	3
7093	0
7094	4
7095	1
7096	2
7097	2
7098	0
7099	0
7100	1
7101	2
7102	1
7103	1
7104	1
7105	2
7106	2
7107	0
7108	3
7109	2
7110	2
7111	1
7112	0
7113	0
7114	3
7115	2
7116	1
7117	3
7118	0
7119	2
7120	0
7121	1
7122	1
7123	1
7124	0
7125	0
7126	4
7127	0
7128	1
7129	2
7130	2
7131	0
7132	1
7133	0
7134	0
7135	2
7136	2
7137	0
7138	3
7139	2
7140	1
7141	2
7142	0
7143	2
7144	2
7145	2
7146	1
7147	1
7148	0
7149	2
7150	0
7151	1
7152	1
7153	0
7154	2
7155	1
7156	0
7157	0
7158	1
7159	0
7160	2
7161	2
7162	3
7163	1
7164	1
7165	0
7166	2
7167	1
7168	1
7169	0
7170	2
7171	1
7172	0
7173	0
7174	4
7175	2
7176	0
7177	2
7178	1
7179	1
7180	2
7181	0
7182	0
7183	1
7184	2
7185	1
7186	1
7187	0
7188	6
7189	1
7190	1
7191	1
7192	2
7193	3
7194	0
7195	0
7196	2
7197	3
7198	1
7199	3
7200	1
7201	1
7202	2
7203	4
7204	2
7205	1
7206	5
7207	0
7208	1
7209	3
7210	2
7211	3
7212	4
7213	0
7214	0
7215	2
7216	0
7217	0
7218	2
7219	0
7220	1
7221	0
7222	2
7223	2
7224	0
7225	1
7226	1
7227	1
7228	2
7229	0
7230	1
7231	0
7232	2
7233	1
7234	0
7235	1
7236	0
7237	2
7238	1
7239	2
7240	4
7241	1
7242	0
7243	1
7244	2
7245	1
7246	1
7247	0
7248	0
7249	1
7250	2
7251	1
7252	2
7253	1
7254	1
7255	1
7256	4
7257	2
7258	2
7259	2
7260	0
7261	1
7262	2
7263	1
7264	2
7265	3
7266	2
7267	0
7268	1
7269	1
7270	2
7271	0
7272	3
7273	1
7274	4
7275	1
7276	1
7277	3
7278	0
7279	1
7280	1
7281	1
7282	2
7283	4
7284	2
7285	2
7286	0
7287	4
7288	1
7289	1
7290	1
7291	1
7292	0
7293	2
7294	2
7295	1
7296	2
7297	0
7298	5
7299	2
7300	0
7301	0
7302	1
7303	2
7304	1
7305	1
7306	0
7307	0
7308	1
7309	0
7310	1
7311	2
7312	2
7313	0
7314	1
7315	2
7316	0
7317	1
7318	2
7319	5
7320	1
7321	2
7322	2
7323	4
7324	4
7325	2
7326	2
7327	0
7328	0
7329	3
7330	0
7331	3
7332	2
7333	0
7334	3
7335	0
7336	2
7337	0
7338	1
7339	1
7340	2
7341	0
7342	0
7343	0
7344	1
7345	1
7346	0
7347	5
7348	1
7349	2
7350	3
7351	1
7352	4
7353	1
7354	0
7355	1
7356	1
7357	0
7358	1
7359	1
7360	0
7361	2
7362	2
7363	3
7364	0
7365	0
7366	1
7367	0
7368	1
7369	4
7370	2
7371	1
7372	0
7373	3
7374	1
7375	1
7376	2
7377	1
7378	0
7379	1
7380	2
7381	0
7382	1
7383	1
7384	1
7385	1
7386	0
7387	1
7388	3
7389	1
7390	0
7391	0
7392	2
7393	2
7394	3
7395	2
7396	0
7397	2
7398	0
7399	1
7400	0
7401	0
7402	4
7403	1
7404	2
7405	1
7406	1
7407	1
7408	0
7409	2
7410	1
7411	1
7412	1
7413	1
7414	2
7415	1
7416	0
7417	2
7418	1
7419	1
7420	2
7421	0
7422	1
7423	0
7424	4
7425	0
7426	0
7427	0
7428	0
7429	0
7430	1
7431	2
7432	0
7433	1
7434	3
7435	3
7436	1
7437	0
7438	1
7439	3
7440	0
7441	1
7442	2
7443	0
7444	2
7445	0
7446	5
7447	1
7448	0
7449	1
7450	0
7451	2
7452	3
7453	1
7454	0
7455	2
7456	1
7457	1
7458	2
7459	2
7460	1
7461	1
7462	1
7463	2
7464	0
7465	1
7466	2
7467	3
7468	1
7469	0
7470	0
7471	1
7472	2
7473	0
7474	3
7475	3
7476	2
7477	0
7478	0
7479	1
7480	1
7481	3
7482	3
7483	2
7484	4
7485	3
7486	2
7487	1
7488	3
7489	0
7490	1
7491	0
7492	1
7493	0
7494	3
7495	1
7496	0
7497	2
7498	3
7499	0
7500	1
7501	1
7502	1
7503	2
7504	2
7505	2
7506	1
7507	0
7508	5
7509	1
7510	0
7511	1
7512	1
7513	1
7514	0
7515	1
7516	3
7517	2
7518	2
7519	1
7520	0
7521	3
7522	3
7523	0
7524	1
7525	4
7526	0
7527	1
7528	3
7529	1
7530	2
7531	0
7532	1
7533	1
7534	2
7535	1
7536	1
7537	1
7538	1
7539	1
7540	0
7541	0
7542	0
7543	1
7544	3
7545	1
7546	0
7547	4
7548	2
7549	1
7550	2
7551	1
7552	1
7553	1
7554	1
7555	2
7556	2
7557	2
7558	1
7559	2
7560	1
7561	0
7562	1
7563	0
7564	1
7565	3
7566	1
7567	2
7568	1
7569	1
7570	4
7571	1
7572	2
7573	1
7574	0
7575	0
7576	0
7577	0
7578	1
7579	1
7580	5
7581	3
7582	2
7583	1
7584	0
7585	2
7586	1
7587	0
7588	4
7589	0
7590	1
7591	0
7592	0
7593	1
7594	0
7595	1
7596	0
7597	0
7598	0
7599	0
7600	0
7601	2
7602	2
7603	4
7604	1
7605	1
7606	2
7607	3
7608	0
7609	1
7610	2
7611	0
7612	1
7613	3
7614	3
7615	3
7616	1
7617	1
7618	3
7619	0
7620	1
7621	2
7622	3
7623	2
7624	0
7625	1
7626	1
7627	0
7628	1
7629	1
7630	1
7631	1
7632	1
7633	1
7634	1
7635	4
7636	1
7637	1
7638	0
7639	2
7640	1
7641	4
7642	2
7643	2
7644	2
7645	2
7646	1
7647	1
7648	1
7649	0
7650	2
7651	1
7652	0
7653	0
7654	1
7655	0
7656	1
7657	1
7658	1
7659	0
7660	1
7661	1
7662	1
7663	1
7664	0
7665	3
7666	2
7667	2
7668	3
7669	1
7670	0
7671	1
7672	5
7673	2
7674	0
7675	2
7676	1
7677	2
7678	1
7679	3
7680	2
7681	4
7682	1
7683	1
7684	4
7685	1
7686	2
7687	0
7688	1
7689	0
7690	3
7691	4
7692	1
7693	1
7694	2
7695	2
7696	2
7697	2
7698	2
7699	1
7700	5
7701	2
7702	1
7703	2
7704	1
7705	2
7706	1
7707	0
7708	1
7709	0
7710	2
7711	1
7712	0
7713	0
7714	1
7715	3
7716	2
7717	2
7718	0
7719	1
7720	2
7721	0
7722	1
7723	2
7724	4
7725	0
7726	2
7727	0
7728	0
7729	1
7730	1
7731	2
7732	2
7733	2
7734	1
7735	2
7736	2
7737	0
7738	0
7739	0
7740	2
7741	1
7742	3
7743	2
7744	1
7745	2
7746	2
7747	0
7748	0
7749	3
7750	0
7751	1
7752	0
7753	0
7754	3
7755	2
7756	3
7757	0
7758	0
7759	1
7760	0
7761	1
7762	1
7763	1
7764	0
7765	3
7766	3
7767	1
7768	0
7769	1
7770	1
7771	0
7772	0
7773	1
7774	1
7775	1
7776	2
7777	0
7778	0
7779	2
7780	1
7781	0
7782	0
7783	3
7784	3
7785	1
7786	0
7787	0
7788	0
7789	2
7790	1
7791	1
7792	2
7793	1
7794	1
7795	0
7796	2
7797	1
7798	1
7799	1
7800	0
7801	2
7802	2
7803	3
7804	0
7805	2
7806	1
7807	2
7808	2
7809	3
7810	1
7811	2
7812	2
7813	1
7814	2
7815	2
7816	4
7817	1
7818	2
7819	2
7820	2
7821	1
7822	0
7823	1
7824	0
7825	2
7826	2
7827	3
7828	1
7829	0
7830	2
7831	0
7832	3
7833	3
7834	1
7835	1
7836	1
7837	1
7838	0
7839	3
7840	4
7841	1
7842	0
7843	1
7844	1
7845	1
7846	3
7847	3
7848	2
7849	1
7850	1
7851	1
7852	2
7853	0
7854	0
7855	0
7856	3
7857	2
7858	3
7859	0
7860	2
7861	3
7862	2
7863	0
7864	2
7865	0
7866	0
7867	2
7868	2
7869	1
7870	2
7871	0
7872	2
7873	3
7874	1
7875	0
7876	0
7877	0
7878	1
7879	0
7880	2
7881	2
7882	0
7883	0
7884	2
7885	5
7886	2
7887	1
7888	0
7889	1
7890	1
7891	1
7892	0
7893	1
7894	2
7895	2
7896	1
7897	1
7898	3
7899	0
7900	0
7901	2
7902	0
7903	1
7904	0
7905	1
7906	2
7907	3
7908	2
7909	1
7910	0
7911	3
7912	1
7913	0
7914	0
7915	1
7916	2
7917	0
7918	0
7919	0
7920	1
7921	2
7922	0
7923	0
7924	0
7925	1
7926	0
7927	2
7928	2
7929	1
7930	1
7931	1
7932	1
7933	0
7934	1
7935	1
7936	2
7937	7
7938	0
7939	2
7940	1
7941	0
7942	1
7943	3
7944	2
7945	2
7946	2
7947	3
7948	0
7949	1
7950	2
7951	1
7952	0
7953	0
7954	1
7955	2
7956	0
7957	1
7958	2
7959	2
7960	0
7961	2
7962	0
7963	1
7964	2
7965	0
7966	1
7967	2
7968	0
7969	2
7970	1
7971	1
7972	0
7973	0
7974	1
7975	3
7976	2
7977	2
7978	0
7979	1
7980	2
7981	2
7982	1
7983	0
7984	2
7985	0
7986	1
7987	2
7988	1
7989	0
7990	2
7991	2
7992	2
7993	0
7994	1
7995	1
7996	3
7997	1
7998	2
7999	0
8000	2
8001	1
8002	0
8003	1
8004	2
8005	0
8006	0
8007	0
8008	1
8009	1
8010	1
8011	3
8012	3
8013	1
8014	0
8015	2
8016	1
8017	0
8018	2
8019	1
8020	0
8021	3
8022	0
8023	0
8024	2
8025	1
8026	2
8027	2
8028	0
8029	1
8030	3
8031	0
8032	0
8033	0
8034	1
8035	0
8036	3
8037	1
8038	1
8039	1
8040	1
8041	1
8042	2
8043	2
8044	0
8045	2
8046	0
8047	0
8048	1
8049	2
8050	3
8051	1
8052	3
8053	2
8054	1
8055	2
8056	2
8057	2
8058	0
8059	2
8060	1
8061	2
8062	0
8063	1
8064	1
8065	1
8066	0
8067	1
8068	0
8069	0
8070	2
8071	0
8072	0
8073	0
8074	1
8075	1
8076	1
8077	2
8078	0
8079	2
8080	0
8081	0
8082	1
8083	0
8084	2
8085	2
8086	1
8087	1
8088	2
8089	1
8090	0
8091	2
8092	2
8093	3
8094	0
8095	2
8096	2
8097	0
8098	2
8099	2
8100	1
8101	1
8102	1
8103	0
8104	1
8105	4
8106	1
8107	0
8108	1
8109	0
8110	2
8111	1
8112	1
8113	2
8114	2
8115	1
8116	1
8117	2
8118	1
8119	0
8120	0
8121	0
8122	1
8123	2
8124	0
8125	0
8126	0
8127	0
8128	0
8129	2
8130	0
8131	1
8132	1
8133	0
8134	3
8135	3
8136	1
8137	2
8138	1
8139	1
8140	0
8141	2
8142	1
8143	0
8144	1
8145	1
8146	2
8147	0
8148	0
8149	2
8150	2
8151	1
8152	0
8153	0
8154	2
8155	0
8156	0
8157	1
8158	1
8159	0
8160	2
8161	1
8162	1
8163	2
8164	1
8165	0
8166	2
8167	0
8168	0
8169	0
8170	0
8171	0
8172	1
8173	0
8174	1
8175	1
8176	1
8177	0
8178	1
8179	0
8180	2
8181	0
8182	0
8183	0
8184	0
8185	2
8186	2
8187	0
8188	2
8189	2
8190	2
8191	0
8192	1
8193	2
8194	0
8195	0
8196	1
8197	0
8198	3
8199	1
8200	1
8201	1
8202	3
8203	1
8204	0
8205	1
8206	0
8207	0
8208	0
8209	1
8210	3
8211	1
8212	1
8213	1
8214	0
8215	2
8216	0
8217	0
8218	2
8219	1
8220	1
8221	1
8222	1
8223	1
8224	3
8225	1
8226	0
8227	0
8228	0
8229	0
8230	1
8231	0
8232	1
8233	0
8234	1
8235	3
8236	1
8237	0
8238	1
8239	0
8240	0
8241	3
8242	1
8243	0
8244	1
8245	2
8246	3
8247	0
8248	0
8249	1
8250	0
8251	2
8252	2
8253	1
8254	1
8255	2
8256	1
8257	3
8258	3
8259	2
8260	3
8261	2
8262	1
8263	1
8264	0
8265	0
8266	2
8267	2
8268	1
8269	0
8270	0
8271	0
8272	1
8273	1
8274	0
8275	1
8276	1
8277	0
8278	0
8279	3
8280	2
8281	1
8282	1
8283	1
8284	1
8285	0
8286	3
8287	1
8288	0
8289	0
8290	0
8291	0
8292	1
8293	1
8294	2
8295	0
8296	0
8297	0
8298	0
8299	0
8300	0
8301	2
8302	2
8303	1
8304	2
8305	1
8306	0
8307	1
8308	1
8309	2
8310	1
8311	3
8312	2
8313	1
8314	2
8315	2
8316	2
8317	2
8318	0
8319	0
8320	1
8321	1
8322	1
8323	3
8324	1
8325	0
8326	2
8327	2
8328	0
8329	2
8330	0
8331	1
8332	1
8333	3
8334	2
8335	0
8336	2
8337	1
8338	2
8339	0
8340	1
8341	1
8342	1
8343	2
8344	1
8345	1
8346	0
8347	1
8348	0
8349	1
8350	1
8351	2
8352	1
8353	0
8354	0
8355	0
8356	0
8357	0
8358	0
8359	1
8360	3
8361	1
8362	1
8363	1
8364	0
8365	2
8366	1
8367	2
8368	1
8369	2
8370	1
8371	1
8372	0
8373	1
8374	1
8375	1
8376	0
8377	2
8378	0
8379	1
8380	1
8381	0
8382	1
8383	2
8384	2
8385	0
8386	1
8387	0
8388	1
8389	0
8390	1
8391	0
8392	1
8393	0
8394	1
8395	0
8396	1
8397	0
8398	0
8399	0
8400	0
8401	3
8402	2
8403	1
8404	1
8405	1
8406	1
8407	1
8408	0
8409	1
8410	0
8411	4
8412	0
8413	2
8414	2
8415	0
8416	2
8417	0
8418	1
8419	1
8420	2
8421	0
8422	1
8423	1
8424	1
8425	1
8426	3
8427	2
8428	0
8429	1
8430	4
8431	2
8432	6
8433	2
8434	0
8435	0
8436	1
8437	1
8438	1
8439	0
8440	0
8441	0
8442	2
8443	0
8444	2
8445	2
8446	1
8447	2
8448	1
8449	0
8450	0
8451	0
8452	4
8453	0
8454	0
8455	0
8456	2
8457	0
8458	1
8459	4
8460	2
8461	0
8462	1
8463	1
8464	2
8465	0
8466	3
8467	1
8468	2
8469	1
8470	0
8471	2
8472	1
8473	1
8474	2
8475	1
8476	2
8477	1
8478	3
8479	0
8480	1
8481	4
8482	0
8483	0
8484	0
8485	1
8486	1
8487	1
8488	2
8489	0
8490	0
8491	1
8492	0
8493	1
8494	1
8495	0
8496	0
8497	1
8498	0
8499	1
8500	2
8501	1
8502	2
8503	0
8504	0
8505	2
8506	2
8507	2
8508	1
8509	2
8510	2
8511	0
8512	2
8513	1
8514	0
8515	2
8516	1
8517	0
8518	0
8519	0
8520	2
8521	0
8522	0
8523	2
8524	0
8525	1
8526	1
8527	1
8528	1
8529	0
8530	2
8531	3
8532	1
8533	0
8534	1
8535	2
8536	2
8537	1
8538	1
8539	2
8540	2
8541	1
8542	1
8543	1
8544	2
8545	1
8546	1
8547	0
8548	2
8549	2
8550	1
8551	1
8552	0
8553	3
8554	0
8555	1
8556	0
8557	3
8558	1
8559	3
8560	1
8561	3
8562	2
8563	3
8564	2
8565	1
8566	2
8567	0
8568	0
8569	1
8570	0
8571	0
8572	3
8573	2
8574	2
8575	0
8576	1
8577	1
8578	2
8579	0
8580	0
8581	1
8582	0
8583	0
8584	1
8585	0
8586	1
8587	2
8588	4
8589	0
8590	2
8591	1
8592	2
8593	2
8594	0
8595	2
8596	3
8597	1
8598	0
8599	2
8600	4
8601	1
8602	2
8603	0
8604	1
8605	1
8606	0
8607	2
8608	3
8609	0
8610	4
8611	0
8612	2
8613	0
8614	1
8615	2
8616	2
8617	2
8618	3
8619	1
8620	3
8621	2
8622	0
8623	0
8624	1
8625	3
8626	0
8627	1
8628	0
8629	1
8630	1
8631	0
8632	1
8633	3
8634	2
8635	2
8636	0
8637	1
8638	0
8639	3
8640	1
8641	1
8642	2
8643	1
8644	0
8645	0
8646	1
8647	0
8648	1
8649	3
8650	0
8651	0
8652	3
8653	1
8654	1
8655	1
8656	0
8657	1
8658	2
8659	1
8660	1
8661	0
8662	0
8663	1
8664	0
8665	2
8666	2
8667	1
8668	1
8669	2
8670	1
8671	0
8672	2
8673	3
8674	0
8675	0
8676	1
8677	2
8678	1
8679	2
8680	2
8681	1
8682	1
8683	1
8684	3
8685	1
8686	0
8687	0
8688	3
8689	1
8690	1
8691	2
8692	2
8693	2
8694	0
8695	1
8696	1
8697	2
8698	2
8699	1
8700	2
8701	1
8702	0
8703	3
8704	1
8705	1
8706	1
8707	2
8708	0
8709	0
8710	1
8711	0
8712	0
8713	2
8714	0
8715	1
8716	1
8717	0
8718	0
8719	1
8720	0
8721	1
8722	1
8723	2
8724	2
8725	3
8726	1
8727	1
8728	1
8729	0
8730	2
8731	0
8732	0
8733	3
8734	3
8735	1
8736	0
8737	0
8738	0
8739	0
8740	2
8741	0
8742	0
8743	1
8744	0
8745	0
8746	0
8747	0
8748	0
8749	0
8750	1
8751	0
8752	0
8753	2
8754	0
8755	0
8756	0
8757	2
8758	1
8759	1
8760	0
8761	1
8762	3
8763	3
8764	2
8765	1
8766	0
8767	0
8768	2
8769	0
8770	0
8771	2
8772	2
8773	0
8774	1
8775	0
8776	1
8777	2
8778	1
8779	2
8780	1
8781	0
8782	0
8783	1
8784	0
8785	1
8786	0
8787	1
8788	0
8789	3
8790	0
8791	2
8792	1
8793	1
8794	1
8795	3
8796	2
8797	2
8798	2
8799	0
8800	1
8801	1
8802	2
8803	2
8804	0
8805	0
8806	0
8807	1
8808	1
8809	1
8810	0
8811	1
8812	0
8813	2
8814	0
8815	2
8816	0
8817	2
8818	1
8819	3
8820	3
8821	0
8822	1
8823	0
8824	3
8825	1
8826	0
8827	3
8828	1
8829	1
8830	0
8831	2
8832	2
8833	0
8834	0
8835	2
8836	1
8837	0
8838	3
8839	4
8840	0
8841	2
8842	0
8843	0
8844	5
8845	0
8846	0
8847	0
8848	2
8849	3
8850	0
8851	2
8852	1
8853	3
8854	1
8855	0
8856	2
8857	0
8858	1
8859	3
8860	0
8861	0
8862	2
8863	0
8864	0
8865	0
8866	2
8867	1
8868	0
8869	2
8870	0
8871	0
8872	1
8873	0
8874	1
8875	3
8876	0
8877	0
8878	0
8879	0
8880	2
8881	1
8882	1
8883	0
8884	1
8885	1
8886	1
8887	1
8888	1
8889	1
8890	0
8891	1
8892	2
8893	1
8894	1
8895	1
8896	1
8897	0
8898	0
8899	0
8900	4
8901	0
8902	0
8903	3
8904	1
8905	0
8906	2
8907	1
8908	3
8909	2
8910	0
8911	3
8912	0
8913	1
8914	0
8915	0
8916	0
8917	1
8918	1
8919	1
8920	0
8921	1
8922	0
8923	0
8924	2
8925	1
8926	1
8927	2
8928	1
8929	0
8930	0
8931	0
8932	2
8933	0
8934	1
8935	0
8936	1
8937	2
8938	0
8939	3
8940	1
8941	0
8942	1
8943	4
8944	0
8945	0
8946	3
8947	0
8948	2
8949	0
8950	0
8951	1
8952	0
8953	1
8954	2
8955	0
8956	0
8957	0
8958	2
8959	1
8960	0
8961	2
8962	0
8963	1
8964	1
8965	3
8966	2
8967	1
8968	1
8969	0
8970	0
8971	2
8972	2
8973	0
8974	0
8975	1
8976	0
8977	0
8978	0
8979	2
8980	0
8981	0
8982	1
8983	0
8984	0
8985	0
8986	0
8987	0
8988	0
8989	0
8990	1
8991	1
8992	0
8993	1
8994	0
8995	0
8996	0
8997	1
8998	0
8999	1
9000	4
9001	1
9002	2
9003	1
9004	0
9005	5
9006	0
9007	0
9008	1
9009	0
9010	1
9011	0
9012	0
9013	1
9014	0
9015	1
9016	0
9017	0
9018	2
9019	0
9020	0
9021	4
9022	1
9023	0
9024	2
9025	2
9026	1
9027	1
9028	2
9029	0
9030	1
9031	0
9032	0
9033	1
9034	0
9035	1
9036	1
9037	1
9038	2
9039	0
9040	3
9041	4
9042	1
9043	1
9044	3
9045	2
9046	1
9047	0
9048	1
9049	0
9050	0
9051	0
9052	0
9053	1
9054	2
9055	0
9056	0
9057	0
9058	1
9059	0
9060	1
9061	1
9062	2
9063	0
9064	0
9065	0
9066	0
9067	2
9068	1
9069	0
9070	0
9071	0
9072	0
9073	1
9074	1
9075	2
9076	1
9077	1
9078	0
9079	0
9080	0
9081	0
9082	0
9083	1
9084	1
9085	0
9086	2
9087	2
9088	1
9089	0
9090	2
9091	0
9092	0
9093	0
9094	0
9095	1
9096	1
9097	0
9098	1
9099	0
9100	0
9101	0
9102	1
9103	0
9104	1
9105	0
9106	1
9107	2
9108	0
9109	0
9110	0
9111	2
9112	0
9113	1
9114	0
9115	1
9116	0
9117	0
9118	1
9119	0
9120	2
9121	0
9122	0
9123	0
9124	1
9125	2
9126	0
9127	1
9128	1
9129	2
9130	2
9131	1
9132	0
9133	0
9134	0
9135	1
9136	0
9137	0
9138	1
9139	0
9140	0
9141	0
9142	0
9143	1
9144	0
9145	1
9146	1
9147	1
9148	0
9149	0
9150	1
9151	0
9152	0
9153	0
9154	1
9155	0
9156	0
9157	1
9158	1
9159	0
9160	0
9161	0
9162	2
9163	1
9164	1
9165	0
9166	0
9167	1
9168	1
9169	0
9170	1
9171	3
9172	2
9173	0
9174	1
9175	1
9176	1
9177	0
9178	1
9179	0
9180	0
9181	1
9182	0
9183	0
9184	1
9185	0
9186	0
9187	1
9188	1
9189	2
9190	0
9191	0
9192	0
9193	2
9194	1
9195	2
9196	1
9197	0
9198	2
9199	1
9200	1
9201	0
9202	0
9203	0
9204	0
9205	0
9206	0
9207	1
9208	0
9209	0
9210	1
9211	2
9212	2
9213	1
9214	1
9215	1
9216	1
9217	0
9218	1
9219	0
9220	0
9221	2
9222	2
9223	0
9224	0
9225	0
9226	0
9227	1
9228	1
9229	2
9230	0
9231	0
9232	3
9233	0
9234	1
9235	1
9236	3
9237	1
9238	0
9239	0
9240	2
9241	1
9242	0
9243	2
9244	2
9245	0
9246	2
9247	1
9248	0
9249	0
9250	0
9251	2
9252	1
9253	1
9254	0
9255	1
9256	2
9257	1
9258	0
9259	1
9260	1
9261	1
9262	1
9263	1
9264	0
9265	2
9266	0
9267	0
9268	0
9269	0
9270	1
9271	1
9272	0
9273	1
9274	1
9275	0
9276	0
9277	1
9278	0
9279	1
9280	1
9281	1
9282	0
9283	1
9284	0
9285	0
9286	1
9287	1
9288	0
9289	0
9290	0
9291	1
9292	2
9293	0
9294	1
9295	0
9296	2
9297	1
9298	0
9299	0
9300	1
9301	2
9302	1
9303	0
9304	2
9305	0
9306	0
9307	1
9308	1
9309	2
9310	1
9311	0
9312	0
9313	1
9314	1
9315	1
9316	1
9317	1
9318	0
9319	0
9320	0
9321	1
9322	0
9323	1
9324	0
9325	0
9326	1
9327	1
9328	0
9329	0
9330	0
9331	0
9332	0
9333	0
9334	0
9335	2
9336	1
9337	1
9338	1
9339	0
9340	0
9341	0
9342	0
9343	0
9344	1
9345	0
9346	1
9347	0
9348	1
9349	0
9350	0
9351	0
9352	0
9353	1
9354	1
9355	0
9356	0
9357	1
9358	0
9359	0
9360	0
9361	0
9362	2
9363	0
9364	1
9365	1
9366	2
9367	0
9368	0
9369	1
9370	3
9371	1
9372	0
9373	1
9374	0
9375	0
9376	0
9377	2
9378	1
9379	2
9380	0
9381	0
9382	1
9383	0
9384	0
9385	1
9386	0
9387	1
9388	1
9389	0
9390	2
9391	1
9392	0
9393	0
9394	0
9395	0
9396	1
9397	2
9398	0
9399	0
9400	0
9401	0
9402	0
9403	1
9404	2
9405	0
9406	0
9407	0
9408	1
9409	0
9410	0
9411	1
9412	0
9413	2
9414	0
9415	0
9416	1
9417	0
9418	2
9419	0
9420	0
9421	1
9422	1
9423	0
9424	0
9425	0
9426	0
9427	0
9428	0
9429	0
9430	0
9431	0
9432	0
9433	1
9434	1
9435	0
9436	0
9437	3
9438	3
9439	1
9440	1
9441	0
9442	0
9443	0
9444	0
9445	1
9446	0
9447	0
9448	1
9449	1
9450	0
9451	0
9452	0
9453	1
9454	2
9455	0
9456	0
9457	0
9458	0
9459	1
9460	0
9461	1
9462	0
9463	1
9464	0
9465	1
9466	0
9467	1
9468	1
9469	1
9470	1
9471	1
9472	3
9473	2
9474	0
9475	0
9476	0
9477	0
9478	0
9479	1
9480	0
9481	1
9482	1
9483	1
9484	1
9485	0
9486	0
9487	0
9488	0
9489	0
9490	0
9491	1
9492	0
9493	2
9494	0
9495	1
9496	1
9497	2
9498	0
9499	0
9500	2
9501	0
9502	2
9503	2
9504	0
9505	1
9506	0
9507	1
9508	1
9509	0
9510	2
9511	4
9512	0
9513	1
9514	0
9515	1
9516	1
9517	0
9518	0
9519	0
9520	0
9521	1
9522	0
9523	0
9524	0
9525	0
9526	0
9527	0
9528	0
9529	1
9530	1
9531	0
9532	0
9533	0
9534	0
9535	0
9536	0
9537	1
9538	1
9539	2
9540	0
9541	0
9542	0
9543	0
9544	1
9545	1
9546	0
9547	0
9548	2
9549	2
9550	0
9551	0
9552	1
9553	1
9554	0
9555	0
9556	1
9557	0
9558	1
9559	0
9560	0
9561	3
9562	1
9563	0
9564	1
9565	0
9566	0
9567	3
9568	0
9569	0
9570	2
9571	0
9572	0
9573	0
9574	0
9575	0
9576	0
9577	0
9578	0
9579	1
9580	0
9581	0
9582	1
9583	0
9584	1
9585	0
9586	0
9587	1
9588	1
9589	0
9590	1
9591	0
9592	1
9593	2
9594	0
9595	1
9596	0
9597	1
9598	1
9599	0
9600	1
9601	1
9602	3
9603	1
9604	1
9605	1
9606	1
9607	0
9608	0
9609	0
9610	0
9611	0
9612	1
9613	0
9614	0
9615	1
9616	0
9617	2
9618	2
9619	1
9620	0
9621	0
9622	1
9623	1
9624	1
9625	0
9626	0
9627	0
9628	2
9629	3
9630	0
9631	2
9632	0
9633	1
9634	0
9635	0
9636	1
9637	1
9638	1
9639	3
9640	1
9641	2
9642	0
9643	1
9644	0
9645	1
9646	0
9647	0
9648	0
9649	3
9650	0
9651	1
9652	0
9653	0
9654	1
9655	0
9656	0
9657	2
9658	1
9659	1
9660	3
9661	1
9662	1
9663	1
9664	1
9665	0
9666	1
9667	1
9668	1
9669	0
9670	0
9671	0
9672	2
9673	0
9674	0
9675	1
9676	1
9677	0
9678	0
9679	1
9680	2
9681	1
9682	0
9683	0
9684	1
9685	0
9686	0
9687	1
9688	2
9689	1
9690	0
9691	0
9692	0
9693	1
9694	1
9695	1
9696	0
9697	0
9698	0
9699	1
9700	0
9701	1
9702	0
9703	1
9704	1
9705	0
9706	1
9707	0
9708	0
9709	1
9710	1
9711	1
9712	0
9713	0
9714	1
9715	1
9716	0
9717	1
9718	0
9719	1
9720	2
9721	1
9722	0
9723	0
9724	0
9725	0
9726	1
9727	2
9728	1
9729	0
9730	1
9731	0
9732	0
9733	0
9734	0
9735	0
9736	2
9737	1
9738	0
9739	1
9740	0
9741	2
9742	0
9743	0
9744	0
9745	0
9746	2
9747	2
9748	0
9749	1
9750	0
9751	0
9752	0
9753	1
9754	1
9755	1
9756	0
9757	0
9758	2
9759	1
9760	1
9761	0
9762	0
9763	1
9764	0
9765	1
9766	0
9767	0
9768	0
9769	1
9770	1
9771	1
9772	0
9773	2
9774	0
9775	2
9776	0
9777	0
9778	0
9779	0
9780	0
9781	1
9782	1
9783	0
9784	1
9785	0
9786	0
9787	0
9788	2
9789	1
9790	1
9791	2
9792	1
9793	0
9794	0
9795	0
9796	2
9797	0
9798	0
9799	1
9800	0
9801	0
9802	2
9803	1
9804	1
9805	0
9806	1
9807	0
9808	0
9809	0
9810	1
9811	0
9812	1
9813	0
9814	1
9815	1
9816	0
9817	0
9818	1
9819	0
9820	1
9821	1
9822	0
9823	0
9824	0
9825	0
9826	1
9827	1
9828	0
9829	1
9830	2
9831	1
9832	0
9833	1
9834	2
9835	1
9836	0
9837	1
9838	1
9839	2
9840	0
9841	0
9842	0
9843	1
9844	0
9845	0
9846	2
9847	1
9848	1
9849	1
9850	0
9851	1
9852	1
9853	0
9854	2
9855	0
9856	4
9857	0
9858	0
9859	2
9860	0
9861	0
9862	0
9863	1
9864	0
9865	2
9866	0
9867	0
9868	0
9869	0
9870	1
9871	0
9872	0
9873	1
9874	2
9875	1
9876	0
9877	0
9878	0
9879	2
9880	1
9881	1
9882	1
9883	0
9884	2
9885	2
9886	2
9887	0
9888	0
9889	0
9890	0
9891	1
9892	0
9893	1
9894	1
9895	0
9896	0
9897	0
9898	1
9899	1
9900	0
9901	1
9902	0
9903	1
9904	0
9905	1
9906	0
9907	0
9908	0
9909	0
9910	0
9911	1
9912	0
9913	0
9914	1
9915	1
9916	1
9917	1
9918	0
9919	1
9920	1
9921	2
9922	0
9923	0
9924	1
9925	1
9926	0
9927	0
9928	0
9929	0
9930	1
9931	0
9932	0
9933	2
9934	1
9935	0
9936	0
9937	1
9938	2
9939	2
9940	0
9941	0
9942	1
9943	0
9944	1
9945	0
9946	0
9947	0
9948	0
9949	0
9950	0
9951	0
9952	2
9953	1
9954	0
9955	0
9956	0
9957	0
9958	2
9959	0
9960	1
9961	0
9962	0
9963	0
9964	1
9965	1
9966	0
9967	0
9968	0
9969	0
9970	1
9971	0
9972	1
9973	1
9974	1
9975	2
9976	0
9977	0
9978	1
9979	0
9980	0
9981	1
9982	0
9983	1
9984	0
9985	1
9986	1
9987	1
9988	1
9989	0
9990	1
9991	0
9992	2
9993	0
9994	1
9995	0
9996	1
9997	1
9998	0
9999	0
10000	1
