1	602198502
2	47198300
3	31374996
4	21454433
5	13096973
6	7719936
7	4985320
8	3975583
9	3861145
10	4094004
11	4418311
12	4717540
13	4941997
14	5100857
15	5214395
16	5318189
17	5397847
18	5492331
19	5619352
20	5748059
21	5892164
22	6027074
23	6139689
24	6233439
25	6277182
26	6262981
27	6193105
28	6042962
29	5838834
30	5564890
31	5252754
32	4884415
33	4488381
34	4078611
35	3661571
36	3245102
37	2842644
38	2463956
39	2112041
40	1793645
41	1512942
42	1262473
43	1045417
44	861628
45	704428
46	575748
47	469543
48	380425
49	310037
50	253525
51	206620
52	169601
53	141459
54	119796
55	101115
56	87119
57	75249
58	66362
59	59760
60	53997
61	49666
62	45829
63	42354
64	39285
65	36782
66	34564
67	32732
68	31065
69	29469
70	28240
71	26200
72	25391
73	24276
74	23257
75	22554
76	21528
77	20751
78	20396
79	19400
80	19111
81	18175
82	17423
83	16845
84	16311
85	15768
86	15647
87	15240
88	14776
89	14404
90	13722
91	13466
92	13100
93	12769
94	12413
95	12502
96	12109
97	12026
98	11609
99	11505
100	11392
101	10734
102	10763
103	10431
104	10374
105	10088
106	9656
107	9590
108	9542
109	9387
110	9326
111	9074
112	8755
113	8770
114	8557
115	8433
116	8279
117	8233
118	8000
119	8044
120	8095
121	7931
122	7557
123	7427
124	7379
125	7050
126	7173
127	7030
128	6657
129	6714
130	6692
131	6515
132	6376
133	6140
134	6381
135	6289
136	6227
137	5971
138	5978
139	5814
140	5803
141	5793
142	5735
143	5560
144	5516
145	5401
146	5490
147	5342
148	5187
149	5106
150	5173
151	5102
152	4877
153	4806
154	4903
155	4786
156	4722
157	4719
158	4788
159	4735
160	4733
161	4688
162	4447
163	4457
164	4550
165	4501
166	4343
167	4211
168	4179
169	4162
170	4077
171	4193
172	4074
173	4068
174	4187
175	4124
176	4086
177	4107
178	4071
179	4014
180	3933
181	3760
182	3754
183	3681
184	3643
185	3560
186	3425
187	3503
188	3503
189	3493
190	3424
191	3357
192	3480
193	3356
194	3395
195	3446
196	3352
197	3336
198	3332
199	3381
200	3210
201	3355
202	3216
203	3074
204	3047
205	3057
206	3000
207	2888
208	3021
209	2911
210	2938
211	2891
212	2915
213	2830
214	2841
215	2814
216	2754
217	2783
218	2751
219	2609
220	2736
221	2639
222	2560
223	2590
224	2608
225	2571
226	2532
227	2515
228	2565
229	2594
230	2619
231	2528
232	2419
233	2594
234	2414
235	2403
236	2330
237	2406
238	2421
239	2258
240	2238
241	2240
242	2190
243	2257
244	2181
245	2181
246	2230
247	2115
248	2187
249	1968
250	1989
251	1998
252	1981
253	1929
254	1936
255	1900
256	1910
257	1845
258	1931
259	1894
260	1793
261	1843
262	1828
263	1823
264	1788
265	1807
266	1785
267	1718
268	1654
269	1656
270	1689
271	1746
272	1600
273	1581
274	1595
275	1565
276	1555
277	1523
278	1607
279	1544
280	1570
281	1517
282	1518
283	1518
284	1483
285	1496
286	1468
287	1388
288	1452
289	1434
290	1337
291	1380
292	1327
293	1361
294	1345
295	1349
296	1326
297	1303
298	1272
299	1263
300	1282
301	1366
302	1258
303	1281
304	1313
305	1270
306	1290
307	1253
308	1225
309	1260
310	1346
311	1206
312	1243
313	1187
314	1213
315	1197
316	1169
317	1165
318	1191
319	1173
320	1184
321	1247
322	1160
323	1161
324	1133
325	1116
326	1076
327	1166
328	1184
329	1097
330	1121
331	1074
332	1112
333	1168
334	1130
335	1057
336	1084
337	1138
338	1146
339	1031
340	1086
341	1013
342	1060
343	1081
344	1046
345	1073
346	1065
347	997
348	960
349	1020
350	972
351	964
352	973
353	978
354	968
355	985
356	1061
357	896
358	954
359	899
360	924
361	867
362	921
363	897
364	940
365	938
366	924
367	987
368	865
369	852
370	901
371	872
372	892
373	886
374	865
375	870
376	873
377	872
378	826
379	834
380	799
381	833
382	824
383	789
384	826
385	809
386	761
387	796
388	759
389	742
390	742
391	806
392	751
393	693
394	776
395	722
396	764
397	712
398	750
399	736
400	695
401	718
402	756
403	688
404	700
405	672
406	716
407	703
408	686
409	701
410	727
411	718
412	698
413	730
414	696
415	709
416	699
417	644
418	680
419	679
420	661
421	659
422	641
423	705
424	641
425	679
426	638
427	626
428	652
429	645
430	654
431	648
432	658
433	605
434	625
435	583
436	594
437	656
438	610
439	584
440	593
441	604
442	620
443	565
444	557
445	594
446	634
447	619
448	645
449	557
450	563
451	573
452	574
453	575
454	604
455	570
456	569
457	607
458	582
459	555
460	601
461	605
462	623
463	597
464	559
465	499
466	565
467	598
468	576
469	505
470	540
471	545
472	586
473	556
474	552
475	555
476	586
477	548
478	550
479	488
480	553
481	510
482	528
483	497
484	538
485	488
486	503
487	482
488	542
489	502
490	470
491	484
492	483
493	475
494	503
495	509
496	487
497	507
498	477
499	475
500	525
501	506
502	498
503	488
504	466
505	487
506	477
507	467
508	460
509	479
510	470
511	488
512	464
513	462
514	470
515	489
516	490
517	417
518	502
519	487
520	459
521	480
522	455
523	470
524	455
525	477
526	442
527	490
528	505
529	451
530	457
531	455
532	445
533	456
534	433
535	408
536	414
537	425
538	430
539	424
540	405
541	440
542	408
543	413
544	387
545	403
546	418
547	415
548	424
549	410
550	410
551	464
552	438
553	421
554	380
555	439
556	374
557	403
558	421
559	435
560	400
561	368
562	382
563	399
564	365
565	380
566	368
567	386
568	386
569	397
570	376
571	421
572	350
573	414
574	382
575	376
576	412
577	366
578	364
579	355
580	392
581	385
582	398
583	381
584	374
585	367
586	352
587	348
588	402
589	359
590	392
591	337
592	334
593	360
594	326
595	373
596	368
597	374
598	323
599	389
600	379
601	399
602	377
603	356
604	382
605	335
606	368
607	382
608	371
609	345
610	355
611	384
612	339
613	342
614	352
615	359
616	363
617	356
618	367
619	357
620	344
621	365
622	346
623	360
624	346
625	357
626	348
627	314
628	324
629	353
630	320
631	315
632	335
633	345
634	317
635	364
636	329
637	330
638	291
639	332
640	299
641	292
642	327
643	306
644	298
645	332
646	276
647	275
648	249
649	274
650	296
651	280
652	278
653	307
654	296
655	295
656	265
657	288
658	254
659	279
660	308
661	297
662	295
663	286
664	297
665	279
666	318
667	297
668	281
669	323
670	279
671	312
672	254
673	292
674	307
675	304
676	283
677	278
678	272
679	295
680	320
681	303
682	315
683	272
684	291
685	277
686	281
687	263
688	273
689	298
690	272
691	269
692	254
693	254
694	273
695	233
696	278
697	264
698	255
699	233
700	243
701	269
702	277
703	276
704	267
705	261
706	263
707	259
708	281
709	263
710	259
711	281
712	278
713	240
714	236
715	230
716	240
717	230
718	239
719	257
720	249
721	231
722	255
723	212
724	211
725	222
726	249
727	208
728	250
729	244
730	257
731	238
732	248
733	244
734	221
735	220
736	240
737	221
738	250
739	243
740	295
741	248
742	231
743	283
744	240
745	230
746	256
747	233
748	266
749	223
750	255
751	264
752	247
753	240
754	241
755	233
756	218
757	256
758	240
759	240
760	202
761	254
762	264
763	236
764	255
765	235
766	202
767	225
768	212
769	209
770	219
771	241
772	248
773	242
774	247
775	241
776	228
777	208
778	227
779	243
780	221
781	221
782	228
783	255
784	255
785	245
786	215
787	218
788	219
789	241
790	229
791	225
792	221
793	225
794	241
795	249
796	229
797	246
798	205
799	236
800	223
801	234
802	218
803	208
804	219
805	248
806	198
807	217
808	245
809	231
810	191
811	204
812	190
813	197
814	206
815	208
816	222
817	217
818	256
819	213
820	204
821	198
822	230
823	236
824	242
825	224
826	220
827	216
828	221
829	230
830	226
831	195
832	199
833	185
834	199
835	226
836	178
837	168
838	223
839	167
840	194
841	192
842	180
843	176
844	162
845	189
846	200
847	198
848	172
849	170
850	214
851	182
852	184
853	189
854	182
855	187
856	183
857	202
858	194
859	170
860	182
861	185
862	164
863	190
864	186
865	185
866	195
867	143
868	181
869	189
870	189
871	188
872	181
873	203
874	209
875	204
876	185
877	183
878	200
879	153
880	183
881	183
882	187
883	181
884	207
885	161
886	204
887	171
888	178
889	196
890	193
891	186
892	170
893	161
894	182
895	210
896	187
897	182
898	174
899	156
900	183
901	168
902	185
903	173
904	151
905	172
906	174
907	182
908	152
909	152
910	164
911	169
912	180
913	191
914	173
915	159
916	175
917	177
918	182
919	180
920	171
921	165
922	175
923	178
924	185
925	137
926	164
927	158
928	175
929	155
930	162
931	176
932	164
933	141
934	175
935	152
936	126
937	167
938	145
939	139
940	171
941	156
942	136
943	139
944	156
945	149
946	162
947	142
948	133
949	148
950	163
951	116
952	142
953	141
954	127
955	164
956	157
957	125
958	135
959	147
960	150
961	125
962	178
963	153
964	158
965	134
966	133
967	155
968	146
969	144
970	140
971	145
972	150
973	151
974	155
975	164
976	151
977	144
978	151
979	162
980	135
981	148
982	125
983	149
984	128
985	166
986	169
987	139
988	132
989	124
990	103
991	120
992	131
993	118
994	134
995	124
996	131
997	129
998	142
999	118
1000	130
1001	107
1002	142
1003	118
1004	110
1005	134
1006	139
1007	135
1008	121
1009	115
1010	124
1011	125
1012	147
1013	129
1014	116
1015	116
1016	104
1017	131
1018	109
1019	116
1020	104
1021	97
1022	115
1023	112
1024	93
1025	120
1026	108
1027	103
1028	117
1029	102
1030	116
1031	107
1032	127
1033	104
1034	114
1035	123
1036	103
1037	128
1038	109
1039	101
1040	103
1041	112
1042	101
1043	120
1044	105
1045	111
1046	112
1047	108
1048	107
1049	105
1050	102
1051	102
1052	122
1053	125
1054	137
1055	117
1056	118
1057	115
1058	116
1059	95
1060	144
1061	103
1062	104
1063	98
1064	107
1065	100
1066	106
1067	110
1068	109
1069	122
1070	100
1071	126
1072	97
1073	108
1074	109
1075	115
1076	112
1077	113
1078	109
1079	115
1080	110
1081	108
1082	106
1083	114
1084	108
1085	93
1086	137
1087	117
1088	140
1089	118
1090	103
1091	99
1092	100
1093	104
1094	119
1095	98
1096	114
1097	118
1098	110
1099	102
1100	102
1101	103
1102	108
1103	119
1104	93
1105	96
1106	101
1107	91
1108	95
1109	114
1110	101
1111	95
1112	92
1113	104
1114	77
1115	100
1116	104
1117	103
1118	109
1119	113
1120	118
1121	97
1122	121
1123	82
1124	113
1125	93
1126	106
1127	94
1128	107
1129	94
1130	102
1131	99
1132	93
1133	93
1134	91
1135	108
1136	109
1137	87
1138	102
1139	98
1140	87
1141	96
1142	91
1143	83
1144	106
1145	81
1146	91
1147	85
1148	87
1149	104
1150	87
1151	71
1152	82
1153	94
1154	94
1155	88
1156	92
1157	85
1158	95
1159	85
1160	91
1161	67
1162	85
1163	97
1164	83
1165	86
1166	87
1167	70
1168	89
1169	67
1170	91
1171	100
1172	66
1173	90
1174	74
1175	81
1176	80
1177	71
1178	81
1179	89
1180	80
1181	72
1182	82
1183	82
1184	100
1185	86
1186	94
1187	99
1188	82
1189	99
1190	77
1191	82
1192	83
1193	78
1194	71
1195	81
1196	79
1197	83
1198	80
1199	72
1200	73
1201	83
1202	79
1203	87
1204	88
1205	87
1206	77
1207	79
1208	83
1209	64
1210	83
1211	77
1212	84
1213	78
1214	81
1215	74
1216	69
1217	65
1218	77
1219	76
1220	99
1221	66
1222	78
1223	94
1224	98
1225	63
1226	70
1227	73
1228	77
1229	88
1230	76
1231	78
1232	76
1233	63
1234	76
1235	64
1236	77
1237	69
1238	63
1239	81
1240	72
1241	72
1242	71
1243	81
1244	89
1245	79
1246	70
1247	88
1248	67
1249	72
1250	69
1251	77
1252	66
1253	61
1254	72
1255	59
1256	73
1257	68
1258	74
1259	77
1260	68
1261	74
1262	62
1263	65
1264	68
1265	69
1266	61
1267	68
1268	65
1269	56
1270	71
1271	75
1272	84
1273	73
1274	63
1275	69
1276	68
1277	81
1278	72
1279	71
1280	77
1281	65
1282	71
1283	63
1284	76
1285	76
1286	75
1287	72
1288	73
1289	86
1290	60
1291	77
1292	67
1293	56
1294	76
1295	63
1296	65
1297	79
1298	64
1299	60
1300	79
1301	59
1302	60
1303	66
1304	81
1305	66
1306	65
1307	86
1308	59
1309	64
1310	54
1311	63
1312	67
1313	70
1314	54
1315	60
1316	75
1317	75
1318	69
1319	62
1320	59
1321	66
1322	61
1323	62
1324	66
1325	67
1326	77
1327	65
1328	69
1329	68
1330	65
1331	66
1332	62
1333	70
1334	57
1335	67
1336	56
1337	61
1338	73
1339	61
1340	72
1341	52
1342	72
1343	62
1344	61
1345	64
1346	83
1347	61
1348	64
1349	59
1350	76
1351	70
1352	74
1353	66
1354	65
1355	67
1356	73
1357	69
1358	60
1359	69
1360	65
1361	57
1362	64
1363	59
1364	68
1365	72
1366	76
1367	61
1368	55
1369	58
1370	73
1371	65
1372	57
1373	66
1374	77
1375	61
1376	58
1377	63
1378	76
1379	67
1380	57
1381	51
1382	56
1383	53
1384	64
1385	51
1386	73
1387	49
1388	58
1389	60
1390	52
1391	45
1392	53
1393	61
1394	54
1395	59
1396	76
1397	64
1398	59
1399	65
1400	49
1401	64
1402	60
1403	57
1404	53
1405	56
1406	60
1407	62
1408	54
1409	71
1410	54
1411	65
1412	51
1413	57
1414	64
1415	68
1416	53
1417	62
1418	60
1419	72
1420	66
1421	68
1422	55
1423	66
1424	62
1425	74
1426	63
1427	55
1428	75
1429	51
1430	69
1431	52
1432	67
1433	58
1434	65
1435	70
1436	50
1437	43
1438	55
1439	64
1440	68
1441	62
1442	59
1443	51
1444	52
1445	59
1446	50
1447	54
1448	55
1449	59
1450	67
1451	62
1452	63
1453	43
1454	61
1455	56
1456	46
1457	63
1458	44
1459	47
1460	49
1461	73
1462	42
1463	59
1464	44
1465	65
1466	63
1467	55
1468	61
1469	55
1470	66
1471	55
1472	73
1473	61
1474	54
1475	56
1476	49
1477	52
1478	55
1479	47
1480	46
1481	33
1482	61
1483	42
1484	53
1485	40
1486	51
1487	61
1488	41
1489	50
1490	61
1491	60
1492	52
1493	60
1494	48
1495	49
1496	56
1497	51
1498	52
1499	58
1500	65
1501	52
1502	59
1503	56
1504	47
1505	47
1506	41
1507	65
1508	53
1509	57
1510	52
1511	61
1512	57
1513	49
1514	60
1515	57
1516	60
1517	53
1518	55
1519	58
1520	48
1521	59
1522	73
1523	47
1524	44
1525	57
1526	39
1527	71
1528	54
1529	56
1530	62
1531	54
1532	42
1533	59
1534	49
1535	51
1536	58
1537	50
1538	60
1539	62
1540	41
1541	45
1542	42
1543	62
1544	53
1545	48
1546	53
1547	53
1548	57
1549	53
1550	55
1551	57
1552	48
1553	57
1554	59
1555	54
1556	56
1557	46
1558	45
1559	51
1560	61
1561	58
1562	59
1563	44
1564	52
1565	50
1566	54
1567	38
1568	47
1569	60
1570	62
1571	43
1572	62
1573	60
1574	43
1575	54
1576	50
1577	46
1578	42
1579	57
1580	40
1581	46
1582	48
1583	44
1584	43
1585	58
1586	56
1587	62
1588	56
1589	50
1590	51
1591	51
1592	57
1593	54
1594	55
1595	55
1596	45
1597	48
1598	63
1599	56
1600	47
1601	54
1602	56
1603	59
1604	78
1605	50
1606	60
1607	56
1608	64
1609	58
1610	65
1611	66
1612	57
1613	57
1614	40
1615	70
1616	48
1617	66
1618	54
1619	60
1620	54
1621	56
1622	63
1623	53
1624	64
1625	66
1626	48
1627	53
1628	50
1629	57
1630	60
1631	65
1632	39
1633	53
1634	50
1635	52
1636	42
1637	58
1638	57
1639	67
1640	60
1641	48
1642	53
1643	47
1644	63
1645	61
1646	58
1647	54
1648	41
1649	52
1650	53
1651	53
1652	52
1653	71
1654	50
1655	45
1656	41
1657	60
1658	61
1659	54
1660	45
1661	44
1662	52
1663	57
1664	45
1665	48
1666	47
1667	44
1668	55
1669	45
1670	39
1671	54
1672	38
1673	72
1674	51
1675	53
1676	44
1677	45
1678	44
1679	55
1680	45
1681	46
1682	45
1683	60
1684	53
1685	38
1686	41
1687	73
1688	40
1689	50
1690	46
1691	51
1692	57
1693	49
1694	55
1695	49
1696	55
1697	39
1698	57
1699	64
1700	49
1701	55
1702	50
1703	40
1704	69
1705	45
1706	47
1707	50
1708	53
1709	42
1710	51
1711	54
1712	53
1713	63
1714	48
1715	55
1716	45
1717	52
1718	51
1719	54
1720	50
1721	57
1722	37
1723	49
1724	46
1725	43
1726	34
1727	49
1728	45
1729	39
1730	41
1731	48
1732	49
1733	37
1734	41
1735	54
1736	44
1737	41
1738	43
1739	38
1740	43
1741	43
1742	42
1743	48
1744	47
1745	50
1746	46
1747	56
1748	39
1749	47
1750	38
1751	46
1752	48
1753	44
1754	63
1755	47
1756	42
1757	51
1758	52
1759	46
1760	47
1761	34
1762	69
1763	45
1764	53
1765	48
1766	50
1767	48
1768	52
1769	50
1770	51
1771	48
1772	46
1773	56
1774	46
1775	44
1776	43
1777	49
1778	44
1779	53
1780	45
1781	41
1782	46
1783	43
1784	41
1785	38
1786	39
1787	55
1788	35
1789	41
1790	50
1791	54
1792	55
1793	44
1794	43
1795	35
1796	47
1797	35
1798	39
1799	38
1800	46
1801	54
1802	44
1803	35
1804	36
1805	52
1806	35
1807	45
1808	45
1809	41
1810	45
1811	29
1812	41
1813	42
1814	42
1815	40
1816	44
1817	39
1818	39
1819	50
1820	34
1821	35
1822	45
1823	54
1824	44
1825	48
1826	42
1827	40
1828	37
1829	49
1830	28
1831	51
1832	49
1833	38
1834	45
1835	42
1836	48
1837	55
1838	51
1839	29
1840	37
1841	57
1842	44
1843	42
1844	48
1845	37
1846	52
1847	39
1848	40
1849	44
1850	53
1851	40
1852	43
1853	40
1854	39
1855	44
1856	43
1857	43
1858	41
1859	50
1860	38
1861	45
1862	46
1863	46
1864	43
1865	36
1866	44
1867	47
1868	53
1869	47
1870	54
1871	42
1872	54
1873	46
1874	42
1875	62
1876	39
1877	41
1878	54
1879	45
1880	33
1881	54
1882	48
1883	36
1884	37
1885	43
1886	43
1887	31
1888	38
1889	40
1890	36
1891	40
1892	36
1893	30
1894	43
1895	40
1896	41
1897	36
1898	43
1899	41
1900	39
1901	58
1902	61
1903	44
1904	44
1905	39
1906	37
1907	40
1908	42
1909	35
1910	34
1911	37
1912	55
1913	33
1914	42
1915	31
1916	32
1917	46
1918	42
1919	41
1920	35
1921	38
1922	38
1923	34
1924	30
1925	47
1926	51
1927	38
1928	40
1929	35
1930	45
1931	47
1932	38
1933	32
1934	60
1935	37
1936	38
1937	35
1938	28
1939	35
1940	42
1941	49
1942	42
1943	36
1944	48
1945	25
1946	39
1947	36
1948	51
1949	36
1950	37
1951	41
1952	37
1953	35
1954	45
1955	43
1956	40
1957	40
1958	45
1959	38
1960	41
1961	38
1962	35
1963	42
1964	35
1965	51
1966	34
1967	49
1968	45
1969	30
1970	37
1971	41
1972	39
1973	40
1974	33
1975	42
1976	32
1977	38
1978	39
1979	42
1980	39
1981	44
1982	42
1983	42
1984	34
1985	31
1986	33
1987	32
1988	38
1989	40
1990	30
1991	40
1992	35
1993	33
1994	28
1995	43
1996	25
1997	36
1998	35
1999	24
2000	45
2001	32
2002	34
2003	33
2004	46
2005	40
2006	33
2007	29
2008	46
2009	39
2010	39
2011	32
2012	24
2013	36
2014	45
2015	35
2016	33
2017	24
2018	36
2019	42
2020	36
2021	32
2022	37
2023	38
2024	36
2025	36
2026	45
2027	41
2028	42
2029	42
2030	45
2031	26
2032	33
2033	32
2034	48
2035	29
2036	34
2037	39
2038	44
2039	34
2040	41
2041	44
2042	33
2043	44
2044	48
2045	41
2046	39
2047	43
2048	40
2049	41
2050	33
2051	39
2052	45
2053	43
2054	45
2055	42
2056	35
2057	29
2058	36
2059	45
2060	44
2061	34
2062	49
2063	21
2064	28
2065	34
2066	39
2067	54
2068	42
2069	42
2070	37
2071	37
2072	45
2073	38
2074	33
2075	51
2076	41
2077	31
2078	42
2079	44
2080	48
2081	32
2082	42
2083	39
2084	35
2085	41
2086	41
2087	47
2088	35
2089	47
2090	26
2091	27
2092	42
2093	34
2094	36
2095	33
2096	45
2097	21
2098	39
2099	24
2100	48
2101	32
2102	33
2103	42
2104	39
2105	40
2106	38
2107	46
2108	41
2109	41
2110	34
2111	28
2112	37
2113	31
2114	40
2115	45
2116	32
2117	33
2118	33
2119	38
2120	34
2121	40
2122	39
2123	36
2124	40
2125	29
2126	33
2127	32
2128	41
2129	37
2130	30
2131	37
2132	25
2133	31
2134	34
2135	35
2136	29
2137	33
2138	39
2139	44
2140	26
2141	38
2142	24
2143	23
2144	33
2145	43
2146	39
2147	34
2148	25
2149	39
2150	27
2151	34
2152	31
2153	36
2154	42
2155	34
2156	36
2157	32
2158	35
2159	30
2160	36
2161	44
2162	32
2163	37
2164	45
2165	38
2166	36
2167	37
2168	40
2169	29
2170	38
2171	29
2172	38
2173	27
2174	34
2175	25
2176	37
2177	26
2178	30
2179	24
2180	39
2181	33
2182	41
2183	26
2184	25
2185	31
2186	32
2187	34
2188	32
2189	28
2190	31
2191	30
2192	34
2193	30
2194	32
2195	22
2196	31
2197	32
2198	30
2199	38
2200	25
2201	35
2202	32
2203	31
2204	30
2205	30
2206	35
2207	25
2208	19
2209	29
2210	30
2211	32
2212	33
2213	25
2214	30
2215	31
2216	37
2217	34
2218	21
2219	28
2220	37
2221	21
2222	37
2223	32
2224	41
2225	25
2226	30
2227	30
2228	26
2229	27
2230	32
2231	35
2232	37
2233	31
2234	25
2235	23
2236	35
2237	36
2238	40
2239	40
2240	36
2241	35
2242	44
2243	45
2244	35
2245	24
2246	33
2247	34
2248	36
2249	28
2250	40
2251	44
2252	30
2253	36
2254	20
2255	37
2256	36
2257	27
2258	38
2259	31
2260	40
2261	28
2262	33
2263	30
2264	37
2265	39
2266	27
2267	32
2268	26
2269	34
2270	29
2271	30
2272	36
2273	32
2274	33
2275	36
2276	32
2277	35
2278	40
2279	46
2280	28
2281	28
2282	37
2283	33
2284	29
2285	40
2286	39
2287	22
2288	33
2289	40
2290	33
2291	27
2292	36
2293	28
2294	37
2295	35
2296	35
2297	32
2298	30
2299	27
2300	33
2301	30
2302	42
2303	37
2304	24
2305	29
2306	39
2307	38
2308	40
2309	38
2310	30
2311	41
2312	32
2313	31
2314	43
2315	37
2316	35
2317	36
2318	37
2319	30
2320	41
2321	25
2322	35
2323	28
2324	33
2325	38
2326	32
2327	34
2328	34
2329	35
2330	37
2331	45
2332	44
2333	56
2334	44
2335	35
2336	45
2337	38
2338	36
2339	31
2340	37
2341	42
2342	27
2343	47
2344	34
2345	34
2346	41
2347	40
2348	35
2349	38
2350	41
2351	34
2352	34
2353	30
2354	31
2355	40
2356	30
2357	37
2358	37
2359	30
2360	29
2361	34
2362	32
2363	31
2364	37
2365	37
2366	30
2367	35
2368	28
2369	45
2370	33
2371	32
2372	29
2373	28
2374	35
2375	34
2376	34
2377	24
2378	32
2379	36
2380	31
2381	30
2382	38
2383	27
2384	28
2385	35
2386	26
2387	29
2388	36
2389	34
2390	28
2391	42
2392	39
2393	30
2394	33
2395	30
2396	30
2397	24
2398	29
2399	29
2400	38
2401	36
2402	40
2403	40
2404	45
2405	24
2406	25
2407	33
2408	40
2409	32
2410	44
2411	30
2412	30
2413	28
2414	47
2415	35
2416	33
2417	44
2418	20
2419	30
2420	36
2421	34
2422	32
2423	25
2424	41
2425	26
2426	29
2427	29
2428	32
2429	25
2430	29
2431	35
2432	28
2433	24
2434	27
2435	34
2436	29
2437	33
2438	29
2439	29
2440	40
2441	23
2442	33
2443	27
2444	28
2445	25
2446	29
2447	34
2448	22
2449	35
2450	23
2451	29
2452	30
2453	37
2454	34
2455	38
2456	31
2457	36
2458	38
2459	35
2460	38
2461	32
2462	26
2463	37
2464	26
2465	28
2466	42
2467	34
2468	33
2469	25
2470	28
2471	37
2472	33
2473	37
2474	35
2475	27
2476	24
2477	28
2478	29
2479	40
2480	19
2481	27
2482	42
2483	27
2484	29
2485	34
2486	36
2487	39
2488	28
2489	22
2490	49
2491	36
2492	31
2493	40
2494	28
2495	33
2496	47
2497	32
2498	27
2499	28
2500	34
2501	33
2502	32
2503	25
2504	32
2505	33
2506	38
2507	26
2508	29
2509	33
2510	34
2511	27
2512	33
2513	35
2514	31
2515	38
2516	30
2517	38
2518	27
2519	25
2520	30
2521	35
2522	43
2523	26
2524	36
2525	37
2526	32
2527	34
2528	32
2529	40
2530	33
2531	42
2532	40
2533	41
2534	35
2535	24
2536	38
2537	35
2538	28
2539	45
2540	36
2541	36
2542	29
2543	26
2544	23
2545	36
2546	35
2547	32
2548	26
2549	37
2550	29
2551	27
2552	39
2553	36
2554	37
2555	25
2556	33
2557	33
2558	30
2559	32
2560	38
2561	38
2562	25
2563	34
2564	32
2565	30
2566	37
2567	35
2568	31
2569	32
2570	29
2571	30
2572	46
2573	36
2574	25
2575	35
2576	29
2577	29
2578	40
2579	29
2580	30
2581	31
2582	44
2583	24
2584	33
2585	29
2586	28
2587	33
2588	36
2589	37
2590	43
2591	35
2592	21
2593	37
2594	28
2595	30
2596	39
2597	39
2598	35
2599	35
2600	28
2601	27
2602	31
2603	39
2604	31
2605	40
2606	33
2607	43
2608	40
2609	27
2610	36
2611	30
2612	32
2613	34
2614	34
2615	26
2616	24
2617	50
2618	33
2619	30
2620	32
2621	43
2622	29
2623	30
2624	25
2625	38
2626	38
2627	28
2628	35
2629	24
2630	29
2631	18
2632	35
2633	30
2634	31
2635	38
2636	33
2637	18
2638	21
2639	38
2640	27
2641	21
2642	27
2643	37
2644	24
2645	31
2646	29
2647	18
2648	27
2649	33
2650	30
2651	25
2652	23
2653	40
2654	30
2655	27
2656	22
2657	34
2658	27
2659	26
2660	25
2661	28
2662	27
2663	29
2664	31
2665	37
2666	28
2667	26
2668	34
2669	30
2670	32
2671	23
2672	30
2673	28
2674	26
2675	32
2676	30
2677	29
2678	25
2679	32
2680	25
2681	35
2682	39
2683	30
2684	35
2685	30
2686	33
2687	27
2688	31
2689	27
2690	33
2691	27
2692	28
2693	31
2694	28
2695	33
2696	20
2697	22
2698	26
2699	25
2700	29
2701	31
2702	35
2703	43
2704	37
2705	26
2706	30
2707	29
2708	28
2709	22
2710	27
2711	34
2712	25
2713	30
2714	34
2715	31
2716	27
2717	31
2718	23
2719	39
2720	37
2721	23
2722	28
2723	34
2724	30
2725	19
2726	25
2727	40
2728	27
2729	29
2730	31
2731	41
2732	34
2733	28
2734	33
2735	26
2736	26
2737	31
2738	20
2739	25
2740	30
2741	23
2742	28
2743	40
2744	26
2745	23
2746	29
2747	28
2748	36
2749	31
2750	36
2751	26
2752	35
2753	35
2754	26
2755	28
2756	39
2757	29
2758	31
2759	25
2760	32
2761	29
2762	28
2763	27
2764	29
2765	37
2766	34
2767	33
2768	26
2769	34
2770	21
2771	24
2772	31
2773	27
2774	32
2775	31
2776	26
2777	22
2778	36
2779	35
2780	26
2781	24
2782	24
2783	39
2784	18
2785	36
2786	35
2787	35
2788	29
2789	23
2790	34
2791	30
2792	26
2793	35
2794	33
2795	25
2796	22
2797	34
2798	34
2799	16
2800	30
2801	22
2802	24
2803	29
2804	38
2805	23
2806	23
2807	33
2808	22
2809	41
2810	23
2811	34
2812	25
2813	29
2814	28
2815	27
2816	31
2817	34
2818	28
2819	34
2820	33
2821	30
2822	33
2823	24
2824	20
2825	29
2826	33
2827	30
2828	25
2829	31
2830	24
2831	26
2832	22
2833	26
2834	29
2835	25
2836	23
2837	35
2838	29
2839	28
2840	29
2841	18
2842	22
2843	21
2844	26
2845	31
2846	25
2847	26
2848	27
2849	30
2850	38
2851	28
2852	25
2853	25
2854	30
2855	32
2856	27
2857	25
2858	15
2859	26
2860	21
2861	39
2862	32
2863	26
2864	22
2865	38
2866	30
2867	27
2868	27
2869	32
2870	20
2871	28
2872	27
2873	30
2874	22
2875	24
2876	24
2877	22
2878	19
2879	28
2880	30
2881	23
2882	15
2883	25
2884	26
2885	32
2886	24
2887	24
2888	21
2889	31
2890	33
2891	25
2892	26
2893	26
2894	26
2895	25
2896	17
2897	25
2898	24
2899	29
2900	24
2901	29
2902	26
2903	25
2904	23
2905	20
2906	23
2907	36
2908	29
2909	22
2910	19
2911	22
2912	31
2913	30
2914	23
2915	25
2916	33
2917	40
2918	19
2919	26
2920	23
2921	36
2922	28
2923	34
2924	23
2925	27
2926	29
2927	35
2928	21
2929	22
2930	27
2931	31
2932	27
2933	25
2934	27
2935	28
2936	27
2937	26
2938	18
2939	22
2940	21
2941	18
2942	26
2943	24
2944	19
2945	27
2946	19
2947	20
2948	23
2949	18
2950	21
2951	16
2952	21
2953	30
2954	23
2955	25
2956	36
2957	28
2958	25
2959	28
2960	27
2961	29
2962	28
2963	24
2964	20
2965	21
2966	27
2967	26
2968	11
2969	17
2970	25
2971	22
2972	23
2973	33
2974	22
2975	21
2976	25
2977	25
2978	24
2979	16
2980	32
2981	24
2982	42
2983	32
2984	26
2985	21
2986	34
2987	24
2988	24
2989	20
2990	23
2991	35
2992	23
2993	18
2994	22
2995	23
2996	24
2997	23
2998	34
2999	25
3000	19
3001	24
3002	16
3003	28
3004	31
3005	18
3006	20
3007	19
3008	21
3009	24
3010	20
3011	30
3012	15
3013	16
3014	21
3015	18
3016	18
3017	23
3018	20
3019	20
3020	25
3021	20
3022	19
3023	29
3024	25
3025	21
3026	18
3027	18
3028	17
3029	15
3030	32
3031	22
3032	17
3033	21
3034	28
3035	23
3036	22
3037	26
3038	23
3039	26
3040	24
3041	21
3042	23
3043	17
3044	20
3045	28
3046	24
3047	23
3048	18
3049	26
3050	29
3051	23
3052	23
3053	22
3054	26
3055	21
3056	24
3057	17
3058	28
3059	14
3060	27
3061	16
3062	22
3063	27
3064	24
3065	19
3066	19
3067	25
3068	18
3069	18
3070	26
3071	22
3072	24
3073	18
3074	25
3075	17
3076	26
3077	15
3078	17
3079	20
3080	20
3081	16
3082	27
3083	19
3084	27
3085	14
3086	17
3087	23
3088	27
3089	26
3090	28
3091	16
3092	24
3093	28
3094	13
3095	19
3096	23
3097	19
3098	35
3099	16
3100	25
3101	15
3102	24
3103	18
3104	22
3105	20
3106	29
3107	24
3108	22
3109	18
3110	20
3111	22
3112	16
3113	35
3114	23
3115	18
3116	26
3117	18
3118	22
3119	22
3120	20
3121	22
3122	26
3123	21
3124	21
3125	20
3126	13
3127	26
3128	16
3129	17
3130	29
3131	28
3132	31
3133	26
3134	18
3135	19
3136	23
3137	16
3138	20
3139	24
3140	31
3141	17
3142	19
3143	22
3144	19
3145	32
3146	28
3147	20
3148	26
3149	13
3150	21
3151	28
3152	28
3153	17
3154	25
3155	26
3156	25
3157	32
3158	25
3159	19
3160	24
3161	21
3162	14
3163	21
3164	26
3165	20
3166	30
3167	24
3168	21
3169	23
3170	27
3171	20
3172	14
3173	17
3174	12
3175	30
3176	18
3177	15
3178	20
3179	31
3180	21
3181	19
3182	23
3183	23
3184	28
3185	17
3186	27
3187	13
3188	15
3189	21
3190	25
3191	16
3192	9
3193	27
3194	19
3195	21
3196	11
3197	20
3198	23
3199	22
3200	15
3201	19
3202	24
3203	23
3204	17
3205	17
3206	16
3207	23
3208	27
3209	34
3210	23
3211	21
3212	18
3213	20
3214	20
3215	10
3216	22
3217	13
3218	24
3219	22
3220	16
3221	22
3222	20
3223	30
3224	18
3225	17
3226	18
3227	21
3228	18
3229	20
3230	18
3231	16
3232	19
3233	23
3234	14
3235	13
3236	18
3237	18
3238	23
3239	22
3240	18
3241	7
3242	11
3243	19
3244	24
3245	15
3246	19
3247	29
3248	18
3249	20
3250	21
3251	17
3252	15
3253	33
3254	16
3255	18
3256	17
3257	30
3258	19
3259	24
3260	20
3261	23
3262	18
3263	20
3264	18
3265	22
3266	21
3267	26
3268	24
3269	19
3270	22
3271	22
3272	19
3273	24
3274	21
3275	21
3276	24
3277	15
3278	19
3279	20
3280	27
3281	17
3282	15
3283	22
3284	26
3285	21
3286	16
3287	14
3288	19
3289	14
3290	28
3291	18
3292	19
3293	16
3294	24
3295	18
3296	21
3297	20
3298	13
3299	14
3300	20
3301	20
3302	22
3303	20
3304	13
3305	18
3306	17
3307	17
3308	18
3309	19
3310	15
3311	23
3312	14
3313	19
3314	21
3315	22
3316	17
3317	14
3318	17
3319	20
3320	16
3321	24
3322	32
3323	15
3324	9
3325	20
3326	11
3327	24
3328	17
3329	25
3330	25
3331	17
3332	20
3333	11
3334	19
3335	18
3336	11
3337	25
3338	15
3339	20
3340	18
3341	18
3342	22
3343	31
3344	20
3345	15
3346	22
3347	22
3348	12
3349	17
3350	17
3351	17
3352	14
3353	25
3354	17
3355	20
3356	13
3357	18
3358	17
3359	6
3360	17
3361	15
3362	14
3363	12
3364	13
3365	10
3366	17
3367	19
3368	21
3369	22
3370	15
3371	14
3372	19
3373	12
3374	15
3375	12
3376	15
3377	18
3378	12
3379	13
3380	22
3381	15
3382	8
3383	17
3384	20
3385	11
3386	16
3387	13
3388	22
3389	18
3390	8
3391	20
3392	18
3393	15
3394	12
3395	18
3396	13
3397	17
3398	22
3399	13
3400	12
3401	14
3402	10
3403	17
3404	11
3405	15
3406	16
3407	10
3408	15
3409	11
3410	20
3411	15
3412	23
3413	11
3414	11
3415	17
3416	16
3417	14
3418	19
3419	13
3420	19
3421	20
3422	19
3423	14
3424	14
3425	15
3426	22
3427	17
3428	8
3429	13
3430	11
3431	19
3432	11
3433	21
3434	13
3435	18
3436	7
3437	12
3438	20
3439	18
3440	21
3441	14
3442	11
3443	15
3444	18
3445	11
3446	15
3447	18
3448	16
3449	15
3450	14
3451	22
3452	14
3453	18
3454	8
3455	14
3456	16
3457	19
3458	7
3459	19
3460	23
3461	22
3462	18
3463	17
3464	17
3465	23
3466	14
3467	15
3468	12
3469	15
3470	14
3471	11
3472	9
3473	12
3474	20
3475	14
3476	12
3477	11
3478	9
3479	11
3480	14
3481	22
3482	21
3483	21
3484	17
3485	11
3486	16
3487	16
3488	8
3489	17
3490	12
3491	11
3492	14
3493	9
3494	16
3495	17
3496	10
3497	11
3498	13
3499	15
3500	25
3501	20
3502	14
3503	18
3504	10
3505	10
3506	19
3507	15
3508	16
3509	17
3510	17
3511	15
3512	22
3513	15
3514	15
3515	12
3516	12
3517	20
3518	11
3519	11
3520	7
3521	14
3522	15
3523	10
3524	14
3525	14
3526	7
3527	15
3528	11
3529	10
3530	11
3531	14
3532	10
3533	14
3534	17
3535	10
3536	21
3537	15
3538	12
3539	14
3540	8
3541	7
3542	14
3543	15
3544	11
3545	19
3546	13
3547	12
3548	8
3549	8
3550	15
3551	18
3552	12
3553	16
3554	14
3555	17
3556	16
3557	11
3558	14
3559	17
3560	14
3561	11
3562	6
3563	16
3564	13
3565	20
3566	10
3567	14
3568	13
3569	18
3570	9
3571	15
3572	11
3573	12
3574	11
3575	8
3576	16
3577	15
3578	20
3579	12
3580	13
3581	15
3582	19
3583	12
3584	18
3585	15
3586	14
3587	18
3588	17
3589	16
3590	14
3591	16
3592	17
3593	13
3594	12
3595	16
3596	9
3597	12
3598	16
3599	10
3600	14
3601	11
3602	10
3603	9
3604	14
3605	18
3606	11
3607	15
3608	20
3609	9
3610	11
3611	15
3612	9
3613	10
3614	10
3615	16
3616	11
3617	16
3618	17
3619	15
3620	13
3621	11
3622	21
3623	18
3624	9
3625	17
3626	14
3627	12
3628	11
3629	16
3630	15
3631	9
3632	13
3633	18
3634	18
3635	12
3636	15
3637	14
3638	18
3639	12
3640	17
3641	17
3642	12
3643	11
3644	18
3645	9
3646	14
3647	15
3648	15
3649	17
3650	20
3651	14
3652	10
3653	16
3654	19
3655	16
3656	19
3657	13
3658	11
3659	24
3660	24
3661	17
3662	12
3663	14
3664	13
3665	15
3666	20
3667	13
3668	17
3669	19
3670	15
3671	10
3672	13
3673	16
3674	9
3675	11
3676	17
3677	10
3678	18
3679	18
3680	11
3681	10
3682	15
3683	12
3684	9
3685	21
3686	20
3687	17
3688	16
3689	18
3690	17
3691	9
3692	16
3693	10
3694	8
3695	19
3696	13
3697	12
3698	13
3699	10
3700	11
3701	17
3702	16
3703	12
3704	17
3705	13
3706	14
3707	16
3708	19
3709	12
3710	17
3711	15
3712	12
3713	15
3714	28
3715	18
3716	17
3717	14
3718	21
3719	20
3720	12
3721	11
3722	15
3723	11
3724	17
3725	17
3726	17
3727	22
3728	9
3729	14
3730	11
3731	12
3732	9
3733	13
3734	21
3735	14
3736	10
3737	13
3738	11
3739	12
3740	15
3741	8
3742	15
3743	13
3744	11
3745	19
3746	16
3747	16
3748	17
3749	20
3750	18
3751	9
3752	18
3753	15
3754	14
3755	12
3756	15
3757	18
3758	14
3759	13
3760	10
3761	15
3762	16
3763	14
3764	10
3765	20
3766	15
3767	15
3768	17
3769	8
3770	12
3771	12
3772	22
3773	15
3774	14
3775	17
3776	14
3777	14
3778	21
3779	15
3780	11
3781	12
3782	14
3783	23
3784	14
3785	13
3786	14
3787	18
3788	12
3789	15
3790	16
3791	10
3792	16
3793	16
3794	15
3795	11
3796	13
3797	14
3798	13
3799	11
3800	18
3801	11
3802	15
3803	16
3804	11
3805	16
3806	10
3807	13
3808	14
3809	25
3810	14
3811	13
3812	15
3813	16
3814	12
3815	11
3816	11
3817	13
3818	10
3819	13
3820	17
3821	21
3822	10
3823	17
3824	13
3825	11
3826	12
3827	8
3828	17
3829	6
3830	14
3831	10
3832	9
3833	11
3834	12
3835	17
3836	18
3837	5
3838	15
3839	12
3840	11
3841	11
3842	9
3843	12
3844	14
3845	11
3846	7
3847	12
3848	19
3849	10
3850	15
3851	17
3852	18
3853	7
3854	12
3855	15
3856	13
3857	14
3858	8
3859	8
3860	11
3861	8
3862	8
3863	11
3864	12
3865	16
3866	17
3867	13
3868	12
3869	13
3870	13
3871	18
3872	9
3873	13
3874	17
3875	9
3876	10
3877	10
3878	12
3879	9
3880	15
3881	6
3882	15
3883	12
3884	7
3885	7
3886	11
3887	8
3888	7
3889	4
3890	13
3891	13
3892	13
3893	8
3894	10
3895	15
3896	10
3897	14
3898	9
3899	7
3900	13
3901	11
3902	8
3903	11
3904	9
3905	16
3906	9
3907	11
3908	6
3909	14
3910	17
3911	16
3912	7
3913	13
3914	18
3915	12
3916	15
3917	16
3918	13
3919	8
3920	10
3921	19
3922	9
3923	21
3924	14
3925	8
3926	18
3927	10
3928	9
3929	19
3930	7
3931	13
3932	15
3933	16
3934	8
3935	14
3936	9
3937	11
3938	20
3939	16
3940	8
3941	14
3942	11
3943	8
3944	9
3945	10
3946	19
3947	12
3948	23
3949	17
3950	7
3951	12
3952	14
3953	8
3954	11
3955	19
3956	17
3957	18
3958	13
3959	11
3960	19
3961	15
3962	11
3963	17
3964	13
3965	9
3966	12
3967	11
3968	12
3969	11
3970	8
3971	13
3972	9
3973	10
3974	22
3975	11
3976	15
3977	12
3978	9
3979	12
3980	15
3981	9
3982	14
3983	18
3984	12
3985	13
3986	8
3987	17
3988	13
3989	15
3990	13
3991	13
3992	14
3993	15
3994	11
3995	12
3996	9
3997	19
3998	16
3999	12
4000	21
4001	8
4002	10
4003	19
4004	12
4005	10
4006	12
4007	11
4008	23
4009	5
4010	17
4011	14
4012	12
4013	17
4014	17
4015	8
4016	11
4017	14
4018	7
4019	8
4020	16
4021	7
4022	13
4023	6
4024	15
4025	15
4026	10
4027	5
4028	7
4029	13
4030	15
4031	11
4032	11
4033	6
4034	8
4035	8
4036	14
4037	10
4038	9
4039	10
4040	7
4041	5
4042	11
4043	10
4044	12
4045	10
4046	10
4047	7
4048	15
4049	6
4050	12
4051	11
4052	8
4053	14
4054	13
4055	12
4056	15
4057	10
4058	8
4059	7
4060	9
4061	12
4062	13
4063	18
4064	11
4065	15
4066	15
4067	12
4068	12
4069	7
4070	12
4071	12
4072	9
4073	10
4074	13
4075	7
4076	10
4077	14
4078	10
4079	8
4080	14
4081	10
4082	13
4083	12
4084	8
4085	9
4086	8
4087	13
4088	12
4089	8
4090	19
4091	11
4092	11
4093	8
4094	13
4095	7
4096	10
4097	9
4098	10
4099	12
4100	9
4101	12
4102	9
4103	9
4104	10
4105	12
4106	14
4107	14
4108	10
4109	8
4110	11
4111	7
4112	13
4113	17
4114	5
4115	12
4116	9
4117	11
4118	18
4119	7
4120	9
4121	7
4122	6
4123	4
4124	8
4125	10
4126	7
4127	7
4128	9
4129	12
4130	18
4131	18
4132	8
4133	7
4134	12
4135	12
4136	12
4137	14
4138	9
4139	10
4140	11
4141	11
4142	7
4143	12
4144	12
4145	15
4146	12
4147	10
4148	8
4149	11
4150	14
4151	14
4152	10
4153	12
4154	10
4155	4
4156	5
4157	11
4158	7
4159	8
4160	15
4161	6
4162	6
4163	9
4164	10
4165	7
4166	7
4167	10
4168	10
4169	10
4170	13
4171	6
4172	8
4173	11
4174	10
4175	8
4176	3
4177	11
4178	8
4179	7
4180	10
4181	5
4182	9
4183	8
4184	9
4185	10
4186	12
4187	8
4188	4
4189	13
4190	9
4191	8
4192	13
4193	12
4194	14
4195	5
4196	5
4197	8
4198	9
4199	7
4200	11
4201	11
4202	7
4203	9
4204	12
4205	5
4206	6
4207	4
4208	9
4209	7
4210	10
4211	9
4212	5
4213	17
4214	11
4215	9
4216	4
4217	6
4218	10
4219	6
4220	4
4221	9
4222	4
4223	11
4224	10
4225	7
4226	5
4227	10
4228	2
4229	10
4230	4
4231	6
4232	6
4233	8
4234	7
4235	10
4236	8
4237	13
4238	6
4239	6
4240	13
4241	11
4242	9
4243	10
4244	9
4245	11
4246	7
4247	10
4248	9
4249	5
4250	7
4251	7
4252	3
4253	3
4254	6
4255	5
4256	9
4257	5
4258	6
4259	11
4260	8
4261	9
4262	9
4263	8
4264	12
4265	9
4266	10
4267	7
4268	9
4269	12
4270	5
4271	11
4272	9
4273	8
4274	7
4275	13
4276	9
4277	5
4278	5
4279	6
4280	9
4281	5
4282	7
4283	7
4284	5
4285	5
4286	7
4287	10
4288	9
4289	8
4290	7
4291	9
4292	11
4293	14
4294	12
4295	8
4296	8
4297	9
4298	6
4299	9
4300	11
4301	7
4302	5
4303	4
4304	12
4305	11
4306	6
4307	11
4308	9
4309	11
4310	6
4311	6
4312	11
4313	11
4314	7
4315	6
4316	5
4317	7
4318	10
4319	8
4320	4
4321	10
4322	7
4323	17
4324	4
4325	8
4326	8
4327	9
4328	8
4329	5
4330	10
4331	7
4332	11
4333	7
4334	10
4335	9
4336	5
4337	13
4338	6
4339	8
4340	5
4341	12
4342	7
4343	13
4344	9
4345	7
4346	6
4347	10
4348	5
4349	8
4350	8
4351	11
4352	14
4353	10
4354	2
4355	14
4356	8
4357	9
4358	14
4359	9
4360	5
4361	9
4362	9
4363	11
4364	6
4365	6
4366	8
4367	5
4368	10
4369	14
4370	5
4371	13
4372	12
4373	11
4374	14
4375	10
4376	9
4377	12
4378	13
4379	9
4380	6
4381	5
4382	8
4383	5
4384	11
4385	18
4386	8
4387	16
4388	10
4389	8
4390	8
4391	9
4392	7
4393	9
4394	6
4395	12
4396	13
4397	7
4398	1
4399	9
4400	12
4401	6
4402	10
4403	10
4404	18
4405	10
4406	12
4407	8
4408	3
4409	6
4410	12
4411	8
4412	9
4413	9
4414	8
4415	8
4416	3
4417	9
4418	8
4419	5
4420	1
4421	8
4422	9
4423	8
4424	9
4425	9
4426	7
4427	12
4428	3
4429	6
4430	9
4431	9
4432	11
4433	12
4434	5
4435	8
4436	9
4437	8
4438	10
4439	9
4440	6
4441	9
4442	14
4443	9
4444	15
4445	14
4446	5
4447	8
4448	13
4449	13
4450	9
4451	8
4452	13
4453	13
4454	5
4455	15
4456	11
4457	10
4458	9
4459	13
4460	15
4461	8
4462	9
4463	11
4464	17
4465	11
4466	15
4467	9
4468	10
4469	10
4470	9
4471	12
4472	15
4473	5
4474	10
4475	10
4476	6
4477	6
4478	12
4479	8
4480	14
4481	5
4482	8
4483	13
4484	12
4485	11
4486	9
4487	15
4488	11
4489	9
4490	17
4491	7
4492	11
4493	15
4494	10
4495	7
4496	10
4497	6
4498	10
4499	9
4500	2
4501	6
4502	10
4503	10
4504	9
4505	12
4506	6
4507	9
4508	7
4509	8
4510	15
4511	11
4512	6
4513	7
4514	8
4515	8
4516	11
4517	6
4518	8
4519	9
4520	7
4521	10
4522	11
4523	9
4524	10
4525	12
4526	8
4527	8
4528	13
4529	12
4530	6
4531	10
4532	12
4533	9
4534	13
4535	11
4536	11
4537	4
4538	10
4539	9
4540	7
4541	10
4542	7
4543	15
4544	7
4545	8
4546	10
4547	9
4548	9
4549	10
4550	12
4551	11
4552	9
4553	15
4554	7
4555	13
4556	12
4557	5
4558	5
4559	9
4560	13
4561	11
4562	5
4563	7
4564	10
4565	9
4566	10
4567	5
4568	9
4569	8
4570	8
4571	6
4572	9
4573	4
4574	9
4575	6
4576	11
4577	5
4578	10
4579	4
4580	7
4581	8
4582	8
4583	10
4584	15
4585	8
4586	7
4587	11
4588	12
4589	9
4590	7
4591	10
4592	12
4593	9
4594	11
4595	6
4596	5
4597	11
4598	6
4599	6
4600	9
4601	5
4602	12
4603	5
4604	7
4605	11
4606	7
4607	7
4608	6
4609	13
4610	8
4611	7
4612	13
4613	9
4614	7
4615	7
4616	10
4617	9
4618	10
4619	4
4620	13
4621	11
4622	11
4623	8
4624	8
4625	16
4626	9
4627	15
4628	6
4629	8
4630	4
4631	3
4632	10
4633	6
4634	10
4635	5
4636	12
4637	13
4638	7
4639	11
4640	12
4641	6
4642	9
4643	9
4644	4
4645	11
4646	6
4647	14
4648	14
4649	9
4650	12
4651	9
4652	11
4653	5
4654	14
4655	11
4656	13
4657	16
4658	10
4659	9
4660	5
4661	17
4662	13
4663	9
4664	8
4665	15
4666	11
4667	11
4668	10
4669	6
4670	8
4671	5
4672	8
4673	9
4674	6
4675	10
4676	16
4677	15
4678	11
4679	8
4680	8
4681	11
4682	12
4683	12
4684	14
4685	4
4686	12
4687	9
4688	17
4689	11
4690	7
4691	6
4692	13
4693	13
4694	7
4695	7
4696	11
4697	9
4698	10
4699	12
4700	13
4701	16
4702	11
4703	10
4704	5
4705	13
4706	11
4707	9
4708	9
4709	13
4710	7
4711	16
4712	10
4713	15
4714	9
4715	16
4716	12
4717	15
4718	6
4719	10
4720	10
4721	14
4722	12
4723	11
4724	7
4725	16
4726	9
4727	5
4728	10
4729	13
4730	6
4731	7
4732	12
4733	12
4734	16
4735	20
4736	5
4737	10
4738	11
4739	10
4740	9
4741	10
4742	9
4743	7
4744	6
4745	11
4746	6
4747	8
4748	8
4749	7
4750	5
4751	15
4752	3
4753	11
4754	8
4755	8
4756	4
4757	7
4758	10
4759	7
4760	15
4761	14
4762	8
4763	9
4764	6
4765	12
4766	3
4767	14
4768	3
4769	6
4770	9
4771	7
4772	9
4773	10
4774	8
4775	17
4776	6
4777	11
4778	7
4779	3
4780	14
4781	2
4782	11
4783	11
4784	7
4785	8
4786	11
4787	8
4788	11
4789	5
4790	14
4791	8
4792	10
4793	15
4794	7
4795	13
4796	13
4797	9
4798	6
4799	7
4800	10
4801	9
4802	8
4803	16
4804	8
4805	13
4806	17
4807	12
4808	11
4809	5
4810	5
4811	16
4812	8
4813	8
4814	4
4815	10
4816	11
4817	7
4818	9
4819	8
4820	10
4821	12
4822	11
4823	12
4824	14
4825	3
4826	9
4827	14
4828	7
4829	13
4830	10
4831	17
4832	16
4833	16
4834	7
4835	8
4836	12
4837	10
4838	10
4839	18
4840	11
4841	5
4842	10
4843	5
4844	6
4845	11
4846	6
4847	9
4848	2
4849	12
4850	9
4851	12
4852	8
4853	11
4854	8
4855	13
4856	14
4857	8
4858	18
4859	1
4860	10
4861	14
4862	10
4863	16
4864	9
4865	11
4866	11
4867	13
4868	8
4869	8
4870	9
4871	14
4872	19
4873	11
4874	11
4875	9
4876	11
4877	8
4878	19
4879	7
4880	17
4881	15
4882	13
4883	11
4884	7
4885	12
4886	15
4887	14
4888	9
4889	10
4890	7
4891	6
4892	9
4893	13
4894	14
4895	8
4896	13
4897	11
4898	9
4899	10
4900	7
4901	12
4902	7
4903	6
4904	10
4905	6
4906	10
4907	10
4908	11
4909	9
4910	7
4911	9
4912	15
4913	10
4914	16
4915	9
4916	12
4917	8
4918	14
4919	9
4920	12
4921	17
4922	8
4923	17
4924	12
4925	4
4926	13
4927	8
4928	4
4929	10
4930	4
4931	10
4932	11
4933	9
4934	4
4935	9
4936	6
4937	8
4938	10
4939	9
4940	8
4941	8
4942	9
4943	7
4944	10
4945	10
4946	4
4947	8
4948	10
4949	10
4950	8
4951	7
4952	8
4953	9
4954	8
4955	6
4956	6
4957	7
4958	7
4959	6
4960	7
4961	9
4962	11
4963	3
4964	4
4965	4
4966	8
4967	2
4968	8
4969	11
4970	5
4971	10
4972	11
4973	5
4974	11
4975	9
4976	7
4977	6
4978	8
4979	6
4980	7
4981	13
4982	5
4983	9
4984	5
4985	8
4986	7
4987	5
4988	7
4989	3
4990	11
4991	8
4992	4
4993	8
4994	5
4995	5
4996	7
4997	10
4998	7
4999	3
5000	5
5001	4
5002	3
5003	5
5004	8
5005	10
5006	7
5007	10
5008	12
5009	5
5010	5
5011	10
5012	9
5013	4
5014	8
5015	11
5016	4
5017	4
5018	7
5019	5
5020	8
5021	6
5022	12
5023	3
5024	11
5025	11
5026	6
5027	9
5028	6
5029	8
5030	7
5031	10
5032	8
5033	11
5034	10
5035	7
5036	5
5037	8
5038	7
5039	7
5040	3
5041	7
5042	9
5043	10
5044	9
5045	11
5046	4
5047	4
5048	6
5049	11
5050	6
5051	8
5052	16
5053	13
5054	5
5055	9
5056	4
5057	8
5058	8
5059	9
5060	6
5061	9
5062	6
5063	7
5064	8
5065	4
5066	9
5067	7
5068	8
5069	7
5070	8
5071	6
5072	9
5073	6
5074	9
5075	13
5076	8
5077	4
5078	7
5079	12
5080	8
5081	4
5082	8
5083	7
5084	6
5085	9
5086	5
5087	9
5088	4
5089	6
5090	4
5091	4
5092	5
5093	10
5094	13
5095	10
5096	13
5097	4
5098	3
5099	5
5100	6
5101	4
5102	9
5103	3
5104	5
5105	6
5106	3
5107	14
5108	8
5109	10
5110	9
5111	7
5112	10
5113	7
5114	3
5115	3
5116	11
5117	5
5118	12
5119	6
5120	9
5121	9
5122	9
5123	4
5124	10
5125	9
5126	7
5127	10
5128	5
5129	8
5130	10
5131	6
5132	11
5133	5
5134	4
5135	7
5136	13
5137	9
5138	11
5139	7
5140	9
5141	5
5142	10
5143	6
5144	5
5145	8
5146	6
5147	6
5148	8
5149	6
5150	5
5151	10
5152	8
5153	8
5154	8
5155	4
5156	13
5157	4
5158	4
5159	6
5160	11
5161	9
5162	6
5163	6
5164	9
5165	6
5166	8
5167	10
5168	10
5169	3
5170	5
5171	3
5172	9
5173	5
5174	9
5175	9
5176	7
5177	12
5178	4
5179	2
5180	4
5181	5
5182	6
5183	8
5184	8
5185	10
5186	10
5187	6
5188	7
5189	4
5190	4
5191	7
5192	5
5193	8
5194	8
5195	5
5196	3
5197	9
5198	8
5199	5
5200	7
5201	8
5202	5
5203	7
5204	9
5205	8
5206	11
5207	3
5208	6
5209	7
5210	4
5211	5
5212	3
5213	6
5214	9
5215	8
5216	7
5217	6
5218	10
5219	2
5220	10
5221	8
5222	4
5223	7
5224	6
5225	3
5226	7
5227	7
5228	10
5229	8
5230	9
5231	7
5232	7
5233	5
5234	6
5235	8
5236	10
5237	11
5238	10
5239	9
5240	6
5241	9
5242	7
5243	10
5244	6
5245	10
5246	5
5247	5
5248	8
5249	11
5250	6
5251	6
5252	4
5253	9
5254	7
5255	4
5256	5
5257	8
5258	6
5259	8
5260	9
5261	9
5262	4
5263	6
5264	3
5265	8
5266	7
5267	10
5268	1
5269	8
5270	1
5271	5
5272	4
5273	5
5274	9
5275	5
5276	5
5277	5
5278	3
5279	8
5280	3
5281	2
5282	7
5283	5
5284	2
5285	3
5286	5
5287	6
5288	6
5289	8
5290	8
5291	7
5292	4
5293	9
5294	3
5295	14
5296	6
5297	5
5298	6
5299	4
5300	6
5301	7
5302	8
5303	6
5304	3
5305	2
5306	8
5307	8
5308	6
5309	4
5310	7
5311	9
5312	8
5313	7
5314	7
5315	6
5316	2
5317	4
5318	7
5319	8
5320	6
5321	5
5322	4
5323	8
5324	6
5325	3
5326	5
5327	5
5328	7
5329	10
5330	7
5331	3
5332	5
5333	5
5334	6
5335	7
5336	2
5337	11
5338	6
5339	4
5340	3
5341	7
5342	4
5343	5
5344	8
5345	5
5346	6
5347	4
5348	6
5349	11
5350	5
5351	5
5352	3
5353	8
5354	9
5355	2
5356	6
5357	3
5358	6
5359	4
5360	6
5361	3
5362	6
5363	8
5364	3
5365	3
5366	5
5367	4
5368	8
5369	6
5370	6
5371	4
5372	9
5373	3
5374	2
5375	3
5376	2
5377	4
5378	8
5379	3
5380	4
5381	2
5382	5
5383	4
5384	5
5385	3
5386	2
5387	5
5388	6
5389	2
5390	9
5391	7
5392	7
5393	7
5394	5
5395	4
5396	5
5397	3
5398	2
5399	6
5400	8
5401	8
5402	5
5403	4
5404	5
5405	2
5406	6
5407	6
5408	6
5409	4
5410	5
5411	8
5412	7
5413	6
5414	5
5415	4
5416	8
5417	2
5418	6
5419	10
5420	6
5421	6
5422	3
5423	3
5424	11
5425	7
5426	6
5427	6
5428	7
5429	4
5430	4
5431	5
5432	2
5433	5
5434	4
5435	3
5436	7
5437	5
5438	9
5439	5
5440	4
5441	2
5442	6
5443	3
5444	5
5445	6
5446	4
5447	5
5448	3
5449	3
5450	6
5451	7
5452	6
5453	6
5454	4
5455	4
5456	4
5457	3
5458	6
5459	7
5460	6
5461	4
5462	6
5463	4
5464	3
5465	6
5466	7
5467	6
5468	2
5469	4
5470	8
5471	3
5472	4
5473	3
5474	3
5475	4
5476	4
5477	8
5478	7
5479	5
5480	4
5481	5
5482	7
5483	4
5484	6
5485	2
5486	5
5487	8
5488	6
5489	3
5490	2
5491	4
5492	5
5493	3
5494	3
5495	9
5496	5
5497	6
5498	3
5499	4
5500	14
5501	7
5502	5
5503	6
5504	5
5505	6
5506	2
5507	3
5508	7
5509	5
5510	7
5511	0
5512	2
5513	2
5514	3
5515	10
5516	3
5517	6
5518	4
5519	3
5520	4
5521	7
5522	4
5523	6
5524	4
5525	4
5526	1
5527	7
5528	4
5529	2
5530	4
5531	10
5532	9
5533	5
5534	4
5535	8
5536	9
5537	5
5538	2
5539	7
5540	4
5541	4
5542	8
5543	6
5544	9
5545	7
5546	6
5547	3
5548	4
5549	4
5550	2
5551	10
5552	3
5553	5
5554	4
5555	4
5556	4
5557	1
5558	2
5559	4
5560	4
5561	3
5562	3
5563	8
5564	4
5565	5
5566	2
5567	2
5568	3
5569	5
5570	6
5571	2
5572	4
5573	1
5574	7
5575	2
5576	5
5577	2
5578	2
5579	4
5580	4
5581	3
5582	6
5583	5
5584	10
5585	5
5586	5
5587	9
5588	3
5589	4
5590	5
5591	6
5592	3
5593	6
5594	9
5595	3
5596	2
5597	5
5598	6
5599	5
5600	3
5601	2
5602	4
5603	4
5604	5
5605	4
5606	4
5607	5
5608	5
5609	6
5610	4
5611	4
5612	1
5613	2
5614	3
5615	6
5616	3
5617	4
5618	6
5619	4
5620	5
5621	3
5622	5
5623	2
5624	5
5625	6
5626	4
5627	2
5628	4
5629	3
5630	0
5631	4
5632	2
5633	3
5634	4
5635	1
5636	7
5637	5
5638	7
5639	5
5640	7
5641	3
5642	10
5643	2
5644	7
5645	4
5646	7
5647	8
5648	5
5649	5
5650	6
5651	5
5652	2
5653	5
5654	2
5655	6
5656	5
5657	4
5658	2
5659	3
5660	7
5661	6
5662	5
5663	1
5664	7
5665	1
5666	2
5667	3
5668	3
5669	2
5670	6
5671	2
5672	4
5673	2
5674	3
5675	4
5676	2
5677	2
5678	3
5679	4
5680	4
5681	6
5682	8
5683	7
5684	2
5685	2
5686	9
5687	1
5688	3
5689	5
5690	2
5691	3
5692	4
5693	2
5694	1
5695	3
5696	4
5697	5
5698	8
5699	4
5700	2
5701	5
5702	2
5703	1
5704	3
5705	6
5706	5
5707	7
5708	3
5709	4
5710	4
5711	1
5712	2
5713	5
5714	2
5715	2
5716	5
5717	2
5718	5
5719	4
5720	5
5721	3
5722	2
5723	1
5724	5
5725	7
5726	4
5727	4
5728	8
5729	2
5730	2
5731	1
5732	2
5733	1
5734	5
5735	1
5736	3
5737	1
5738	1
5739	3
5740	5
5741	5
5742	4
5743	4
5744	7
5745	2
5746	3
5747	2
5748	3
5749	0
5750	4
5751	4
5752	5
5753	4
5754	6
5755	2
5756	3
5757	4
5758	3
5759	5
5760	6
5761	2
5762	4
5763	3
5764	1
5765	3
5766	7
5767	6
5768	4
5769	10
5770	2
5771	6
5772	3
5773	4
5774	3
5775	6
5776	3
5777	2
5778	1
5779	3
5780	4
5781	1
5782	2
5783	4
5784	4
5785	2
5786	2
5787	5
5788	3
5789	3
5790	3
5791	2
5792	3
5793	6
5794	3
5795	2
5796	7
5797	2
5798	0
5799	3
5800	4
5801	3
5802	3
5803	2
5804	3
5805	2
5806	4
5807	5
5808	3
5809	4
5810	4
5811	3
5812	1
5813	2
5814	4
5815	2
5816	6
5817	6
5818	3
5819	0
5820	3
5821	8
5822	4
5823	4
5824	4
5825	9
5826	3
5827	1
5828	9
5829	6
5830	2
5831	3
5832	7
5833	3
5834	1
5835	0
5836	2
5837	6
5838	3
5839	0
5840	4
5841	3
5842	2
5843	5
5844	3
5845	2
5846	4
5847	4
5848	1
5849	2
5850	4
5851	4
5852	3
5853	0
5854	9
5855	2
5856	4
5857	1
5858	5
5859	7
5860	5
5861	6
5862	4
5863	1
5864	3
5865	3
5866	2
5867	2
5868	4
5869	2
5870	5
5871	4
5872	8
5873	3
5874	3
5875	1
5876	2
5877	5
5878	6
5879	1
5880	4
5881	7
5882	4
5883	3
5884	4
5885	0
5886	1
5887	5
5888	4
5889	4
5890	5
5891	5
5892	5
5893	4
5894	2
5895	7
5896	7
5897	2
5898	5
5899	1
5900	4
5901	3
5902	1
5903	1
5904	8
5905	3
5906	7
5907	4
5908	2
5909	2
5910	4
5911	2
5912	2
5913	4
5914	3
5915	6
5916	5
5917	4
5918	7
5919	5
5920	2
5921	2
5922	0
5923	2
5924	6
5925	6
5926	3
5927	3
5928	5
5929	8
5930	0
5931	1
5932	8
5933	5
5934	2
5935	2
5936	1
5937	3
5938	4
5939	3
5940	0
5941	1
5942	3
5943	0
5944	8
5945	6
5946	6
5947	3
5948	2
5949	5
5950	4
5951	1
5952	2
5953	3
5954	4
5955	6
5956	4
5957	4
5958	3
5959	6
5960	3
5961	5
5962	5
5963	5
5964	1
5965	1
5966	1
5967	3
5968	2
5969	7
5970	2
5971	3
5972	6
5973	2
5974	6
5975	7
5976	2
5977	5
5978	2
5979	2
5980	2
5981	3
5982	7
5983	2
5984	6
5985	2
5986	3
5987	1
5988	3
5989	0
5990	4
5991	9
5992	6
5993	2
5994	4
5995	4
5996	4
5997	2
5998	4
5999	2
6000	3
6001	0
6002	5
6003	0
6004	7
6005	4
6006	2
6007	3
6008	4
6009	5
6010	2
6011	3
6012	1
6013	3
6014	4
6015	2
6016	2
6017	5
6018	5
6019	4
6020	2
6021	2
6022	3
6023	5
6024	4
6025	6
6026	4
6027	3
6028	4
6029	4
6030	5
6031	1
6032	0
6033	7
6034	2
6035	5
6036	4
6037	5
6038	2
6039	6
6040	4
6041	3
6042	6
6043	2
6044	4
6045	4
6046	0
6047	2
6048	3
6049	4
6050	7
6051	4
6052	0
6053	2
6054	1
6055	2
6056	1
6057	1
6058	1
6059	0
6060	5
6061	1
6062	4
6063	1
6064	3
6065	1
6066	1
6067	3
6068	4
6069	4
6070	5
6071	2
6072	8
6073	1
6074	2
6075	4
6076	2
6077	7
6078	3
6079	2
6080	2
6081	2
6082	1
6083	2
6084	5
6085	4
6086	4
6087	2
6088	2
6089	2
6090	6
6091	2
6092	5
6093	7
6094	3
6095	2
6096	3
6097	5
6098	5
6099	3
6100	3
6101	3
6102	2
6103	4
6104	4
6105	5
6106	3
6107	3
6108	3
6109	2
6110	2
6111	1
6112	4
6113	5
6114	3
6115	4
6116	1
6117	1
6118	2
6119	2
6120	4
6121	5
6122	4
6123	7
6124	4
6125	3
6126	3
6127	2
6128	2
6129	4
6130	5
6131	5
6132	0
6133	2
6134	5
6135	5
6136	2
6137	5
6138	1
6139	4
6140	5
6141	2
6142	4
6143	3
6144	4
6145	4
6146	3
6147	4
6148	6
6149	1
6150	2
6151	0
6152	3
6153	0
6154	2
6155	4
6156	4
6157	3
6158	1
6159	1
6160	5
6161	4
6162	3
6163	5
6164	1
6165	3
6166	3
6167	3
6168	3
6169	3
6170	3
6171	4
6172	3
6173	5
6174	3
6175	2
6176	1
6177	1
6178	0
6179	2
6180	5
6181	2
6182	2
6183	5
6184	7
6185	2
6186	3
6187	6
6188	2
6189	3
6190	6
6191	3
6192	2
6193	1
6194	1
6195	3
6196	2
6197	5
6198	3
6199	3
6200	3
6201	2
6202	1
6203	1
6204	2
6205	3
6206	1
6207	3
6208	0
6209	4
6210	3
6211	2
6212	1
6213	3
6214	2
6215	5
6216	3
6217	4
6218	1
6219	6
6220	3
6221	4
6222	3
6223	1
6224	3
6225	2
6226	2
6227	0
6228	3
6229	1
6230	2
6231	1
6232	5
6233	2
6234	1
6235	2
6236	1
6237	3
6238	2
6239	5
6240	1
6241	0
6242	3
6243	1
6244	3
6245	1
6246	2
6247	3
6248	4
6249	1
6250	4
6251	5
6252	2
6253	8
6254	6
6255	2
6256	5
6257	2
6258	2
6259	3
6260	3
6261	1
6262	3
6263	3
6264	2
6265	4
6266	1
6267	3
6268	3
6269	4
6270	3
6271	3
6272	2
6273	1
6274	3
6275	3
6276	5
6277	4
6278	4
6279	3
6280	0
6281	10
6282	0
6283	3
6284	2
6285	3
6286	2
6287	4
6288	4
6289	1
6290	5
6291	2
6292	2
6293	3
6294	4
6295	4
6296	4
6297	5
6298	1
6299	1
6300	1
6301	2
6302	2
6303	5
6304	3
6305	2
6306	0
6307	1
6308	4
6309	2
6310	1
6311	1
6312	4
6313	3
6314	2
6315	5
6316	1
6317	2
6318	4
6319	2
6320	2
6321	0
6322	4
6323	2
6324	3
6325	3
6326	2
6327	6
6328	5
6329	3
6330	2
6331	1
6332	2
6333	1
6334	4
6335	4
6336	4
6337	1
6338	3
6339	3
6340	3
6341	0
6342	2
6343	2
6344	3
6345	1
6346	5
6347	3
6348	3
6349	4
6350	4
6351	2
6352	1
6353	5
6354	3
6355	2
6356	3
6357	2
6358	6
6359	2
6360	4
6361	7
6362	2
6363	5
6364	2
6365	5
6366	2
6367	3
6368	4
6369	3
6370	5
6371	3
6372	3
6373	2
6374	3
6375	1
6376	3
6377	2
6378	3
6379	1
6380	2
6381	4
6382	3
6383	2
6384	3
6385	6
6386	1
6387	4
6388	2
6389	2
6390	2
6391	3
6392	4
6393	5
6394	7
6395	3
6396	4
6397	2
6398	0
6399	1
6400	5
6401	5
6402	4
6403	6
6404	2
6405	2
6406	4
6407	4
6408	2
6409	3
6410	4
6411	4
6412	2
6413	2
6414	1
6415	0
6416	4
6417	3
6418	2
6419	2
6420	9
6421	3
6422	3
6423	7
6424	5
6425	4
6426	5
6427	2
6428	1
6429	1
6430	4
6431	3
6432	3
6433	2
6434	7
6435	4
6436	3
6437	4
6438	4
6439	2
6440	3
6441	3
6442	2
6443	7
6444	5
6445	3
6446	2
6447	6
6448	2
6449	4
6450	2
6451	1
6452	3
6453	3
6454	3
6455	1
6456	5
6457	4
6458	0
6459	8
6460	5
6461	5
6462	0
6463	2
6464	0
6465	6
6466	3
6467	3
6468	2
6469	2
6470	3
6471	5
6472	4
6473	5
6474	3
6475	2
6476	4
6477	2
6478	3
6479	2
6480	1
6481	1
6482	2
6483	4
6484	1
6485	4
6486	2
6487	6
6488	3
6489	3
6490	7
6491	5
6492	4
6493	2
6494	3
6495	3
6496	1
6497	7
6498	2
6499	2
6500	3
6501	1
6502	2
6503	4
6504	2
6505	3
6506	1
6507	3
6508	4
6509	1
6510	2
6511	5
6512	3
6513	7
6514	2
6515	1
6516	6
6517	2
6518	3
6519	5
6520	4
6521	2
6522	3
6523	1
6524	5
6525	3
6526	4
6527	6
6528	7
6529	3
6530	2
6531	3
6532	3
6533	5
6534	3
6535	2
6536	2
6537	2
6538	4
6539	1
6540	5
6541	3
6542	1
6543	0
6544	3
6545	3
6546	5
6547	2
6548	3
6549	3
6550	6
6551	3
6552	4
6553	3
6554	4
6555	3
6556	4
6557	5
6558	0
6559	5
6560	4
6561	6
6562	2
6563	1
6564	3
6565	3
6566	4
6567	3
6568	3
6569	2
6570	3
6571	5
6572	3
6573	1
6574	3
6575	0
6576	0
6577	4
6578	3
6579	2
6580	4
6581	1
6582	6
6583	0
6584	1
6585	9
6586	3
6587	2
6588	5
6589	2
6590	2
6591	0
6592	2
6593	5
6594	4
6595	2
6596	3
6597	3
6598	4
6599	2
6600	2
6601	2
6602	4
6603	7
6604	2
6605	5
6606	3
6607	1
6608	3
6609	0
6610	0
6611	4
6612	5
6613	1
6614	1
6615	3
6616	1
6617	4
6618	3
6619	3
6620	2
6621	3
6622	2
6623	4
6624	2
6625	3
6626	0
6627	3
6628	2
6629	3
6630	3
6631	3
6632	3
6633	1
6634	1
6635	1
6636	4
6637	3
6638	3
6639	3
6640	1
6641	2
6642	7
6643	2
6644	2
6645	6
6646	3
6647	3
6648	4
6649	4
6650	1
6651	4
6652	3
6653	0
6654	5
6655	2
6656	1
6657	4
6658	6
6659	2
6660	1
6661	2
6662	5
6663	3
6664	3
6665	5
6666	2
6667	0
6668	3
6669	3
6670	0
6671	3
6672	4
6673	1
6674	1
6675	1
6676	1
6677	2
6678	2
6679	5
6680	5
6681	2
6682	2
6683	3
6684	4
6685	2
6686	2
6687	2
6688	2
6689	1
6690	1
6691	5
6692	1
6693	7
6694	3
6695	4
6696	1
6697	3
6698	7
6699	3
6700	6
6701	1
6702	2
6703	0
6704	2
6705	6
6706	4
6707	3
6708	3
6709	2
6710	1
6711	5
6712	4
6713	6
6714	2
6715	4
6716	5
6717	1
6718	4
6719	1
6720	2
6721	2
6722	2
6723	2
6724	0
6725	1
6726	0
6727	2
6728	2
6729	0
6730	3
6731	1
6732	2
6733	3
6734	1
6735	4
6736	3
6737	4
6738	1
6739	5
6740	2
6741	4
6742	1
6743	1
6744	2
6745	4
6746	1
6747	4
6748	1
6749	1
6750	1
6751	2
6752	6
6753	5
6754	0
6755	3
6756	3
6757	2
6758	3
6759	1
6760	4
6761	0
6762	1
6763	3
6764	3
6765	0
6766	0
6767	5
6768	1
6769	2
6770	1
6771	1
6772	0
6773	1
6774	2
6775	1
6776	1
6777	0
6778	0
6779	1
6780	2
6781	1
6782	2
6783	3
6784	3
6785	2
6786	0
6787	1
6788	4
6789	1
6790	3
6791	4
6792	1
6793	4
6794	3
6795	1
6796	2
6797	1
6798	4
6799	2
6800	0
6801	3
6802	5
6803	0
6804	2
6805	3
6806	3
6807	2
6808	1
6809	0
6810	3
6811	2
6812	2
6813	0
6814	2
6815	1
6816	1
6817	1
6818	2
6819	1
6820	2
6821	5
6822	0
6823	1
6824	1
6825	0
6826	2
6827	3
6828	1
6829	3
6830	4
6831	3
6832	0
6833	0
6834	3
6835	1
6836	1
6837	4
6838	5
6839	1
6840	1
6841	2
6842	3
6843	1
6844	1
6845	4
6846	2
6847	1
6848	3
6849	6
6850	1
6851	5
6852	3
6853	2
6854	1
6855	1
6856	1
6857	2
6858	3
6859	1
6860	2
6861	3
6862	0
6863	2
6864	3
6865	4
6866	1
6867	0
6868	3
6869	2
6870	0
6871	2
6872	0
6873	1
6874	3
6875	2
6876	1
6877	4
6878	1
6879	4
6880	2
6881	2
6882	2
6883	3
6884	1
6885	5
6886	5
6887	1
6888	2
6889	1
6890	2
6891	1
6892	1
6893	3
6894	3
6895	4
6896	5
6897	3
6898	1
6899	1
6900	0
6901	2
6902	2
6903	4
6904	6
6905	3
6906	4
6907	1
6908	2
6909	5
6910	2
6911	2
6912	3
6913	2
6914	2
6915	1
6916	3
6917	4
6918	2
6919	3
6920	5
6921	4
6922	1
6923	3
6924	3
6925	1
6926	2
6927	3
6928	1
6929	1
6930	0
6931	1
6932	2
6933	4
6934	3
6935	3
6936	4
6937	2
6938	2
6939	6
6940	2
6941	2
6942	3
6943	4
6944	3
6945	4
6946	3
6947	3
6948	1
6949	0
6950	3
6951	5
6952	2
6953	2
6954	0
6955	2
6956	5
6957	7
6958	2
6959	7
6960	2
6961	2
6962	4
6963	3
6964	2
6965	3
6966	4
6967	1
6968	3
6969	3
6970	1
6971	4
6972	3
6973	0
6974	0
6975	1
6976	4
6977	2
6978	0
6979	4
6980	1
6981	1
6982	4
6983	4
6984	1
6985	1
6986	0
6987	2
6988	0
6989	4
6990	2
6991	1
6992	4
6993	2
6994	1
6995	4
6996	2
6997	3
6998	4
6999	2
7000	3
7001	6
7002	6
7003	4
7004	2
7005	4
7006	1
7007	1
7008	3
7009	2
7010	4
7011	4
7012	1
7013	3
7014	3
7015	1
7016	1
7017	3
7018	0
7019	3
7020	2
7021	3
7022	3
7023	4
7024	2
7025	2
7026	2
7027	3
7028	0
7029	3
7030	3
7031	3
7032	3
7033	5
7034	5
7035	2
7036	1
7037	4
7038	5
7039	0
7040	2
7041	3
7042	1
7043	1
7044	2
7045	4
7046	1
7047	0
7048	3
7049	1
7050	1
7051	2
7052	2
7053	1
7054	1
7055	4
7056	2
7057	0
7058	3
7059	2
7060	1
7061	1
7062	1
7063	2
7064	2
7065	2
7066	2
7067	0
7068	2
7069	0
7070	4
7071	2
7072	5
7073	4
7074	0
7075	1
7076	2
7077	3
7078	1
7079	1
7080	1
7081	2
7082	0
7083	2
7084	3
7085	0
7086	0
7087	2
7088	3
7089	3
7090	3
7091	2
7092	1
7093	1
7094	2
7095	4
7096	3
7097	2
7098	0
7099	0
7100	0
7101	1
7102	2
7103	4
7104	3
7105	0
7106	2
7107	1
7108	1
7109	4
7110	3
7111	3
7112	3
7113	4
7114	2
7115	1
7116	0
7117	5
7118	1
7119	3
7120	2
7121	3
7122	1
7123	2
7124	2
7125	3
7126	2
7127	5
7128	2
7129	1
7130	2
7131	2
7132	5
7133	0
7134	1
7135	0
7136	0
7137	3
7138	1
7139	0
7140	2
7141	4
7142	2
7143	1
7144	3
7145	2
7146	3
7147	2
7148	2
7149	2
7150	2
7151	0
7152	2
7153	3
7154	1
7155	2
7156	0
7157	2
7158	1
7159	2
7160	1
7161	2
7162	2
7163	0
7164	0
7165	2
7166	1
7167	2
7168	2
7169	1
7170	1
7171	0
7172	1
7173	0
7174	3
7175	0
7176	0
7177	0
7178	1
7179	3
7180	1
7181	1
7182	1
7183	0
7184	1
7185	3
7186	0
7187	1
7188	0
7189	2
7190	1
7191	1
7192	2
7193	2
7194	2
7195	2
7196	1
7197	1
7198	1
7199	1
7200	3
7201	0
7202	1
7203	1
7204	1
7205	3
7206	2
7207	0
7208	1
7209	1
7210	1
7211	3
7212	3
7213	2
7214	2
7215	2
7216	3
7217	0
7218	4
7219	1
7220	0
7221	2
7222	0
7223	3
7224	5
7225	1
7226	2
7227	1
7228	2
7229	2
7230	2
7231	0
7232	1
7233	4
7234	2
7235	3
7236	0
7237	1
7238	2
7239	2
7240	0
7241	2
7242	4
7243	0
7244	3
7245	1
7246	4
7247	2
7248	3
7249	0
7250	2
7251	3
7252	1
7253	0
7254	1
7255	0
7256	1
7257	1
7258	2
7259	1
7260	4
7261	4
7262	1
7263	2
7264	0
7265	2
7266	1
7267	2
7268	0
7269	1
7270	5
7271	1
7272	2
7273	2
7274	2
7275	3
7276	0
7277	0
7278	1
7279	2
7280	1
7281	3
7282	1
7283	0
7284	1
7285	2
7286	5
7287	1
7288	2
7289	3
7290	3
7291	2
7292	0
7293	4
7294	1
7295	1
7296	2
7297	2
7298	1
7299	3
7300	3
7301	4
7302	4
7303	0
7304	1
7305	0
7306	2
7307	3
7308	1
7309	2
7310	3
7311	5
7312	1
7313	3
7314	1
7315	1
7316	1
7317	2
7318	2
7319	0
7320	1
7321	2
7322	0
7323	1
7324	1
7325	1
7326	1
7327	3
7328	1
7329	3
7330	1
7331	2
7332	1
7333	0
7334	0
7335	5
7336	2
7337	1
7338	1
7339	2
7340	2
7341	3
7342	1
7343	2
7344	1
7345	0
7346	0
7347	2
7348	2
7349	1
7350	1
7351	0
7352	0
7353	1
7354	3
7355	3
7356	2
7357	1
7358	0
7359	2
7360	1
7361	3
7362	2
7363	4
7364	0
7365	2
7366	2
7367	1
7368	2
7369	1
7370	0
7371	3
7372	1
7373	0
7374	4
7375	2
7376	1
7377	1
7378	0
7379	4
7380	2
7381	0
7382	4
7383	0
7384	2
7385	3
7386	0
7387	0
7388	4
7389	2
7390	1
7391	1
7392	3
7393	1
7394	2
7395	0
7396	4
7397	1
7398	4
7399	3
7400	0
7401	0
7402	2
7403	1
7404	2
7405	2
7406	4
7407	0
7408	1
7409	3
7410	1
7411	1
7412	0
7413	2
7414	0
7415	2
7416	3
7417	0
7418	1
7419	3
7420	1
7421	2
7422	0
7423	1
7424	3
7425	5
7426	0
7427	2
7428	2
7429	5
7430	2
7431	3
7432	1
7433	2
7434	1
7435	1
7436	1
7437	5
7438	1
7439	1
7440	4
7441	0
7442	1
7443	1
7444	2
7445	1
7446	2
7447	2
7448	0
7449	0
7450	3
7451	1
7452	1
7453	2
7454	1
7455	3
7456	2
7457	0
7458	2
7459	2
7460	3
7461	2
7462	1
7463	1
7464	3
7465	0
7466	2
7467	3
7468	1
7469	2
7470	1
7471	2
7472	2
7473	2
7474	2
7475	1
7476	0
7477	3
7478	0
7479	0
7480	0
7481	3
7482	2
7483	0
7484	0
7485	1
7486	1
7487	1
7488	2
7489	0
7490	1
7491	2
7492	1
7493	2
7494	2
7495	2
7496	3
7497	2
7498	2
7499	2
7500	1
7501	2
7502	1
7503	2
7504	2
7505	1
7506	2
7507	1
7508	1
7509	0
7510	3
7511	0
7512	2
7513	0
7514	0
7515	4
7516	2
7517	2
7518	2
7519	2
7520	1
7521	3
7522	1
7523	4
7524	4
7525	1
7526	4
7527	1
7528	0
7529	4
7530	1
7531	1
7532	2
7533	1
7534	0
7535	0
7536	2
7537	0
7538	4
7539	0
7540	3
7541	2
7542	0
7543	3
7544	2
7545	0
7546	1
7547	4
7548	2
7549	1
7550	2
7551	1
7552	1
7553	0
7554	2
7555	0
7556	1
7557	2
7558	1
7559	2
7560	2
7561	2
7562	1
7563	1
7564	1
7565	2
7566	0
7567	4
7568	1
7569	0
7570	0
7571	1
7572	3
7573	0
7574	1
7575	0
7576	0
7577	1
7578	1
7579	0
7580	1
7581	2
7582	4
7583	3
7584	1
7585	1
7586	0
7587	0
7588	0
7589	1
7590	1
7591	0
7592	3
7593	1
7594	3
7595	4
7596	2
7597	0
7598	3
7599	1
7600	1
7601	1
7602	1
7603	1
7604	2
7605	1
7606	4
7607	3
7608	1
7609	1
7610	1
7611	2
7612	4
7613	2
7614	0
7615	1
7616	4
7617	2
7618	1
7619	2
7620	1
7621	1
7622	0
7623	0
7624	1
7625	1
7626	1
7627	1
7628	2
7629	3
7630	0
7631	0
7632	1
7633	1
7634	4
7635	3
7636	2
7637	1
7638	2
7639	2
7640	1
7641	1
7642	2
7643	1
7644	0
7645	1
7646	1
7647	1
7648	0
7649	2
7650	0
7651	0
7652	1
7653	0
7654	4
7655	1
7656	2
7657	4
7658	0
7659	0
7660	3
7661	1
7662	1
7663	2
7664	2
7665	0
7666	2
7667	1
7668	3
7669	3
7670	2
7671	1
7672	1
7673	0
7674	3
7675	4
7676	4
7677	3
7678	0
7679	2
7680	1
7681	0
7682	0
7683	1
7684	0
7685	1
7686	1
7687	2
7688	1
7689	0
7690	1
7691	0
7692	0
7693	3
7694	0
7695	0
7696	0
7697	3
7698	3
7699	7
7700	1
7701	1
7702	2
7703	3
7704	2
7705	3
7706	3
7707	0
7708	2
7709	2
7710	4
7711	0
7712	1
7713	2
7714	0
7715	3
7716	1
7717	1
7718	2
7719	0
7720	3
7721	4
7722	2
7723	3
7724	1
7725	0
7726	1
7727	3
7728	2
7729	0
7730	0
7731	3
7732	3
7733	3
7734	0
7735	1
7736	4
7737	2
7738	0
7739	3
7740	1
7741	1
7742	0
7743	4
7744	1
7745	1
7746	2
7747	2
7748	2
7749	1
7750	0
7751	3
7752	4
7753	1
7754	2
7755	0
7756	1
7757	0
7758	1
7759	1
7760	1
7761	2
7762	4
7763	1
7764	4
7765	1
7766	3
7767	0
7768	0
7769	2
7770	2
7771	0
7772	2
7773	0
7774	0
7775	0
7776	1
7777	3
7778	0
7779	2
7780	2
7781	0
7782	4
7783	1
7784	0
7785	2
7786	2
7787	2
7788	4
7789	4
7790	3
7791	1
7792	1
7793	3
7794	4
7795	2
7796	1
7797	2
7798	3
7799	1
7800	2
7801	1
7802	1
7803	1
7804	3
7805	0
7806	3
7807	1
7808	1
7809	1
7810	2
7811	2
7812	2
7813	0
7814	2
7815	1
7816	1
7817	0
7818	1
7819	2
7820	0
7821	0
7822	2
7823	2
7824	3
7825	2
7826	3
7827	2
7828	1
7829	1
7830	3
7831	1
7832	1
7833	0
7834	2
7835	3
7836	1
7837	2
7838	1
7839	1
7840	1
7841	2
7842	1
7843	3
7844	2
7845	0
7846	3
7847	3
7848	4
7849	0
7850	2
7851	2
7852	4
7853	3
7854	0
7855	0
7856	1
7857	3
7858	4
7859	0
7860	1
7861	0
7862	2
7863	5
7864	3
7865	2
7866	4
7867	1
7868	2
7869	1
7870	1
7871	2
7872	3
7873	0
7874	1
7875	1
7876	0
7877	2
7878	2
7879	1
7880	1
7881	1
7882	1
7883	1
7884	3
7885	3
7886	0
7887	3
7888	1
7889	2
7890	0
7891	4
7892	0
7893	1
7894	1
7895	3
7896	1
7897	2
7898	0
7899	0
7900	0
7901	3
7902	3
7903	1
7904	3
7905	3
7906	3
7907	1
7908	1
7909	3
7910	1
7911	1
7912	1
7913	1
7914	1
7915	2
7916	2
7917	1
7918	3
7919	5
7920	0
7921	1
7922	5
7923	1
7924	1
7925	1
7926	3
7927	1
7928	1
7929	2
7930	2
7931	3
7932	0
7933	0
7934	1
7935	0
7936	1
7937	0
7938	3
7939	1
7940	2
7941	0
7942	0
7943	1
7944	1
7945	0
7946	1
7947	1
7948	2
7949	4
7950	3
7951	0
7952	0
7953	0
7954	1
7955	2
7956	2
7957	1
7958	2
7959	0
7960	1
7961	3
7962	4
7963	5
7964	6
7965	4
7966	1
7967	1
7968	2
7969	1
7970	3
7971	1
7972	1
7973	1
7974	2
7975	2
7976	0
7977	0
7978	1
7979	2
7980	1
7981	1
7982	0
7983	1
7984	0
7985	2
7986	2
7987	2
7988	2
7989	2
7990	3
7991	1
7992	3
7993	1
7994	3
7995	3
7996	1
7997	1
7998	1
7999	3
8000	1
8001	1
8002	1
8003	4
8004	2
8005	1
8006	1
8007	1
8008	0
8009	3
8010	2
8011	0
8012	1
8013	1
8014	1
8015	3
8016	1
8017	1
8018	0
8019	2
8020	2
8021	2
8022	1
8023	2
8024	3
8025	1
8026	1
8027	0
8028	1
8029	1
8030	0
8031	1
8032	1
8033	1
8034	3
8035	1
8036	1
8037	0
8038	1
8039	0
8040	4
8041	2
8042	0
8043	1
8044	1
8045	0
8046	1
8047	1
8048	2
8049	2
8050	1
8051	2
8052	0
8053	4
8054	1
8055	0
8056	4
8057	0
8058	0
8059	1
8060	1
8061	2
8062	0
8063	3
8064	2
8065	2
8066	4
8067	2
8068	0
8069	1
8070	4
8071	0
8072	3
8073	0
8074	1
8075	2
8076	1
8077	2
8078	1
8079	3
8080	2
8081	5
8082	2
8083	1
8084	2
8085	2
8086	1
8087	1
8088	2
8089	0
8090	2
8091	1
8092	2
8093	0
8094	2
8095	0
8096	4
8097	4
8098	1
8099	2
8100	3
8101	1
8102	1
8103	1
8104	1
8105	2
8106	0
8107	2
8108	0
8109	1
8110	1
8111	2
8112	3
8113	0
8114	3
8115	0
8116	2
8117	3
8118	2
8119	0
8120	2
8121	0
8122	1
8123	1
8124	3
8125	2
8126	3
8127	1
8128	2
8129	1
8130	1
8131	0
8132	0
8133	0
8134	1
8135	1
8136	1
8137	0
8138	0
8139	2
8140	2
8141	2
8142	1
8143	0
8144	1
8145	2
8146	2
8147	2
8148	1
8149	2
8150	3
8151	2
8152	1
8153	3
8154	1
8155	4
8156	2
8157	2
8158	4
8159	0
8160	2
8161	1
8162	3
8163	0
8164	1
8165	3
8166	0
8167	2
8168	2
8169	2
8170	0
8171	1
8172	0
8173	4
8174	2
8175	3
8176	2
8177	3
8178	2
8179	0
8180	5
8181	4
8182	2
8183	3
8184	2
8185	1
8186	1
8187	1
8188	2
8189	0
8190	0
8191	2
8192	0
8193	3
8194	0
8195	3
8196	1
8197	1
8198	0
8199	2
8200	0
8201	1
8202	2
8203	1
8204	2
8205	3
8206	3
8207	1
8208	0
8209	0
8210	1
8211	4
8212	0
8213	2
8214	1
8215	0
8216	2
8217	3
8218	2
8219	1
8220	2
8221	3
8222	2
8223	3
8224	2
8225	0
8226	2
8227	1
8228	2
8229	0
8230	3
8231	2
8232	0
8233	1
8234	1
8235	0
8236	3
8237	1
8238	2
8239	1
8240	1
8241	2
8242	1
8243	0
8244	1
8245	3
8246	4
8247	1
8248	2
8249	0
8250	3
8251	1
8252	3
8253	1
8254	4
8255	0
8256	2
8257	2
8258	0
8259	1
8260	3
8261	5
8262	4
8263	1
8264	3
8265	1
8266	0
8267	0
8268	3
8269	1
8270	2
8271	1
8272	2
8273	0
8274	1
8275	1
8276	1
8277	0
8278	0
8279	0
8280	2
8281	2
8282	0
8283	0
8284	1
8285	3
8286	1
8287	2
8288	4
8289	2
8290	2
8291	2
8292	1
8293	2
8294	1
8295	1
8296	2
8297	3
8298	3
8299	3
8300	1
8301	0
8302	0
8303	2
8304	2
8305	2
8306	0
8307	3
8308	2
8309	1
8310	2
8311	0
8312	2
8313	1
8314	0
8315	1
8316	0
8317	2
8318	1
8319	2
8320	1
8321	3
8322	1
8323	1
8324	2
8325	1
8326	3
8327	3
8328	2
8329	3
8330	0
8331	1
8332	2
8333	5
8334	5
8335	1
8336	1
8337	4
8338	0
8339	3
8340	0
8341	1
8342	2
8343	2
8344	4
8345	3
8346	2
8347	3
8348	1
8349	1
8350	2
8351	2
8352	0
8353	3
8354	0
8355	2
8356	3
8357	1
8358	1
8359	0
8360	2
8361	1
8362	1
8363	1
8364	1
8365	0
8366	1
8367	1
8368	1
8369	1
8370	0
8371	1
8372	2
8373	0
8374	1
8375	1
8376	2
8377	1
8378	1
8379	1
8380	3
8381	5
8382	2
8383	0
8384	1
8385	2
8386	2
8387	1
8388	1
8389	1
8390	3
8391	2
8392	1
8393	1
8394	1
8395	5
8396	0
8397	2
8398	2
8399	1
8400	0
8401	2
8402	0
8403	6
8404	1
8405	2
8406	0
8407	3
8408	1
8409	3
8410	1
8411	0
8412	1
8413	0
8414	2
8415	4
8416	0
8417	0
8418	2
8419	3
8420	0
8421	0
8422	4
8423	2
8424	2
8425	0
8426	0
8427	0
8428	3
8429	1
8430	1
8431	1
8432	2
8433	2
8434	3
8435	1
8436	1
8437	2
8438	4
8439	2
8440	1
8441	0
8442	3
8443	1
8444	2
8445	2
8446	4
8447	0
8448	1
8449	3
8450	2
8451	0
8452	3
8453	3
8454	1
8455	2
8456	2
8457	3
8458	4
8459	1
8460	1
8461	0
8462	2
8463	0
8464	1
8465	1
8466	2
8467	1
8468	2
8469	3
8470	2
8471	2
8472	2
8473	3
8474	1
8475	0
8476	1
8477	4
8478	3
8479	2
8480	2
8481	3
8482	1
8483	2
8484	3
8485	2
8486	0
8487	1
8488	1
8489	4
8490	3
8491	2
8492	3
8493	1
8494	1
8495	0
8496	0
8497	1
8498	3
8499	2
8500	4
8501	3
8502	1
8503	0
8504	2
8505	5
8506	4
8507	0
8508	3
8509	2
8510	1
8511	1
8512	0
8513	2
8514	2
8515	0
8516	2
8517	0
8518	2
8519	2
8520	1
8521	0
8522	1
8523	1
8524	0
8525	4
8526	0
8527	0
8528	1
8529	0
8530	1
8531	0
8532	2
8533	0
8534	2
8535	1
8536	4
8537	2
8538	1
8539	4
8540	0
8541	3
8542	0
8543	0
8544	0
8545	2
8546	0
8547	2
8548	2
8549	0
8550	1
8551	0
8552	1
8553	2
8554	1
8555	1
8556	2
8557	4
8558	0
8559	2
8560	0
8561	1
8562	3
8563	3
8564	3
8565	3
8566	3
8567	1
8568	0
8569	1
8570	3
8571	0
8572	1
8573	1
8574	1
8575	1
8576	1
8577	0
8578	2
8579	3
8580	2
8581	2
8582	1
8583	0
8584	0
8585	2
8586	0
8587	1
8588	2
8589	2
8590	1
8591	0
8592	0
8593	2
8594	3
8595	1
8596	1
8597	1
8598	1
8599	0
8600	2
8601	1
8602	1
8603	1
8604	3
8605	3
8606	1
8607	2
8608	0
8609	2
8610	2
8611	0
8612	0
8613	3
8614	1
8615	1
8616	0
8617	2
8618	0
8619	2
8620	1
8621	2
8622	3
8623	4
8624	2
8625	0
8626	5
8627	2
8628	2
8629	1
8630	2
8631	4
8632	3
8633	1
8634	1
8635	0
8636	1
8637	4
8638	1
8639	3
8640	2
8641	2
8642	2
8643	1
8644	0
8645	2
8646	0
8647	4
8648	0
8649	4
8650	0
8651	1
8652	0
8653	1
8654	3
8655	0
8656	2
8657	0
8658	0
8659	3
8660	0
8661	0
8662	1
8663	1
8664	1
8665	2
8666	1
8667	1
8668	0
8669	0
8670	1
8671	2
8672	2
8673	2
8674	2
8675	1
8676	1
8677	1
8678	1
8679	1
8680	1
8681	1
8682	1
8683	0
8684	1
8685	3
8686	0
8687	4
8688	5
8689	0
8690	1
8691	1
8692	2
8693	3
8694	1
8695	3
8696	0
8697	1
8698	3
8699	0
8700	1
8701	3
8702	0
8703	2
8704	0
8705	1
8706	1
8707	0
8708	0
8709	1
8710	0
8711	0
8712	1
8713	0
8714	0
8715	1
8716	3
8717	0
8718	1
8719	1
8720	2
8721	0
8722	1
8723	2
8724	1
8725	0
8726	4
8727	1
8728	1
8729	2
8730	2
8731	0
8732	2
8733	0
8734	6
8735	0
8736	2
8737	1
8738	4
8739	0
8740	2
8741	3
8742	1
8743	0
8744	2
8745	0
8746	1
8747	5
8748	1
8749	0
8750	2
8751	1
8752	1
8753	2
8754	1
8755	2
8756	1
8757	2
8758	3
8759	1
8760	1
8761	2
8762	0
8763	0
8764	0
8765	1
8766	1
8767	3
8768	3
8769	1
8770	2
8771	2
8772	3
8773	2
8774	1
8775	0
8776	5
8777	1
8778	2
8779	0
8780	3
8781	0
8782	3
8783	2
8784	0
8785	2
8786	0
8787	1
8788	0
8789	1
8790	0
8791	2
8792	0
8793	1
8794	0
8795	3
8796	3
8797	0
8798	1
8799	1
8800	1
8801	3
8802	0
8803	0
8804	3
8805	1
8806	0
8807	2
8808	0
8809	4
8810	1
8811	1
8812	0
8813	2
8814	2
8815	1
8816	3
8817	1
8818	2
8819	3
8820	0
8821	0
8822	0
8823	3
8824	4
8825	3
8826	2
8827	0
8828	3
8829	2
8830	3
8831	0
8832	0
8833	0
8834	3
8835	1
8836	1
8837	1
8838	1
8839	2
8840	1
8841	3
8842	1
8843	3
8844	1
8845	1
8846	2
8847	4
8848	0
8849	3
8850	2
8851	1
8852	1
8853	1
8854	2
8855	1
8856	0
8857	0
8858	1
8859	0
8860	0
8861	1
8862	2
8863	3
8864	1
8865	2
8866	1
8867	2
8868	2
8869	1
8870	2
8871	1
8872	0
8873	2
8874	0
8875	1
8876	1
8877	2
8878	2
8879	1
8880	2
8881	3
8882	3
8883	0
8884	3
8885	3
8886	2
8887	0
8888	3
8889	0
8890	3
8891	0
8892	5
8893	4
8894	2
8895	1
8896	0
8897	2
8898	1
8899	2
8900	1
8901	3
8902	1
8903	3
8904	3
8905	3
8906	1
8907	2
8908	2
8909	1
8910	0
8911	5
8912	0
8913	1
8914	0
8915	1
8916	0
8917	0
8918	1
8919	1
8920	2
8921	3
8922	1
8923	0
8924	1
8925	0
8926	0
8927	1
8928	1
8929	2
8930	3
8931	2
8932	0
8933	1
8934	0
8935	1
8936	0
8937	0
8938	1
8939	0
8940	2
8941	1
8942	2
8943	1
8944	1
8945	2
8946	2
8947	0
8948	1
8949	1
8950	0
8951	2
8952	3
8953	1
8954	2
8955	1
8956	0
8957	1
8958	2
8959	0
8960	2
8961	3
8962	1
8963	1
8964	0
8965	2
8966	1
8967	4
8968	1
8969	1
8970	1
8971	1
8972	2
8973	1
8974	1
8975	0
8976	2
8977	0
8978	1
8979	4
8980	3
8981	1
8982	1
8983	1
8984	1
8985	0
8986	1
8987	0
8988	0
8989	2
8990	1
8991	2
8992	2
8993	1
8994	0
8995	0
8996	1
8997	1
8998	1
8999	0
9000	0
9001	0
9002	1
9003	1
9004	0
9005	1
9006	0
9007	2
9008	0
9009	1
9010	2
9011	1
9012	0
9013	1
9014	0
9015	0
9016	1
9017	1
9018	0
9019	1
9020	1
9021	0
9022	0
9023	3
9024	1
9025	2
9026	2
9027	0
9028	0
9029	0
9030	3
9031	0
9032	1
9033	3
9034	1
9035	4
9036	0
9037	2
9038	1
9039	2
9040	0
9041	1
9042	2
9043	0
9044	0
9045	0
9046	1
9047	1
9048	1
9049	1
9050	0
9051	1
9052	2
9053	3
9054	2
9055	3
9056	0
9057	0
9058	2
9059	1
9060	3
9061	1
9062	1
9063	0
9064	1
9065	2
9066	1
9067	1
9068	1
9069	0
9070	1
9071	3
9072	0
9073	0
9074	0
9075	0
9076	0
9077	0
9078	0
9079	0
9080	1
9081	2
9082	0
9083	1
9084	1
9085	1
9086	0
9087	4
9088	0
9089	1
9090	1
9091	1
9092	2
9093	1
9094	1
9095	2
9096	1
9097	1
9098	2
9099	4
9100	3
9101	2
9102	1
9103	1
9104	1
9105	2
9106	2
9107	5
9108	0
9109	1
9110	2
9111	3
9112	0
9113	1
9114	1
9115	3
9116	0
9117	0
9118	1
9119	0
9120	0
9121	0
9122	1
9123	1
9124	0
9125	1
9126	0
9127	0
9128	4
9129	0
9130	3
9131	1
9132	1
9133	0
9134	1
9135	2
9136	0
9137	0
9138	2
9139	1
9140	1
9141	1
9142	0
9143	3
9144	2
9145	1
9146	1
9147	3
9148	0
9149	0
9150	1
9151	0
9152	0
9153	2
9154	2
9155	2
9156	0
9157	2
9158	1
9159	2
9160	2
9161	2
9162	1
9163	3
9164	1
9165	0
9166	3
9167	1
9168	1
9169	0
9170	2
9171	1
9172	2
9173	1
9174	2
9175	2
9176	3
9177	0
9178	0
9179	1
9180	0
9181	1
9182	2
9183	0
9184	0
9185	1
9186	1
9187	0
9188	0
9189	2
9190	1
9191	2
9192	2
9193	1
9194	1
9195	1
9196	3
9197	1
9198	2
9199	0
9200	1
9201	0
9202	1
9203	1
9204	1
9205	0
9206	0
9207	2
9208	4
9209	1
9210	0
9211	2
9212	2
9213	2
9214	1
9215	0
9216	1
9217	3
9218	2
9219	0
9220	1
9221	0
9222	3
9223	1
9224	0
9225	0
9226	0
9227	1
9228	1
9229	2
9230	0
9231	0
9232	1
9233	2
9234	4
9235	2
9236	1
9237	4
9238	0
9239	3
9240	0
9241	0
9242	1
9243	0
9244	1
9245	1
9246	2
9247	0
9248	1
9249	0
9250	4
9251	2
9252	2
9253	4
9254	1
9255	1
9256	1
9257	1
9258	2
9259	3
9260	2
9261	0
9262	1
9263	0
9264	1
9265	0
9266	1
9267	1
9268	1
9269	1
9270	0
9271	0
9272	0
9273	2
9274	3
9275	1
9276	3
9277	2
9278	0
9279	1
9280	2
9281	0
9282	2
9283	0
9284	2
9285	2
9286	0
9287	2
9288	0
9289	1
9290	1
9291	1
9292	2
9293	2
9294	1
9295	1
9296	0
9297	2
9298	0
9299	1
9300	1
9301	1
9302	3
9303	0
9304	0
9305	0
9306	2
9307	0
9308	1
9309	2
9310	0
9311	1
9312	2
9313	1
9314	0
9315	1
9316	2
9317	2
9318	1
9319	0
9320	1
9321	0
9322	2
9323	2
9324	1
9325	0
9326	2
9327	1
9328	3
9329	2
9330	1
9331	0
9332	0
9333	0
9334	0
9335	1
9336	1
9337	0
9338	0
9339	3
9340	1
9341	0
9342	0
9343	5
9344	2
9345	0
9346	0
9347	0
9348	0
9349	1
9350	1
9351	1
9352	1
9353	2
9354	1
9355	0
9356	1
9357	0
9358	2
9359	1
9360	0
9361	1
9362	2
9363	1
9364	1
9365	0
9366	4
9367	0
9368	3
9369	2
9370	0
9371	1
9372	3
9373	0
9374	1
9375	2
9376	1
9377	2
9378	0
9379	0
9380	2
9381	1
9382	0
9383	2
9384	3
9385	1
9386	0
9387	2
9388	2
9389	0
9390	1
9391	0
9392	0
9393	1
9394	3
9395	1
9396	4
9397	1
9398	4
9399	0
9400	1
9401	1
9402	1
9403	3
9404	2
9405	1
9406	4
9407	0
9408	2
9409	1
9410	0
9411	1
9412	3
9413	2
9414	2
9415	2
9416	1
9417	0
9418	2
9419	1
9420	2
9421	1
9422	1
9423	2
9424	0
9425	1
9426	2
9427	1
9428	1
9429	4
9430	0
9431	0
9432	0
9433	0
9434	0
9435	0
9436	1
9437	1
9438	1
9439	1
9440	2
9441	1
9442	2
9443	2
9444	1
9445	2
9446	1
9447	0
9448	0
9449	1
9450	2
9451	1
9452	1
9453	0
9454	1
9455	0
9456	0
9457	1
9458	1
9459	1
9460	2
9461	0
9462	2
9463	1
9464	0
9465	1
9466	0
9467	2
9468	1
9469	1
9470	4
9471	4
9472	0
9473	1
9474	2
9475	0
9476	2
9477	1
9478	2
9479	1
9480	0
9481	1
9482	2
9483	2
9484	0
9485	1
9486	5
9487	0
9488	3
9489	1
9490	0
9491	4
9492	1
9493	1
9494	0
9495	1
9496	1
9497	0
9498	1
9499	0
9500	1
9501	1
9502	0
9503	0
9504	1
9505	2
9506	0
9507	1
9508	0
9509	4
9510	0
9511	0
9512	2
9513	1
9514	2
9515	3
9516	1
9517	1
9518	3
9519	0
9520	0
9521	1
9522	1
9523	2
9524	1
9525	2
9526	1
9527	0
9528	0
9529	1
9530	3
9531	0
9532	0
9533	1
9534	0
9535	3
9536	1
9537	0
9538	0
9539	2
9540	2
9541	1
9542	0
9543	0
9544	1
9545	2
9546	2
9547	0
9548	1
9549	1
9550	3
9551	4
9552	3
9553	0
9554	3
9555	1
9556	1
9557	0
9558	1
9559	1
9560	1
9561	0
9562	0
9563	0
9564	0
9565	1
9566	1
9567	0
9568	0
9569	2
9570	0
9571	4
9572	1
9573	1
9574	1
9575	1
9576	0
9577	4
9578	0
9579	0
9580	2
9581	1
9582	1
9583	0
9584	1
9585	0
9586	3
9587	1
9588	1
9589	0
9590	1
9591	1
9592	1
9593	1
9594	2
9595	2
9596	0
9597	1
9598	0
9599	0
9600	0
9601	0
9602	0
9603	2
9604	2
9605	0
9606	0
9607	0
9608	2
9609	1
9610	1
9611	0
9612	3
9613	1
9614	2
9615	2
9616	1
9617	2
9618	1
9619	1
9620	0
9621	0
9622	1
9623	0
9624	0
9625	1
9626	0
9627	2
9628	2
9629	2
9630	0
9631	0
9632	3
9633	2
9634	2
9635	0
9636	0
9637	0
9638	1
9639	0
9640	1
9641	1
9642	0
9643	1
9644	0
9645	0
9646	0
9647	3
9648	0
9649	1
9650	3
9651	1
9652	1
9653	0
9654	1
9655	1
9656	0
9657	0
9658	0
9659	1
9660	3
9661	1
9662	1
9663	0
9664	2
9665	3
9666	2
9667	0
9668	1
9669	1
9670	1
9671	0
9672	0
9673	1
9674	2
9675	2
9676	0
9677	3
9678	2
9679	1
9680	1
9681	4
9682	1
9683	1
9684	4
9685	1
9686	0
9687	2
9688	0
9689	2
9690	1
9691	3
9692	3
9693	6
9694	1
9695	0
9696	0
9697	2
9698	1
9699	0
9700	3
9701	2
9702	2
9703	3
9704	0
9705	3
9706	1
9707	1
9708	2
9709	1
9710	0
9711	2
9712	2
9713	0
9714	1
9715	1
9716	0
9717	2
9718	0
9719	1
9720	0
9721	0
9722	3
9723	1
9724	1
9725	0
9726	1
9727	0
9728	0
9729	0
9730	0
9731	0
9732	1
9733	1
9734	1
9735	2
9736	2
9737	3
9738	0
9739	0
9740	0
9741	1
9742	0
9743	0
9744	1
9745	0
9746	1
9747	0
9748	2
9749	1
9750	1
9751	0
9752	0
9753	1
9754	0
9755	0
9756	2
9757	0
9758	3
9759	5
9760	1
9761	2
9762	0
9763	0
9764	0
9765	2
9766	1
9767	2
9768	3
9769	0
9770	0
9771	0
9772	1
9773	1
9774	1
9775	2
9776	0
9777	3
9778	2
9779	0
9780	4
9781	1
9782	2
9783	0
9784	0
9785	2
9786	1
9787	1
9788	0
9789	1
9790	2
9791	3
9792	2
9793	3
9794	1
9795	0
9796	0
9797	0
9798	3
9799	1
9800	2
9801	2
9802	1
9803	1
9804	1
9805	0
9806	0
9807	1
9808	1
9809	1
9810	2
9811	0
9812	0
9813	1
9814	0
9815	0
9816	1
9817	2
9818	0
9819	0
9820	0
9821	0
9822	0
9823	1
9824	0
9825	1
9826	0
9827	1
9828	1
9829	0
9830	1
9831	2
9832	1
9833	3
9834	1
9835	0
9836	2
9837	1
9838	1
9839	1
9840	0
9841	2
9842	1
9843	2
9844	1
9845	1
9846	0
9847	1
9848	2
9849	0
9850	1
9851	2
9852	0
9853	2
9854	1
9855	2
9856	1
9857	0
9858	0
9859	0
9860	0
9861	0
9862	2
9863	0
9864	2
9865	0
9866	1
9867	0
9868	1
9869	3
9870	1
9871	1
9872	4
9873	1
9874	0
9875	0
9876	1
9877	0
9878	0
9879	1
9880	0
9881	0
9882	2
9883	1
9884	2
9885	1
9886	1
9887	0
9888	0
9889	0
9890	1
9891	2
9892	1
9893	2
9894	0
9895	0
9896	2
9897	1
9898	0
9899	1
9900	0
9901	0
9902	0
9903	1
9904	0
9905	0
9906	0
9907	0
9908	1
9909	2
9910	2
9911	1
9912	0
9913	1
9914	2
9915	1
9916	1
9917	2
9918	0
9919	2
9920	1
9921	0
9922	0
9923	1
9924	2
9925	2
9926	1
9927	0
9928	1
9929	0
9930	1
9931	0
9932	1
9933	0
9934	0
9935	0
9936	1
9937	1
9938	5
9939	1
9940	0
9941	2
9942	1
9943	0
9944	0
9945	1
9946	0
9947	1
9948	1
9949	0
9950	1
9951	0
9952	0
9953	4
9954	1
9955	1
9956	0
9957	1
9958	2
9959	0
9960	1
9961	2
9962	2
9963	1
9964	1
9965	1
9966	0
9967	0
9968	0
9969	3
9970	0
9971	2
9972	1
9973	2
9974	1
9975	1
9976	1
9977	5
9978	2
9979	3
9980	1
9981	0
9982	1
9983	1
9984	1
9985	1
9986	1
9987	1
9988	1
9989	0
9990	0
9991	0
9992	2
9993	0
9994	1
9995	0
9996	2
9997	1
9998	0
9999	0
10000	0
