1	414503623
2	11368003
3	4688367
4	3587669
5	2736022
6	2036459
7	1615269
8	1529073
9	1755479
10	2247883
11	2969317
12	3875064
13	4921251
14	6066180
15	7221610
16	8320421
17	9265515
18	9995201
19	10445765
20	10571200
21	10397834
22	9929642
23	9187867
24	8277294
25	7247344
26	6180226
27	5146503
28	4180294
29	3320049
30	2578172
31	1961851
32	1470787
33	1089918
34	798710
35	579787
36	422101
37	311043
38	232879
39	181349
40	145271
41	121718
42	105688
43	94153
44	84962
45	79280
46	73981
47	67931
48	63285
49	59307
50	55120
51	51327
52	47803
53	44210
54	41471
55	38122
56	36359
57	34514
58	32335
59	30243
60	28731
61	27795
62	26434
63	24855
64	23622
65	22875
66	22057
67	21698
68	20577
69	20062
70	19470
71	19152
72	19081
73	18031
74	17558
75	16959
76	16205
77	15654
78	15095
79	14906
80	14497
81	14007
82	13461
83	13317
84	12896
85	12554
86	12334
87	11801
88	11563
89	11443
90	11225
91	11161
92	10584
93	10342
94	10076
95	10107
96	9807
97	9700
98	9650
99	9032
100	8919
101	8902
102	8612
103	8758
104	8556
105	8365
106	8369
107	8276
108	8103
109	7916
110	7732
111	7447
112	7262
113	7281
114	7178
115	7152
116	6991
117	6934
118	6876
119	6857
120	6550
121	6545
122	6458
123	6167
124	6125
125	5826
126	5901
127	5752
128	5517
129	5324
130	5283
131	5204
132	5112
133	5044
134	4868
135	4820
136	4882
137	4736
138	4630
139	4635
140	4620
141	4572
142	4516
143	4451
144	4415
145	4264
146	4391
147	4223
148	4049
149	4199
150	4248
151	4196
152	4221
153	4247
154	4209
155	4420
156	4463
157	4549
158	4642
159	4724
160	4883
161	5001
162	5185
163	5560
164	5764
165	5932
166	6112
167	6453
168	6911
169	7142
170	7385
171	7774
172	8291
173	8633
174	9046
175	9577
176	10215
177	10651
178	11257
179	12119
180	12809
181	13634
182	14402
183	15069
184	16057
185	17052
186	17663
187	18401
188	19273
189	20145
190	21040
191	21963
192	22829
193	23425
194	23933
195	25057
196	25546
197	26294
198	27344
199	27663
200	28598
201	29243
202	30161
203	30921
204	31208
205	31817
206	32454
207	33010
208	33342
209	33694
210	34130
211	34382
212	35144
213	35149
214	35798
215	35689
216	35710
217	35331
218	35425
219	35650
220	35615
221	35675
222	35348
223	34998
224	35028
225	34796
226	34529
227	34060
228	34168
229	33899
230	33697
231	33211
232	33092
233	32649
234	32454
235	31578
236	31512
237	30806
238	30512
239	30026
240	29433
241	29099
242	28780
243	28071
244	27292
245	27021
246	26705
247	26153
248	25716
249	25219
250	25092
251	24631
252	24266
253	23761
254	23819
255	22982
256	23029
257	22447
258	22198
259	21670
260	21258
261	21138
262	20650
263	20124
264	19690
265	19163
266	18985
267	18413
268	18201
269	17760
270	17207
271	16782
272	16610
273	16492
274	15701
275	15250
276	15192
277	14544
278	14266
279	13712
280	13544
281	13266
282	12903
283	12583
284	12232
285	11900
286	11805
287	11304
288	11006
289	10621
290	10420
291	9799
292	9450
293	9223
294	9097
295	8672
296	8425
297	8059
298	7596
299	7219
300	6941
301	6736
302	6529
303	6224
304	5969
305	5771
306	5349
307	5243
308	4948
309	4807
310	4561
311	4460
312	4145
313	4014
314	3762
315	3553
316	3434
317	3174
318	3046
319	2894
320	2808
321	2764
322	2515
323	2438
324	2265
325	2223
326	2078
327	1978
328	1883
329	1900
330	1634
331	1612
332	1513
333	1416
334	1386
335	1292
336	1141
337	1143
338	1120
339	1068
340	1023
341	946
342	968
343	920
344	828
345	849
346	793
347	709
348	780
349	754
350	699
351	703
352	686
353	652
354	631
355	610
356	592
357	588
358	543
359	564
360	578
361	529
362	511
363	535
364	568
365	535
366	543
367	507
368	503
369	497
370	511
371	517
372	495
373	497
374	500
375	509
376	449
377	473
378	470
379	454
380	464
381	484
382	464
383	496
384	452
385	484
386	477
387	464
388	483
389	449
390	454
391	450
392	466
393	464
394	502
395	454
396	457
397	488
398	451
399	502
400	485
401	482
402	501
403	513
404	475
405	454
406	441
407	481
408	476
409	541
410	486
411	502
412	516
413	508
414	467
415	494
416	477
417	488
418	477
419	482
420	488
421	495
422	511
423	495
424	506
425	476
426	478
427	539
428	533
429	526
430	571
431	543
432	587
433	583
434	556
435	550
436	565
437	602
438	606
439	560
440	547
441	553
442	593
443	542
444	579
445	591
446	637
447	650
448	611
449	655
450	642
451	682
452	633
453	665
454	628
455	649
456	703
457	690
458	718
459	728
460	776
461	751
462	718
463	756
464	738
465	784
466	741
467	787
468	733
469	783
470	783
471	772
472	765
473	744
474	805
475	714
476	728
477	750
478	705
479	779
480	686
481	748
482	715
483	751
484	744
485	706
486	705
487	681
488	670
489	715
490	650
491	665
492	704
493	643
494	670
495	636
496	683
497	595
498	612
499	605
500	593
501	535
502	550
503	553
504	615
505	566
506	517
507	537
508	498
509	500
510	489
511	474
512	445
513	425
514	467
515	445
516	430
517	401
518	395
519	426
520	426
521	396
522	383
523	350
524	364
525	438
526	376
527	355
528	370
529	346
530	328
531	352
532	319
533	325
534	304
535	319
536	284
537	299
538	276
539	274
540	288
541	290
542	272
543	274
544	269
545	275
546	269
547	272
548	277
549	292
550	292
551	270
552	290
553	263
554	255
555	294
556	245
557	254
558	229
559	236
560	268
561	221
562	210
563	199
564	230
565	227
566	185
567	237
568	208
569	198
570	197
571	222
572	212
573	236
574	197
575	222
576	208
577	263
578	235
579	208
580	204
581	197
582	229
583	234
584	211
585	213
586	193
587	188
588	215
589	190
590	203
591	195
592	184
593	197
594	179
595	178
596	184
597	189
598	175
599	212
600	189
601	192
602	179
603	179
604	146
605	164
606	176
607	165
608	178
609	159
610	178
611	170
612	191
613	175
614	174
615	163
616	175
617	150
618	165
619	196
620	184
621	161
622	170
623	167
624	156
625	171
626	174
627	148
628	161
629	143
630	173
631	177
632	164
633	158
634	135
635	153
636	137
637	173
638	142
639	145
640	157
641	159
642	158
643	154
644	157
645	144
646	140
647	143
648	160
649	174
650	161
651	141
652	144
653	179
654	187
655	171
656	141
657	180
658	177
659	191
660	169
661	157
662	155
663	187
664	159
665	168
666	173
667	145
668	164
669	169
670	168
671	180
672	155
673	181
674	172
675	175
676	180
677	150
678	141
679	180
680	160
681	170
682	169
683	159
684	175
685	148
686	147
687	152
688	150
689	143
690	147
691	125
692	134
693	141
694	153
695	152
696	142
697	123
698	146
699	162
700	147
701	137
702	140
703	147
704	157
705	155
706	146
707	132
708	154
709	134
710	127
711	154
712	146
713	166
714	140
715	140
716	157
717	140
718	149
719	154
720	131
721	138
722	139
723	145
724	155
725	123
726	137
727	139
728	126
729	133
730	134
731	128
732	131
733	127
734	130
735	132
736	117
737	138
738	117
739	125
740	133
741	117
742	101
743	107
744	119
745	136
746	124
747	113
748	123
749	120
750	131
751	125
752	118
753	106
754	127
755	116
756	93
757	141
758	128
759	120
760	94
761	112
762	116
763	122
764	116
765	106
766	126
767	103
768	99
769	129
770	104
771	92
772	116
773	94
774	92
775	86
776	110
777	93
778	97
779	121
780	123
781	112
782	100
783	110
784	122
785	119
786	114
787	117
788	131
789	100
790	114
791	119
792	115
793	105
794	114
795	127
796	129
797	92
798	114
799	108
800	111
801	98
802	125
803	112
804	102
805	93
806	94
807	108
808	80
809	100
810	112
811	121
812	102
813	101
814	117
815	122
816	97
817	117
818	116
819	112
820	124
821	115
822	92
823	95
824	122
825	107
826	116
827	118
828	129
829	107
830	96
831	113
832	118
833	130
834	105
835	103
836	107
837	118
838	111
839	100
840	107
841	92
842	114
843	129
844	113
845	103
846	95
847	91
848	116
849	112
850	111
851	80
852	96
853	127
854	88
855	88
856	96
857	118
858	94
859	96
860	111
861	102
862	115
863	124
864	116
865	124
866	102
867	109
868	131
869	91
870	94
871	110
872	118
873	117
874	115
875	106
876	93
877	120
878	111
879	117
880	105
881	98
882	96
883	112
884	103
885	104
886	109
887	119
888	121
889	95
890	98
891	94
892	103
893	93
894	109
895	109
896	98
897	101
898	92
899	99
900	118
901	111
902	106
903	88
904	92
905	103
906	104
907	102
908	88
909	112
910	108
911	99
912	102
913	96
914	109
915	100
916	117
917	102
918	111
919	99
920	75
921	106
922	113
923	96
924	108
925	108
926	85
927	100
928	89
929	103
930	107
931	85
932	106
933	114
934	97
935	98
936	93
937	98
938	106
939	102
940	117
941	96
942	106
943	95
944	87
945	96
946	73
947	81
948	89
949	81
950	86
951	88
952	70
953	81
954	83
955	78
956	99
957	89
958	90
959	83
960	82
961	67
962	105
963	91
964	66
965	64
966	74
967	75
968	70
969	78
970	83
971	84
972	70
973	70
974	69
975	78
976	69
977	95
978	68
979	65
980	79
981	71
982	82
983	82
984	56
985	70
986	57
987	79
988	66
989	64
990	80
991	70
992	52
993	82
994	69
995	70
996	76
997	70
998	61
999	46
1000	66
1001	65
1002	67
1003	72
1004	46
1005	78
1006	68
1007	62
1008	57
1009	47
1010	67
1011	78
1012	53
1013	64
1014	64
1015	76
1016	64
1017	77
1018	64
1019	60
1020	90
1021	67
1022	65
1023	67
1024	59
1025	56
1026	73
1027	61
1028	72
1029	67
1030	73
1031	65
1032	68
1033	62
1034	77
1035	58
1036	56
1037	43
1038	64
1039	47
1040	57
1041	60
1042	62
1043	49
1044	52
1045	73
1046	55
1047	59
1048	55
1049	48
1050	62
1051	62
1052	64
1053	62
1054	64
1055	73
1056	57
1057	64
1058	62
1059	78
1060	61
1061	71
1062	58
1063	59
1064	54
1065	61
1066	52
1067	57
1068	59
1069	64
1070	47
1071	73
1072	60
1073	67
1074	72
1075	61
1076	64
1077	57
1078	74
1079	79
1080	85
1081	79
1082	65
1083	70
1084	89
1085	88
1086	82
1087	69
1088	97
1089	67
1090	57
1091	76
1092	77
1093	68
1094	86
1095	75
1096	74
1097	81
1098	62
1099	68
1100	86
1101	84
1102	78
1103	76
1104	68
1105	80
1106	85
1107	82
1108	84
1109	54
1110	89
1111	76
1112	71
1113	75
1114	84
1115	71
1116	78
1117	75
1118	82
1119	60
1120	72
1121	64
1122	92
1123	77
1124	76
1125	64
1126	65
1127	93
1128	71
1129	95
1130	83
1131	74
1132	96
1133	71
1134	84
1135	77
1136	65
1137	61
1138	84
1139	77
1140	66
1141	88
1142	73
1143	84
1144	76
1145	64
1146	70
1147	91
1148	73
1149	72
1150	87
1151	86
1152	73
1153	67
1154	71
1155	80
1156	71
1157	76
1158	74
1159	106
1160	64
1161	83
1162	78
1163	84
1164	95
1165	59
1166	79
1167	98
1168	74
1169	95
1170	82
1171	86
1172	79
1173	84
1174	83
1175	92
1176	96
1177	87
1178	78
1179	76
1180	70
1181	76
1182	75
1183	78
1184	86
1185	86
1186	96
1187	92
1188	82
1189	72
1190	86
1191	84
1192	86
1193	87
1194	88
1195	65
1196	77
1197	83
1198	102
1199	80
1200	78
1201	63
1202	80
1203	81
1204	92
1205	77
1206	94
1207	67
1208	87
1209	81
1210	65
1211	92
1212	68
1213	66
1214	81
1215	79
1216	79
1217	64
1218	73
1219	72
1220	92
1221	62
1222	50
1223	64
1224	70
1225	72
1226	69
1227	67
1228	72
1229	53
1230	53
1231	63
1232	51
1233	60
1234	66
1235	55
1236	58
1237	70
1238	44
1239	57
1240	47
1241	63
1242	58
1243	62
1244	58
1245	65
1246	54
1247	57
1248	51
1249	51
1250	51
1251	50
1252	42
1253	46
1254	57
1255	59
1256	44
1257	49
1258	41
1259	54
1260	49
1261	34
1262	61
1263	49
1264	61
1265	54
1266	38
1267	51
1268	55
1269	41
1270	58
1271	53
1272	48
1273	53
1274	54
1275	53
1276	62
1277	52
1278	55
1279	61
1280	55
1281	67
1282	50
1283	63
1284	49
1285	62
1286	51
1287	61
1288	51
1289	54
1290	51
1291	59
1292	59
1293	57
1294	38
1295	64
1296	68
1297	53
1298	41
1299	56
1300	60
1301	58
1302	60
1303	58
1304	63
1305	59
1306	37
1307	63
1308	56
1309	61
1310	77
1311	57
1312	56
1313	49
1314	55
1315	59
1316	52
1317	64
1318	66
1319	67
1320	69
1321	52
1322	41
1323	61
1324	63
1325	61
1326	61
1327	71
1328	80
1329	71
1330	79
1331	68
1332	70
1333	87
1334	77
1335	82
1336	81
1337	78
1338	69
1339	70
1340	78
1341	64
1342	70
1343	82
1344	70
1345	73
1346	78
1347	58
1348	72
1349	78
1350	63
1351	68
1352	73
1353	67
1354	59
1355	61
1356	63
1357	51
1358	57
1359	71
1360	54
1361	55
1362	48
1363	55
1364	62
1365	57
1366	52
1367	66
1368	57
1369	54
1370	44
1371	67
1372	51
1373	66
1374	59
1375	54
1376	67
1377	49
1378	48
1379	42
1380	80
1381	52
1382	44
1383	48
1384	58
1385	49
1386	45
1387	51
1388	55
1389	54
1390	47
1391	49
1392	52
1393	44
1394	41
1395	55
1396	52
1397	55
1398	52
1399	55
1400	62
1401	48
1402	49
1403	50
1404	39
1405	44
1406	50
1407	45
1408	37
1409	41
1410	50
1411	30
1412	46
1413	36
1414	49
1415	51
1416	47
1417	55
1418	49
1419	47
1420	53
1421	41
1422	44
1423	49
1424	48
1425	53
1426	32
1427	25
1428	42
1429	45
1430	39
1431	43
1432	51
1433	44
1434	42
1435	38
1436	56
1437	43
1438	48
1439	38
1440	41
1441	32
1442	47
1443	30
1444	35
1445	42
1446	40
1447	33
1448	43
1449	38
1450	43
1451	43
1452	44
1453	41
1454	46
1455	47
1456	38
1457	51
1458	40
1459	41
1460	55
1461	46
1462	33
1463	37
1464	24
1465	33
1466	45
1467	37
1468	35
1469	33
1470	34
1471	42
1472	38
1473	29
1474	35
1475	37
1476	37
1477	38
1478	39
1479	37
1480	43
1481	51
1482	29
1483	39
1484	39
1485	40
1486	38
1487	36
1488	28
1489	36
1490	35
1491	30
1492	37
1493	30
1494	36
1495	36
1496	29
1497	46
1498	40
1499	42
1500	41
1501	37
1502	34
1503	28
1504	49
1505	42
1506	49
1507	34
1508	53
1509	50
1510	40
1511	50
1512	43
1513	38
1514	56
1515	53
1516	45
1517	42
1518	50
1519	52
1520	42
1521	35
1522	43
1523	55
1524	48
1525	41
1526	49
1527	44
1528	45
1529	57
1530	39
1531	42
1532	36
1533	48
1534	42
1535	38
1536	39
1537	42
1538	35
1539	42
1540	46
1541	45
1542	29
1543	45
1544	46
1545	41
1546	51
1547	42
1548	38
1549	47
1550	48
1551	44
1552	45
1553	41
1554	27
1555	43
1556	40
1557	37
1558	32
1559	29
1560	31
1561	43
1562	36
1563	42
1564	50
1565	50
1566	44
1567	38
1568	32
1569	42
1570	34
1571	42
1572	39
1573	48
1574	47
1575	40
1576	46
1577	37
1578	47
1579	29
1580	50
1581	45
1582	35
1583	39
1584	48
1585	59
1586	46
1587	38
1588	39
1589	55
1590	44
1591	37
1592	38
1593	35
1594	46
1595	49
1596	30
1597	37
1598	28
1599	31
1600	45
1601	47
1602	32
1603	44
1604	49
1605	44
1606	37
1607	33
1608	50
1609	43
1610	40
1611	31
1612	31
1613	29
1614	43
1615	57
1616	42
1617	42
1618	60
1619	37
1620	41
1621	38
1622	39
1623	33
1624	41
1625	40
1626	43
1627	45
1628	46
1629	38
1630	44
1631	40
1632	33
1633	48
1634	38
1635	28
1636	39
1637	41
1638	32
1639	42
1640	23
1641	33
1642	36
1643	32
1644	39
1645	40
1646	44
1647	41
1648	32
1649	42
1650	54
1651	51
1652	46
1653	38
1654	41
1655	42
1656	48
1657	44
1658	40
1659	34
1660	43
1661	36
1662	40
1663	32
1664	36
1665	43
1666	35
1667	38
1668	50
1669	47
1670	44
1671	40
1672	34
1673	35
1674	40
1675	42
1676	40
1677	37
1678	50
1679	36
1680	52
1681	50
1682	41
1683	49
1684	52
1685	36
1686	53
1687	37
1688	58
1689	40
1690	42
1691	47
1692	44
1693	46
1694	51
1695	40
1696	45
1697	36
1698	40
1699	29
1700	44
1701	29
1702	34
1703	47
1704	32
1705	34
1706	35
1707	35
1708	31
1709	35
1710	45
1711	43
1712	48
1713	42
1714	28
1715	51
1716	32
1717	33
1718	29
1719	26
1720	42
1721	32
1722	42
1723	29
1724	35
1725	27
1726	39
1727	26
1728	28
1729	24
1730	26
1731	14
1732	20
1733	24
1734	21
1735	29
1736	30
1737	22
1738	22
1739	23
1740	23
1741	22
1742	27
1743	27
1744	29
1745	14
1746	23
1747	16
1748	29
1749	33
1750	27
1751	17
1752	19
1753	24
1754	25
1755	30
1756	22
1757	25
1758	29
1759	26
1760	32
1761	26
1762	28
1763	17
1764	34
1765	25
1766	22
1767	20
1768	26
1769	24
1770	27
1771	29
1772	33
1773	35
1774	32
1775	29
1776	23
1777	22
1778	31
1779	32
1780	31
1781	34
1782	19
1783	36
1784	23
1785	26
1786	26
1787	26
1788	23
1789	28
1790	33
1791	36
1792	23
1793	28
1794	29
1795	37
1796	24
1797	29
1798	29
1799	22
1800	20
1801	32
1802	27
1803	24
1804	31
1805	42
1806	27
1807	29
1808	30
1809	26
1810	29
1811	27
1812	27
1813	26
1814	27
1815	29
1816	40
1817	38
1818	26
1819	28
1820	28
1821	30
1822	47
1823	32
1824	33
1825	28
1826	32
1827	24
1828	26
1829	28
1830	39
1831	30
1832	23
1833	33
1834	33
1835	29
1836	27
1837	33
1838	33
1839	29
1840	31
1841	29
1842	17
1843	27
1844	25
1845	31
1846	21
1847	25
1848	18
1849	25
1850	24
1851	23
1852	18
1853	18
1854	19
1855	19
1856	21
1857	21
1858	25
1859	17
1860	25
1861	38
1862	19
1863	27
1864	24
1865	27
1866	12
1867	35
1868	27
1869	21
1870	21
1871	24
1872	23
1873	33
1874	34
1875	23
1876	27
1877	26
1878	29
1879	29
1880	23
1881	22
1882	30
1883	17
1884	29
1885	23
1886	35
1887	33
1888	23
1889	20
1890	25
1891	23
1892	16
1893	26
1894	37
1895	24
1896	33
1897	29
1898	23
1899	32
1900	30
1901	27
1902	25
1903	27
1904	24
1905	27
1906	24
1907	30
1908	34
1909	33
1910	29
1911	26
1912	26
1913	29
1914	33
1915	32
1916	27
1917	35
1918	33
1919	35
1920	25
1921	24
1922	29
1923	33
1924	28
1925	26
1926	26
1927	23
1928	25
1929	31
1930	30
1931	25
1932	22
1933	32
1934	31
1935	29
1936	37
1937	34
1938	28
1939	40
1940	40
1941	26
1942	32
1943	33
1944	34
1945	39
1946	54
1947	34
1948	45
1949	41
1950	28
1951	32
1952	38
1953	34
1954	17
1955	26
1956	49
1957	40
1958	39
1959	34
1960	44
1961	29
1962	37
1963	39
1964	34
1965	40
1966	37
1967	34
1968	38
1969	47
1970	36
1971	35
1972	37
1973	42
1974	36
1975	37
1976	33
1977	39
1978	24
1979	38
1980	36
1981	37
1982	34
1983	43
1984	33
1985	35
1986	23
1987	42
1988	27
1989	32
1990	38
1991	37
1992	32
1993	36
1994	36
1995	26
1996	36
1997	37
1998	39
1999	36
2000	37
2001	19
2002	44
2003	35
2004	34
2005	40
2006	35
2007	24
2008	38
2009	29
2010	28
2011	32
2012	40
2013	33
2014	34
2015	42
2016	36
2017	23
2018	38
2019	20
2020	45
2021	40
2022	44
2023	42
2024	28
2025	27
2026	40
2027	25
2028	37
2029	28
2030	40
2031	43
2032	33
2033	29
2034	32
2035	32
2036	29
2037	27
2038	31
2039	25
2040	33
2041	39
2042	33
2043	42
2044	29
2045	32
2046	35
2047	35
2048	39
2049	39
2050	37
2051	41
2052	39
2053	29
2054	38
2055	30
2056	40
2057	41
2058	32
2059	42
2060	42
2061	40
2062	29
2063	36
2064	34
2065	32
2066	27
2067	40
2068	44
2069	43
2070	42
2071	49
2072	40
2073	56
2074	45
2075	28
2076	33
2077	53
2078	55
2079	42
2080	46
2081	41
2082	37
2083	35
2084	28
2085	58
2086	33
2087	34
2088	32
2089	44
2090	46
2091	35
2092	30
2093	37
2094	53
2095	36
2096	35
2097	40
2098	45
2099	49
2100	40
2101	31
2102	46
2103	44
2104	31
2105	43
2106	49
2107	38
2108	31
2109	41
2110	43
2111	44
2112	34
2113	34
2114	38
2115	46
2116	40
2117	31
2118	42
2119	45
2120	44
2121	53
2122	46
2123	43
2124	41
2125	38
2126	47
2127	34
2128	40
2129	44
2130	26
2131	39
2132	31
2133	34
2134	25
2135	28
2136	37
2137	27
2138	34
2139	35
2140	38
2141	34
2142	43
2143	37
2144	33
2145	39
2146	30
2147	44
2148	33
2149	42
2150	31
2151	33
2152	48
2153	39
2154	39
2155	40
2156	39
2157	34
2158	39
2159	41
2160	35
2161	39
2162	39
2163	37
2164	40
2165	29
2166	28
2167	35
2168	35
2169	42
2170	30
2171	34
2172	32
2173	34
2174	33
2175	26
2176	32
2177	33
2178	33
2179	23
2180	36
2181	39
2182	27
2183	34
2184	27
2185	23
2186	24
2187	41
2188	33
2189	45
2190	34
2191	33
2192	42
2193	36
2194	37
2195	33
2196	33
2197	42
2198	31
2199	28
2200	30
2201	31
2202	37
2203	39
2204	31
2205	29
2206	27
2207	26
2208	36
2209	31
2210	29
2211	31
2212	28
2213	40
2214	33
2215	36
2216	43
2217	31
2218	38
2219	30
2220	33
2221	30
2222	31
2223	31
2224	31
2225	28
2226	36
2227	31
2228	25
2229	28
2230	24
2231	32
2232	28
2233	30
2234	30
2235	19
2236	28
2237	29
2238	26
2239	37
2240	35
2241	26
2242	35
2243	30
2244	35
2245	30
2246	33
2247	39
2248	41
2249	31
2250	44
2251	37
2252	40
2253	35
2254	33
2255	40
2256	38
2257	33
2258	37
2259	49
2260	44
2261	45
2262	35
2263	32
2264	44
2265	48
2266	47
2267	32
2268	43
2269	36
2270	48
2271	42
2272	46
2273	42
2274	38
2275	43
2276	55
2277	45
2278	37
2279	46
2280	34
2281	44
2282	44
2283	48
2284	46
2285	46
2286	52
2287	53
2288	43
2289	39
2290	54
2291	48
2292	52
2293	40
2294	58
2295	45
2296	48
2297	48
2298	46
2299	56
2300	52
2301	30
2302	39
2303	37
2304	37
2305	35
2306	46
2307	32
2308	36
2309	43
2310	21
2311	40
2312	36
2313	30
2314	38
2315	37
2316	30
2317	33
2318	53
2319	44
2320	34
2321	39
2322	44
2323	50
2324	41
2325	49
2326	57
2327	48
2328	45
2329	37
2330	31
2331	43
2332	38
2333	49
2334	45
2335	45
2336	47
2337	46
2338	42
2339	37
2340	28
2341	42
2342	44
2343	38
2344	32
2345	43
2346	37
2347	30
2348	30
2349	24
2350	37
2351	34
2352	33
2353	31
2354	40
2355	24
2356	36
2357	32
2358	43
2359	38
2360	33
2361	24
2362	33
2363	30
2364	26
2365	33
2366	28
2367	35
2368	38
2369	28
2370	38
2371	32
2372	34
2373	31
2374	29
2375	26
2376	21
2377	24
2378	24
2379	20
2380	23
2381	24
2382	30
2383	24
2384	26
2385	25
2386	27
2387	39
2388	27
2389	22
2390	26
2391	18
2392	18
2393	24
2394	28
2395	27
2396	22
2397	31
2398	21
2399	27
2400	20
2401	22
2402	25
2403	22
2404	25
2405	23
2406	33
2407	38
2408	25
2409	25
2410	19
2411	25
2412	35
2413	23
2414	34
2415	20
2416	20
2417	19
2418	17
2419	18
2420	29
2421	26
2422	25
2423	29
2424	17
2425	29
2426	28
2427	23
2428	15
2429	18
2430	23
2431	32
2432	20
2433	20
2434	18
2435	20
2436	19
2437	25
2438	15
2439	21
2440	22
2441	20
2442	21
2443	27
2444	25
2445	29
2446	30
2447	18
2448	32
2449	19
2450	17
2451	14
2452	20
2453	27
2454	29
2455	20
2456	27
2457	27
2458	15
2459	15
2460	20
2461	19
2462	25
2463	24
2464	17
2465	23
2466	14
2467	25
2468	20
2469	19
2470	19
2471	29
2472	20
2473	28
2474	23
2475	21
2476	17
2477	16
2478	22
2479	31
2480	23
2481	23
2482	17
2483	17
2484	21
2485	27
2486	23
2487	24
2488	17
2489	26
2490	26
2491	14
2492	21
2493	27
2494	22
2495	22
2496	21
2497	27
2498	24
2499	27
2500	21
2501	15
2502	16
2503	18
2504	17
2505	28
2506	20
2507	20
2508	20
2509	16
2510	17
2511	23
2512	25
2513	16
2514	16
2515	16
2516	15
2517	20
2518	18
2519	18
2520	20
2521	19
2522	20
2523	9
2524	19
2525	30
2526	19
2527	26
2528	20
2529	15
2530	19
2531	21
2532	14
2533	20
2534	20
2535	14
2536	10
2537	16
2538	16
2539	15
2540	16
2541	23
2542	14
2543	19
2544	23
2545	21
2546	17
2547	21
2548	18
2549	16
2550	19
2551	17
2552	24
2553	11
2554	19
2555	21
2556	21
2557	24
2558	19
2559	16
2560	15
2561	20
2562	25
2563	19
2564	20
2565	23
2566	16
2567	19
2568	16
2569	17
2570	21
2571	16
2572	21
2573	19
2574	25
2575	14
2576	24
2577	20
2578	12
2579	31
2580	18
2581	20
2582	17
2583	19
2584	16
2585	25
2586	14
2587	26
2588	19
2589	26
2590	16
2591	18
2592	21
2593	15
2594	16
2595	9
2596	12
2597	22
2598	26
2599	14
2600	17
2601	18
2602	19
2603	19
2604	15
2605	9
2606	11
2607	21
2608	18
2609	14
2610	13
2611	17
2612	6
2613	16
2614	16
2615	11
2616	19
2617	16
2618	9
2619	21
2620	16
2621	15
2622	15
2623	12
2624	13
2625	9
2626	14
2627	15
2628	18
2629	18
2630	17
2631	21
2632	17
2633	15
2634	20
2635	13
2636	12
2637	16
2638	23
2639	19
2640	10
2641	13
2642	21
2643	24
2644	23
2645	9
2646	18
2647	16
2648	13
2649	16
2650	11
2651	14
2652	7
2653	19
2654	19
2655	20
2656	21
2657	20
2658	18
2659	20
2660	15
2661	21
2662	23
2663	23
2664	20
2665	19
2666	29
2667	18
2668	21
2669	16
2670	18
2671	19
2672	14
2673	17
2674	21
2675	17
2676	21
2677	16
2678	16
2679	16
2680	20
2681	20
2682	20
2683	15
2684	20
2685	23
2686	21
2687	19
2688	21
2689	14
2690	22
2691	22
2692	24
2693	20
2694	19
2695	20
2696	15
2697	11
2698	23
2699	13
2700	15
2701	22
2702	22
2703	27
2704	13
2705	14
2706	18
2707	15
2708	18
2709	19
2710	16
2711	16
2712	18
2713	17
2714	20
2715	27
2716	17
2717	19
2718	15
2719	16
2720	18
2721	19
2722	25
2723	15
2724	20
2725	19
2726	17
2727	25
2728	17
2729	15
2730	17
2731	20
2732	15
2733	28
2734	22
2735	14
2736	26
2737	22
2738	17
2739	33
2740	19
2741	31
2742	21
2743	21
2744	23
2745	21
2746	22
2747	15
2748	21
2749	22
2750	26
2751	17
2752	15
2753	15
2754	17
2755	18
2756	22
2757	17
2758	11
2759	32
2760	18
2761	23
2762	16
2763	19
2764	17
2765	18
2766	13
2767	20
2768	18
2769	17
2770	15
2771	23
2772	21
2773	18
2774	18
2775	12
2776	16
2777	26
2778	12
2779	25
2780	13
2781	16
2782	22
2783	13
2784	19
2785	20
2786	23
2787	22
2788	16
2789	22
2790	18
2791	24
2792	16
2793	23
2794	13
2795	15
2796	22
2797	16
2798	11
2799	24
2800	24
2801	15
2802	26
2803	13
2804	15
2805	22
2806	22
2807	19
2808	14
2809	24
2810	17
2811	20
2812	21
2813	20
2814	19
2815	18
2816	14
2817	26
2818	22
2819	28
2820	16
2821	16
2822	22
2823	15
2824	22
2825	17
2826	23
2827	19
2828	19
2829	22
2830	19
2831	19
2832	17
2833	19
2834	15
2835	20
2836	20
2837	20
2838	25
2839	17
2840	32
2841	25
2842	24
2843	20
2844	21
2845	22
2846	21
2847	26
2848	23
2849	28
2850	20
2851	21
2852	18
2853	15
2854	21
2855	19
2856	18
2857	30
2858	26
2859	24
2860	19
2861	16
2862	20
2863	27
2864	16
2865	22
2866	22
2867	21
2868	22
2869	18
2870	21
2871	26
2872	21
2873	22
2874	17
2875	23
2876	20
2877	20
2878	24
2879	23
2880	15
2881	24
2882	28
2883	19
2884	26
2885	21
2886	29
2887	23
2888	19
2889	19
2890	18
2891	20
2892	15
2893	15
2894	19
2895	18
2896	16
2897	20
2898	16
2899	12
2900	14
2901	18
2902	18
2903	12
2904	22
2905	17
2906	11
2907	14
2908	8
2909	19
2910	18
2911	15
2912	21
2913	11
2914	17
2915	13
2916	18
2917	12
2918	8
2919	13
2920	16
2921	14
2922	14
2923	13
2924	19
2925	10
2926	18
2927	17
2928	11
2929	9
2930	22
2931	11
2932	7
2933	15
2934	15
2935	17
2936	12
2937	15
2938	11
2939	19
2940	9
2941	12
2942	17
2943	18
2944	15
2945	12
2946	15
2947	10
2948	13
2949	8
2950	8
2951	14
2952	6
2953	7
2954	10
2955	16
2956	12
2957	10
2958	14
2959	13
2960	12
2961	10
2962	13
2963	8
2964	13
2965	10
2966	8
2967	15
2968	11
2969	12
2970	20
2971	14
2972	22
2973	7
2974	16
2975	18
2976	18
2977	20
2978	12
2979	14
2980	14
2981	16
2982	10
2983	15
2984	11
2985	10
2986	12
2987	14
2988	15
2989	18
2990	15
2991	13
2992	14
2993	19
2994	15
2995	11
2996	6
2997	14
2998	16
2999	11
3000	8
3001	25
3002	7
3003	9
3004	14
3005	9
3006	4
3007	10
3008	11
3009	16
3010	13
3011	9
3012	16
3013	12
3014	10
3015	12
3016	21
3017	11
3018	8
3019	8
3020	14
3021	8
3022	15
3023	9
3024	9
3025	9
3026	17
3027	14
3028	8
3029	15
3030	13
3031	18
3032	15
3033	7
3034	10
3035	6
3036	15
3037	11
3038	10
3039	7
3040	12
3041	11
3042	8
3043	15
3044	12
3045	12
3046	8
3047	7
3048	12
3049	12
3050	11
3051	8
3052	13
3053	6
3054	9
3055	12
3056	16
3057	16
3058	9
3059	12
3060	15
3061	8
3062	8
3063	12
3064	11
3065	8
3066	9
3067	13
3068	17
3069	8
3070	15
3071	7
3072	7
3073	11
3074	13
3075	6
3076	13
3077	13
3078	10
3079	15
3080	12
3081	15
3082	7
3083	6
3084	13
3085	10
3086	7
3087	5
3088	12
3089	11
3090	7
3091	7
3092	5
3093	10
3094	15
3095	16
3096	8
3097	9
3098	7
3099	9
3100	4
3101	8
3102	11
3103	7
3104	11
3105	3
3106	4
3107	7
3108	8
3109	3
3110	11
3111	7
3112	11
3113	3
3114	10
3115	11
3116	10
3117	12
3118	9
3119	8
3120	13
3121	9
3122	6
3123	7
3124	8
3125	12
3126	9
3127	9
3128	9
3129	7
3130	4
3131	10
3132	9
3133	9
3134	7
3135	10
3136	5
3137	6
3138	12
3139	11
3140	11
3141	5
3142	11
3143	11
3144	7
3145	11
3146	8
3147	7
3148	7
3149	11
3150	16
3151	7
3152	6
3153	7
3154	12
3155	7
3156	10
3157	11
3158	8
3159	17
3160	6
3161	12
3162	9
3163	7
3164	6
3165	4
3166	12
3167	12
3168	5
3169	10
3170	12
3171	8
3172	9
3173	8
3174	6
3175	8
3176	8
3177	10
3178	9
3179	6
3180	6
3181	6
3182	11
3183	12
3184	8
3185	2
3186	10
3187	6
3188	10
3189	9
3190	3
3191	8
3192	9
3193	5
3194	1
3195	3
3196	7
3197	5
3198	9
3199	4
3200	9
3201	7
3202	5
3203	6
3204	7
3205	8
3206	7
3207	14
3208	5
3209	7
3210	5
3211	8
3212	4
3213	7
3214	9
3215	4
3216	2
3217	11
3218	9
3219	7
3220	9
3221	7
3222	7
3223	8
3224	8
3225	9
3226	7
3227	8
3228	10
3229	8
3230	7
3231	3
3232	14
3233	8
3234	12
3235	10
3236	11
3237	4
3238	4
3239	9
3240	3
3241	8
3242	13
3243	6
3244	7
3245	8
3246	9
3247	8
3248	5
3249	5
3250	10
3251	10
3252	8
3253	9
3254	9
3255	5
3256	7
3257	6
3258	9
3259	7
3260	9
3261	10
3262	4
3263	8
3264	3
3265	3
3266	5
3267	5
3268	9
3269	8
3270	5
3271	8
3272	6
3273	4
3274	2
3275	7
3276	10
3277	15
3278	8
3279	13
3280	11
3281	6
3282	10
3283	9
3284	14
3285	9
3286	7
3287	10
3288	9
3289	11
3290	11
3291	12
3292	11
3293	7
3294	9
3295	3
3296	11
3297	16
3298	8
3299	6
3300	11
3301	5
3302	6
3303	8
3304	11
3305	9
3306	9
3307	13
3308	7
3309	7
3310	11
3311	9
3312	3
3313	4
3314	8
3315	9
3316	8
3317	9
3318	4
3319	7
3320	10
3321	4
3322	15
3323	6
3324	9
3325	16
3326	11
3327	8
3328	12
3329	9
3330	18
3331	7
3332	13
3333	12
3334	12
3335	10
3336	11
3337	8
3338	17
3339	9
3340	12
3341	12
3342	13
3343	9
3344	8
3345	13
3346	10
3347	9
3348	8
3349	14
3350	11
3351	13
3352	16
3353	13
3354	8
3355	11
3356	12
3357	9
3358	14
3359	15
3360	10
3361	9
3362	13
3363	10
3364	13
3365	6
3366	3
3367	12
3368	14
3369	5
3370	6
3371	9
3372	11
3373	5
3374	5
3375	8
3376	9
3377	11
3378	3
3379	12
3380	12
3381	11
3382	8
3383	8
3384	6
3385	9
3386	7
3387	7
3388	11
3389	7
3390	7
3391	8
3392	4
3393	10
3394	12
3395	6
3396	7
3397	7
3398	5
3399	5
3400	3
3401	9
3402	6
3403	4
3404	5
3405	10
3406	8
3407	13
3408	9
3409	8
3410	9
3411	3
3412	5
3413	5
3414	9
3415	9
3416	4
3417	4
3418	8
3419	4
3420	5
3421	6
3422	6
3423	6
3424	6
3425	3
3426	6
3427	9
3428	10
3429	4
3430	10
3431	10
3432	5
3433	6
3434	10
3435	3
3436	7
3437	11
3438	7
3439	6
3440	5
3441	8
3442	13
3443	6
3444	10
3445	4
3446	12
3447	8
3448	5
3449	10
3450	5
3451	8
3452	15
3453	5
3454	4
3455	5
3456	9
3457	8
3458	9
3459	8
3460	4
3461	10
3462	7
3463	4
3464	7
3465	6
3466	5
3467	7
3468	5
3469	6
3470	4
3471	4
3472	4
3473	7
3474	4
3475	3
3476	7
3477	2
3478	4
3479	3
3480	6
3481	3
3482	6
3483	7
3484	6
3485	4
3486	9
3487	6
3488	9
3489	3
3490	6
3491	4
3492	11
3493	7
3494	8
3495	11
3496	1
3497	5
3498	2
3499	6
3500	8
3501	6
3502	5
3503	8
3504	1
3505	7
3506	11
3507	5
3508	6
3509	1
3510	5
3511	6
3512	7
3513	7
3514	6
3515	7
3516	10
3517	7
3518	7
3519	8
3520	4
3521	2
3522	5
3523	2
3524	6
3525	10
3526	1
3527	7
3528	6
3529	5
3530	4
3531	8
3532	5
3533	3
3534	6
3535	5
3536	3
3537	5
3538	5
3539	6
3540	6
3541	9
3542	6
3543	8
3544	11
3545	8
3546	6
3547	9
3548	6
3549	6
3550	5
3551	8
3552	3
3553	7
3554	5
3555	8
3556	6
3557	4
3558	4
3559	5
3560	7
3561	3
3562	2
3563	1
3564	3
3565	8
3566	4
3567	6
3568	2
3569	3
3570	1
3571	5
3572	4
3573	1
3574	3
3575	2
3576	3
3577	4
3578	3
3579	1
3580	6
3581	1
3582	2
3583	2
3584	1
3585	4
3586	3
3587	1
3588	5
3589	2
3590	3
3591	1
3592	2
3593	4
3594	0
3595	3
3596	2
3597	5
3598	2
3599	0
3600	4
3601	4
3602	3
3603	4
3604	9
3605	2
3606	5
3607	5
3608	7
3609	3
3610	2
3611	3
3612	3
3613	3
3614	1
3615	2
3616	5
3617	2
3618	3
3619	7
3620	6
3621	1
3622	3
3623	4
3624	6
3625	4
3626	6
3627	2
3628	3
3629	5
3630	7
3631	3
3632	2
3633	3
3634	3
3635	4
3636	6
3637	2
3638	2
3639	3
3640	9
3641	10
3642	9
3643	7
3644	7
3645	5
3646	5
3647	6
3648	9
3649	2
3650	2
3651	5
3652	8
3653	4
3654	7
3655	4
3656	4
3657	8
3658	11
3659	6
3660	5
3661	2
3662	3
3663	8
3664	11
3665	2
3666	9
3667	7
3668	6
3669	7
3670	7
3671	7
3672	6
3673	5
3674	8
3675	5
3676	2
3677	5
3678	4
3679	7
3680	4
3681	5
3682	3
3683	1
3684	3
3685	5
3686	2
3687	4
3688	2
3689	3
3690	3
3691	4
3692	1
3693	3
3694	4
3695	2
3696	3
3697	6
3698	1
3699	3
3700	6
3701	3
3702	1
3703	2
3704	3
3705	2
3706	5
3707	3
3708	2
3709	0
3710	3
3711	3
3712	7
3713	4
3714	6
3715	1
3716	4
3717	3
3718	5
3719	6
3720	5
3721	2
3722	7
3723	5
3724	6
3725	2
3726	3
3727	6
3728	5
3729	5
3730	3
3731	5
3732	4
3733	3
3734	6
3735	3
3736	2
3737	3
3738	6
3739	1
3740	2
3741	3
3742	7
3743	3
3744	2
3745	4
3746	6
3747	5
3748	3
3749	4
3750	5
3751	8
3752	2
3753	5
3754	4
3755	1
3756	2
3757	4
3758	2
3759	2
3760	3
3761	5
3762	4
3763	5
3764	3
3765	7
3766	2
3767	2
3768	2
3769	2
3770	4
3771	6
3772	5
3773	4
3774	4
3775	1
3776	6
3777	5
3778	5
3779	5
3780	4
3781	4
3782	5
3783	1
3784	3
3785	4
3786	7
3787	6
3788	6
3789	6
3790	2
3791	4
3792	2
3793	3
3794	2
3795	7
3796	2
3797	8
3798	5
3799	8
3800	6
3801	6
3802	10
3803	6
3804	0
3805	4
3806	0
3807	4
3808	6
3809	7
3810	7
3811	10
3812	7
3813	7
3814	6
3815	4
3816	5
3817	4
3818	4
3819	6
3820	5
3821	2
3822	7
3823	6
3824	6
3825	5
3826	1
3827	5
3828	6
3829	7
3830	9
3831	5
3832	8
3833	1
3834	9
3835	7
3836	3
3837	2
3838	2
3839	5
3840	4
3841	2
3842	7
3843	3
3844	7
3845	3
3846	7
3847	4
3848	4
3849	6
3850	5
3851	5
3852	4
3853	2
3854	7
3855	6
3856	5
3857	6
3858	9
3859	8
3860	8
3861	7
3862	5
3863	5
3864	4
3865	7
3866	5
3867	3
3868	1
3869	3
3870	5
3871	7
3872	4
3873	1
3874	6
3875	3
3876	4
3877	4
3878	6
3879	7
3880	4
3881	5
3882	5
3883	4
3884	6
3885	6
3886	3
3887	10
3888	4
3889	3
3890	5
3891	2
3892	7
3893	5
3894	6
3895	3
3896	8
3897	4
3898	1
3899	4
3900	1
3901	5
3902	4
3903	2
3904	4
3905	8
3906	3
3907	7
3908	1
3909	5
3910	6
3911	5
3912	3
3913	2
3914	1
3915	3
3916	3
3917	4
3918	3
3919	4
3920	4
3921	5
3922	3
3923	2
3924	1
3925	2
3926	10
3927	0
3928	5
3929	3
3930	3
3931	5
3932	4
3933	2
3934	1
3935	6
3936	3
3937	5
3938	2
3939	0
3940	5
3941	1
3942	5
3943	4
3944	3
3945	4
3946	3
3947	2
3948	4
3949	3
3950	4
3951	2
3952	5
3953	6
3954	3
3955	1
3956	1
3957	3
3958	5
3959	4
3960	3
3961	4
3962	4
3963	3
3964	3
3965	4
3966	2
3967	6
3968	6
3969	3
3970	1
3971	7
3972	1
3973	2
3974	4
3975	2
3976	6
3977	7
3978	3
3979	3
3980	4
3981	3
3982	1
3983	2
3984	2
3985	4
3986	3
3987	4
3988	1
3989	3
3990	3
3991	5
3992	2
3993	2
3994	2
3995	4
3996	6
3997	4
3998	0
3999	2
4000	5
4001	2
4002	2
4003	5
4004	4
4005	6
4006	6
4007	7
4008	2
4009	2
4010	3
4011	4
4012	1
4013	5
4014	4
4015	4
4016	6
4017	4
4018	3
4019	5
4020	2
4021	2
4022	2
4023	3
4024	6
4025	2
4026	2
4027	2
4028	5
4029	9
4030	9
4031	7
4032	6
4033	2
4034	1
4035	2
4036	6
4037	3
4038	5
4039	4
4040	5
4041	7
4042	7
4043	0
4044	4
4045	3
4046	2
4047	4
4048	6
4049	13
4050	6
4051	4
4052	6
4053	7
4054	8
4055	5
4056	4
4057	4
4058	8
4059	11
4060	6
4061	2
4062	9
4063	6
4064	2
4065	2
4066	3
4067	7
4068	7
4069	5
4070	3
4071	4
4072	2
4073	1
4074	11
4075	3
4076	2
4077	5
4078	5
4079	3
4080	2
4081	2
4082	3
4083	1
4084	4
4085	6
4086	3
4087	6
4088	4
4089	6
4090	4
4091	3
4092	3
4093	2
4094	3
4095	3
4096	3
4097	4
4098	3
4099	0
4100	4
4101	0
4102	5
4103	3
4104	2
4105	4
4106	5
4107	3
4108	4
4109	1
4110	6
4111	4
4112	7
4113	1
4114	3
4115	0
4116	3
4117	6
4118	2
4119	3
4120	3
4121	5
4122	2
4123	2
4124	3
4125	8
4126	0
4127	6
4128	5
4129	4
4130	1
4131	3
4132	3
4133	1
4134	3
4135	4
4136	0
4137	3
4138	3
4139	2
4140	3
4141	4
4142	3
4143	0
4144	2
4145	2
4146	0
4147	4
4148	2
4149	3
4150	2
4151	5
4152	8
4153	6
4154	8
4155	2
4156	5
4157	2
4158	1
4159	5
4160	5
4161	5
4162	2
4163	5
4164	4
4165	4
4166	4
4167	3
4168	3
4169	1
4170	1
4171	4
4172	1
4173	2
4174	1
4175	5
4176	3
4177	2
4178	6
4179	3
4180	5
4181	7
4182	5
4183	1
4184	1
4185	2
4186	4
4187	3
4188	2
4189	6
4190	2
4191	1
4192	3
4193	5
4194	4
4195	2
4196	2
4197	4
4198	5
4199	3
4200	5
4201	5
4202	1
4203	7
4204	2
4205	5
4206	2
4207	4
4208	1
4209	0
4210	4
4211	2
4212	3
4213	1
4214	2
4215	0
4216	2
4217	2
4218	3
4219	4
4220	2
4221	2
4222	3
4223	0
4224	1
4225	2
4226	4
4227	5
4228	0
4229	0
4230	0
4231	0
4232	4
4233	4
4234	3
4235	2
4236	1
4237	0
4238	4
4239	0
4240	2
4241	0
4242	1
4243	7
4244	4
4245	3
4246	3
4247	4
4248	1
4249	0
4250	4
4251	0
4252	0
4253	1
4254	3
4255	3
4256	0
4257	0
4258	1
4259	2
4260	4
4261	6
4262	1
4263	1
4264	4
4265	1
4266	5
4267	0
4268	2
4269	1
4270	2
4271	2
4272	0
4273	3
4274	1
4275	2
4276	1
4277	2
4278	3
4279	5
4280	1
4281	2
4282	2
4283	1
4284	1
4285	1
4286	2
4287	1
4288	3
4289	2
4290	2
4291	4
4292	0
4293	2
4294	3
4295	1
4296	1
4297	1
4298	1
4299	2
4300	0
4301	2
4302	1
4303	1
4304	1
4305	4
4306	2
4307	3
4308	4
4309	2
4310	0
4311	5
4312	1
4313	0
4314	1
4315	3
4316	0
4317	1
4318	4
4319	1
4320	0
4321	1
4322	4
4323	1
4324	4
4325	0
4326	1
4327	2
4328	3
4329	3
4330	1
4331	1
4332	3
4333	2
4334	0
4335	1
4336	1
4337	4
4338	1
4339	0
4340	1
4341	2
4342	1
4343	3
4344	4
4345	0
4346	1
4347	2
4348	3
4349	2
4350	3
4351	1
4352	1
4353	2
4354	0
4355	2
4356	3
4357	2
4358	4
4359	2
4360	2
4361	1
4362	2
4363	5
4364	3
4365	3
4366	1
4367	3
4368	3
4369	1
4370	0
4371	1
4372	2
4373	4
4374	2
4375	1
4376	1
4377	0
4378	3
4379	1
4380	1
4381	1
4382	4
4383	3
4384	3
4385	2
4386	1
4387	0
4388	2
4389	1
4390	1
4391	2
4392	1
4393	1
4394	0
4395	4
4396	1
4397	0
4398	3
4399	0
4400	1
4401	4
4402	1
4403	1
4404	4
4405	2
4406	1
4407	1
4408	1
4409	1
4410	2
4411	2
4412	2
4413	3
4414	2
4415	1
4416	1
4417	1
4418	1
4419	1
4420	2
4421	0
4422	0
4423	1
4424	2
4425	1
4426	0
4427	3
4428	1
4429	3
4430	4
4431	3
4432	2
4433	1
4434	1
4435	3
4436	1
4437	1
4438	2
4439	2
4440	1
4441	0
4442	2
4443	1
4444	2
4445	2
4446	1
4447	1
4448	3
4449	2
4450	0
4451	5
4452	4
4453	2
4454	4
4455	0
4456	2
4457	0
4458	1
4459	2
4460	2
4461	5
4462	5
4463	3
4464	0
4465	4
4466	2
4467	4
4468	3
4469	1
4470	2
4471	2
4472	2
4473	1
4474	1
4475	5
4476	1
4477	1
4478	0
4479	2
4480	1
4481	1
4482	2
4483	0
4484	2
4485	3
4486	1
4487	2
4488	1
4489	0
4490	2
4491	3
4492	3
4493	0
4494	2
4495	3
4496	2
4497	1
4498	0
4499	1
4500	3
4501	0
4502	3
4503	2
4504	1
4505	1
4506	4
4507	3
4508	3
4509	1
4510	4
4511	4
4512	1
4513	1
4514	4
4515	3
4516	2
4517	3
4518	2
4519	3
4520	4
4521	5
4522	2
4523	4
4524	1
4525	1
4526	0
4527	1
4528	3
4529	5
4530	1
4531	1
4532	1
4533	7
4534	2
4535	4
4536	2
4537	1
4538	2
4539	6
4540	2
4541	3
4542	1
4543	3
4544	1
4545	1
4546	0
4547	4
4548	1
4549	3
4550	4
4551	3
4552	2
4553	2
4554	1
4555	2
4556	2
4557	4
4558	2
4559	3
4560	2
4561	3
4562	1
4563	0
4564	4
4565	2
4566	5
4567	2
4568	1
4569	2
4570	1
4571	3
4572	3
4573	0
4574	2
4575	9
4576	3
4577	3
4578	3
4579	4
4580	2
4581	1
4582	2
4583	2
4584	1
4585	3
4586	0
4587	1
4588	2
4589	0
4590	1
4591	3
4592	0
4593	1
4594	1
4595	0
4596	0
4597	2
4598	0
4599	0
4600	2
4601	1
4602	0
4603	1
4604	1
4605	2
4606	2
4607	2
4608	1
4609	0
4610	2
4611	2
4612	1
4613	1
4614	0
4615	0
4616	1
4617	1
4618	0
4619	1
4620	5
4621	2
4622	0
4623	0
4624	0
4625	3
4626	0
4627	1
4628	0
4629	2
4630	1
4631	3
4632	0
4633	4
4634	2
4635	1
4636	1
4637	1
4638	1
4639	0
4640	1
4641	0
4642	1
4643	6
4644	2
4645	0
4646	0
4647	1
4648	1
4649	1
4650	1
4651	2
4652	1
4653	2
4654	0
4655	1
4656	1
4657	0
4658	1
4659	1
4660	1
4661	2
4662	5
4663	2
4664	0
4665	0
4666	0
4667	3
4668	1
4669	0
4670	1
4671	1
4672	0
4673	1
4674	0
4675	1
4676	5
4677	3
4678	1
4679	3
4680	1
4681	4
4682	0
4683	2
4684	0
4685	0
4686	1
4687	1
4688	2
4689	1
4690	0
4691	1
4692	1
4693	0
4694	0
4695	1
4696	1
4697	1
4698	2
4699	1
4700	1
4701	1
4702	0
4703	2
4704	1
4705	2
4706	1
4707	2
4708	5
4709	0
4710	1
4711	1
4712	4
4713	0
4714	1
4715	3
4716	5
4717	1
4718	0
4719	0
4720	2
4721	1
4722	2
4723	1
4724	1
4725	2
4726	1
4727	1
4728	1
4729	3
4730	1
4731	1
4732	3
4733	0
4734	5
4735	2
4736	0
4737	0
4738	1
4739	2
4740	2
4741	0
4742	5
4743	1
4744	2
4745	1
4746	0
4747	3
4748	2
4749	2
4750	2
4751	1
4752	5
4753	0
4754	3
4755	2
4756	3
4757	3
4758	2
4759	1
4760	4
4761	0
4762	1
4763	3
4764	3
4765	2
4766	0
4767	2
4768	0
4769	1
4770	1
4771	0
4772	2
4773	1
4774	2
4775	0
4776	2
4777	1
4778	1
4779	1
4780	1
4781	2
4782	1
4783	2
4784	3
4785	2
4786	1
4787	0
4788	1
4789	0
4790	2
4791	1
4792	2
4793	1
4794	2
4795	2
4796	0
4797	0
4798	0
4799	0
4800	2
4801	1
4802	4
4803	3
4804	3
4805	1
4806	1
4807	0
4808	2
4809	2
4810	3
4811	3
4812	2
4813	2
4814	3
4815	2
4816	1
4817	0
4818	2
4819	1
4820	0
4821	0
4822	0
4823	2
4824	0
4825	1
4826	0
4827	1
4828	2
4829	3
4830	2
4831	0
4832	0
4833	1
4834	1
4835	1
4836	0
4837	0
4838	0
4839	1
4840	3
4841	0
4842	0
4843	0
4844	0
4845	1
4846	3
4847	1
4848	0
4849	1
4850	1
4851	1
4852	1
4853	2
4854	1
4855	1
4856	3
4857	1
4858	2
4859	3
4860	0
4861	0
4862	4
4863	2
4864	5
4865	1
4866	2
4867	2
4868	1
4869	2
4870	0
4871	1
4872	0
4873	1
4874	0
4875	3
4876	0
4877	2
4878	1
4879	2
4880	5
4881	0
4882	3
4883	0
4884	2
4885	2
4886	1
4887	1
4888	0
4889	0
4890	0
4891	1
4892	1
4893	2
4894	0
4895	0
4896	0
4897	0
4898	1
4899	1
4900	0
4901	0
4902	0
4903	1
4904	2
4905	1
4906	1
4907	0
4908	0
4909	0
4910	1
4911	0
4912	1
4913	0
4914	1
4915	1
4916	1
4917	1
4918	0
4919	2
4920	2
4921	1
4922	1
4923	1
4924	1
4925	1
4926	2
4927	0
4928	1
4929	1
4930	1
4931	2
4932	0
4933	0
4934	0
4935	0
4936	2
4937	1
4938	0
4939	2
4940	2
4941	1
4942	2
4943	2
4944	3
4945	1
4946	1
4947	0
4948	1
4949	1
4950	1
4951	0
4952	0
4953	0
4954	2
4955	1
4956	0
4957	1
4958	3
4959	0
4960	1
4961	1
4962	2
4963	0
4964	1
4965	1
4966	3
4967	0
4968	0
4969	1
4970	1
4971	2
4972	1
4973	0
4974	2
4975	1
4976	1
4977	1
4978	1
4979	1
4980	3
4981	1
4982	1
4983	1
4984	1
4985	0
4986	2
4987	2
4988	2
4989	1
4990	1
4991	2
4992	3
4993	2
4994	1
4995	3
4996	4
4997	1
4998	2
4999	5
5000	3
5001	0
5002	1
5003	2
5004	2
5005	2
5006	0
5007	2
5008	0
5009	3
5010	2
5011	2
5012	2
5013	3
5014	2
5015	2
5016	2
5017	0
5018	2
5019	0
5020	1
5021	1
5022	3
5023	0
5024	0
5025	1
5026	0
5027	0
5028	1
5029	2
5030	0
5031	1
5032	0
5033	2
5034	2
5035	0
5036	2
5037	2
5038	1
5039	5
5040	2
5041	2
5042	1
5043	1
5044	2
5045	1
5046	0
5047	1
5048	0
5049	0
5050	3
5051	0
5052	2
5053	2
5054	1
5055	1
5056	0
5057	1
5058	0
5059	3
5060	2
5061	2
5062	2
5063	1
5064	0
5065	1
5066	2
5067	2
5068	0
5069	4
5070	1
5071	1
5072	2
5073	3
5074	2
5075	3
5076	4
5077	1
5078	1
5079	0
5080	2
5081	1
5082	0
5083	1
5084	1
5085	2
5086	0
5087	0
5088	0
5089	1
5090	0
5091	0
5092	0
5093	2
5094	2
5095	2
5096	2
5097	1
5098	0
5099	4
5100	1
5101	5
5102	2
5103	1
5104	1
5105	0
5106	1
5107	2
5108	1
5109	0
5110	2
5111	3
5112	0
5113	0
5114	1
5115	0
5116	1
5117	1
5118	2
5119	0
5120	1
5121	2
5122	0
5123	4
5124	2
5125	2
5126	2
5127	1
5128	0
5129	0
5130	1
5131	0
5132	2
5133	0
5134	3
5135	2
5136	2
5137	1
5138	0
5139	2
5140	1
5141	1
5142	1
5143	0
5144	0
5145	2
5146	4
5147	1
5148	0
5149	1
5150	0
5151	0
5152	1
5153	2
5154	0
5155	0
5156	0
5157	0
5158	2
5159	0
5160	2
5161	0
5162	1
5163	1
5164	1
5165	1
5166	0
5167	0
5168	2
5169	1
5170	0
5171	0
5172	0
5173	0
5174	1
5175	2
5176	0
5177	0
5178	1
5179	1
5180	0
5181	1
5182	1
5183	0
5184	0
5185	2
5186	0
5187	0
5188	0
5189	0
5190	3
5191	1
5192	1
5193	1
5194	0
5195	0
5196	1
5197	0
5198	0
5199	0
5200	1
5201	1
5202	0
5203	1
5204	1
5205	1
5206	0
5207	0
5208	2
5209	0
5210	1
5211	1
5212	1
5213	0
5214	0
5215	1
5216	3
5217	4
5218	0
5219	0
5220	0
5221	2
5222	0
5223	1
5224	1
5225	1
5226	1
5227	3
5228	1
5229	1
5230	0
5231	2
5232	0
5233	1
5234	2
5235	0
5236	0
5237	1
5238	1
5239	3
5240	0
5241	1
5242	1
5243	2
5244	2
5245	1
5246	0
5247	0
5248	1
5249	0
5250	0
5251	0
5252	0
5253	0
5254	0
5255	0
5256	0
5257	0
5258	3
5259	1
5260	0
5261	1
5262	1
5263	4
5264	2
5265	1
5266	1
5267	1
5268	4
5269	1
5270	0
5271	0
5272	0
5273	0
5274	0
5275	4
5276	0
5277	0
5278	2
5279	2
5280	1
5281	0
5282	0
5283	2
5284	1
5285	4
5286	2
5287	0
5288	2
5289	1
5290	0
5291	1
5292	0
5293	0
5294	0
5295	2
5296	0
5297	2
5298	2
5299	1
5300	0
5301	3
5302	1
5303	0
5304	2
5305	3
5306	1
5307	0
5308	0
5309	1
5310	2
5311	1
5312	1
5313	0
5314	0
5315	0
5316	0
5317	1
5318	1
5319	0
5320	0
5321	1
5322	1
5323	0
5324	0
5325	0
5326	2
5327	1
5328	0
5329	1
5330	2
5331	0
5332	2
5333	2
5334	1
5335	1
5336	1
5337	0
5338	1
5339	2
5340	0
5341	0
5342	2
5343	1
5344	1
5345	1
5346	2
5347	1
5348	2
5349	2
5350	2
5351	1
5352	2
5353	0
5354	2
5355	2
5356	0
5357	1
5358	4
5359	1
5360	0
5361	1
5362	1
5363	1
5364	1
5365	0
5366	1
5367	1
5368	1
5369	0
5370	1
5371	1
5372	2
5373	0
5374	1
5375	0
5376	0
5377	1
5378	0
5379	1
5380	1
5381	1
5382	0
5383	0
5384	1
5385	1
5386	1
5387	0
5388	0
5389	0
5390	1
5391	3
5392	1
5393	0
5394	2
5395	0
5396	3
5397	1
5398	1
5399	1
5400	0
5401	0
5402	0
5403	0
5404	0
5405	0
5406	0
5407	1
5408	1
5409	1
5410	3
5411	1
5412	3
5413	1
5414	2
5415	2
5416	1
5417	0
5418	2
5419	0
5420	0
5421	0
5422	0
5423	1
5424	2
5425	1
5426	0
5427	0
5428	1
5429	0
5430	0
5431	1
5432	0
5433	3
5434	1
5435	0
5436	1
5437	0
5438	0
5439	1
5440	2
5441	1
5442	2
5443	1
5444	1
5445	2
5446	1
5447	1
5448	0
5449	0
5450	2
5451	2
5452	0
5453	1
5454	2
5455	1
5456	1
5457	0
5458	1
5459	2
5460	0
5461	2
5462	1
5463	0
5464	0
5465	1
5466	1
5467	2
5468	0
5469	1
5470	1
5471	0
5472	1
5473	1
5474	2
5475	0
5476	0
5477	0
5478	0
5479	0
5480	1
5481	0
5482	2
5483	0
5484	0
5485	2
5486	1
5487	2
5488	1
5489	1
5490	2
5491	2
5492	0
5493	0
5494	0
5495	1
5496	1
5497	1
5498	0
5499	0
5500	1
5501	0
5502	1
5503	1
5504	0
5505	0
5506	0
5507	0
5508	0
5509	0
5510	0
5511	2
5512	1
5513	3
5514	0
5515	4
5516	0
5517	0
5518	0
5519	2
5520	0
5521	0
5522	0
5523	0
5524	1
5525	2
5526	1
5527	3
5528	0
5529	1
5530	1
5531	0
5532	2
5533	2
5534	1
5535	1
5536	1
5537	0
5538	2
5539	1
5540	1
5541	0
5542	0
5543	0
5544	0
5545	0
5546	0
5547	1
5548	1
5549	0
5550	0
5551	1
5552	0
5553	0
5554	2
5555	1
5556	0
5557	0
5558	1
5559	1
5560	2
5561	1
5562	1
5563	0
5564	0
5565	0
5566	1
5567	0
5568	0
5569	0
5570	1
5571	1
5572	1
5573	1
5574	1
5575	0
5576	0
5577	2
5578	1
5579	1
5580	2
5581	1
5582	0
5583	2
5584	0
5585	1
5586	0
5587	0
5588	2
5589	1
5590	2
5591	0
5592	0
5593	0
5594	0
5595	0
5596	1
5597	0
5598	1
5599	1
5600	1
5601	1
5602	1
5603	0
5604	0
5605	0
5606	1
5607	1
5608	0
5609	1
5610	0
5611	0
5612	0
5613	0
5614	1
5615	0
5616	1
5617	0
5618	0
5619	1
5620	1
5621	0
5622	0
5623	0
5624	0
5625	1
5626	3
5627	1
5628	1
5629	1
5630	1
5631	2
5632	2
5633	0
5634	1
5635	1
5636	1
5637	3
5638	2
5639	1
5640	1
5641	2
5642	0
5643	0
5644	0
5645	1
5646	2
5647	0
5648	1
5649	1
5650	0
5651	0
5652	1
5653	0
5654	0
5655	1
5656	3
5657	0
5658	0
5659	0
5660	2
5661	0
5662	0
5663	0
5664	1
5665	0
5666	0
5667	0
5668	1
5669	2
5670	0
5671	1
5672	1
5673	0
5674	1
5675	0
5676	0
5677	0
5678	0
5679	0
5680	1
5681	1
5682	0
5683	0
5684	1
5685	1
5686	1
5687	1
5688	1
5689	0
5690	2
5691	0
5692	1
5693	1
5694	0
5695	1
5696	1
5697	0
5698	1
5699	2
5700	2
5701	2
5702	2
5703	0
5704	0
5705	0
5706	0
5707	1
5708	1
5709	0
5710	0
5711	1
5712	0
5713	0
5714	0
5715	2
5716	2
5717	2
5718	2
5719	0
5720	0
5721	0
5722	2
5723	1
5724	2
5725	3
5726	1
5727	0
5728	1
5729	1
5730	1
5731	3
5732	0
5733	1
5734	0
5735	2
5736	2
5737	0
5738	0
5739	0
5740	3
5741	0
5742	1
5743	1
5744	2
5745	2
5746	0
5747	1
5748	1
5749	0
5750	1
5751	0
5752	1
5753	1
5754	0
5755	0
5756	1
5757	1
5758	0
5759	0
5760	0
5761	0
5762	0
5763	2
5764	0
5765	0
5766	0
5767	0
5768	1
5769	1
5770	1
5771	1
5772	0
5773	1
5774	1
5775	1
5776	0
5777	4
5778	0
5779	2
5780	0
5781	0
5782	2
5783	0
5784	1
5785	1
5786	0
5787	3
5788	1
5789	0
5790	0
5791	0
5792	1
5793	0
5794	0
5795	2
5796	1
5797	2
5798	0
5799	0
5800	0
5801	1
5802	2
5803	1
5804	1
5805	1
5806	1
5807	1
5808	1
5809	3
5810	2
5811	0
5812	0
5813	1
5814	0
5815	1
5816	2
5817	1
5818	3
5819	1
5820	2
5821	0
5822	0
5823	2
5824	1
5825	1
5826	0
5827	1
5828	1
5829	2
5830	2
5831	1
5832	3
5833	1
5834	0
5835	1
5836	0
5837	3
5838	3
5839	0
5840	0
5841	0
5842	0
5843	0
5844	0
5845	0
5846	1
5847	0
5848	0
5849	1
5850	0
5851	0
5852	0
5853	0
5854	1
5855	0
5856	0
5857	0
5858	3
5859	0
5860	0
5861	0
5862	1
5863	0
5864	1
5865	0
5866	1
5867	0
5868	0
5869	0
5870	0
5871	2
5872	1
5873	0
5874	1
5875	1
5876	0
5877	2
5878	0
5879	1
5880	1
5881	1
5882	0
5883	0
5884	0
5885	0
5886	1
5887	1
5888	1
5889	0
5890	1
5891	0
5892	0
5893	1
5894	0
5895	1
5896	0
5897	1
5898	1
5899	1
5900	1
5901	2
5902	0
5903	1
5904	1
5905	1
5906	0
5907	0
5908	2
5909	0
5910	0
5911	1
5912	0
5913	4
5914	1
5915	3
5916	0
5917	0
5918	0
5919	1
5920	2
5921	0
5922	2
5923	1
5924	0
5925	0
5926	1
5927	3
5928	1
5929	3
5930	0
5931	0
5932	0
5933	1
5934	0
5935	0
5936	1
5937	1
5938	4
5939	0
5940	1
5941	0
5942	1
5943	0
5944	0
5945	1
5946	0
5947	1
5948	2
5949	0
5950	0
5951	0
5952	0
5953	1
5954	0
5955	2
5956	1
5957	1
5958	1
5959	1
5960	1
5961	1
5962	0
5963	0
5964	0
5965	2
5966	1
5967	1
5968	0
5969	0
5970	1
5971	2
5972	1
5973	2
5974	1
5975	1
5976	0
5977	0
5978	1
5979	1
5980	0
5981	0
5982	2
5983	0
5984	2
5985	3
5986	3
5987	0
5988	1
5989	2
5990	0
5991	1
5992	0
5993	2
5994	1
5995	0
5996	0
5997	1
5998	1
5999	1
6000	2
6001	0
6002	0
6003	0
6004	0
6005	2
6006	1
6007	1
6008	0
6009	1
6010	0
6011	3
6012	1
6013	0
6014	2
6015	1
6016	1
6017	0
6018	0
6019	0
6020	0
6021	1
6022	0
6023	0
6024	2
6025	0
6026	0
6027	0
6028	0
6029	1
6030	0
6031	0
6032	1
6033	0
6034	1
6035	0
6036	2
6037	2
6038	0
6039	0
6040	1
6041	0
6042	4
6043	1
6044	2
6045	0
6046	2
6047	2
6048	2
6049	0
6050	3
6051	1
6052	0
6053	0
6054	1
6055	1
6056	1
6057	1
6058	0
6059	0
6060	0
6061	0
6062	2
6063	1
6064	3
6065	3
6066	3
6067	1
6068	0
6069	2
6070	3
6071	0
6072	2
6073	2
6074	0
6075	1
6076	4
6077	1
6078	3
6079	0
6080	1
6081	1
6082	0
6083	1
6084	1
6085	0
6086	1
6087	0
6088	1
6089	0
6090	2
6091	3
6092	0
6093	0
6094	1
6095	0
6096	0
6097	0
6098	0
6099	2
6100	3
6101	1
6102	0
6103	1
6104	2
6105	0
6106	3
6107	1
6108	2
6109	1
6110	0
6111	0
6112	1
6113	3
6114	1
6115	1
6116	0
6117	2
6118	2
6119	2
6120	1
6121	2
6122	1
6123	2
6124	1
6125	0
6126	1
6127	1
6128	0
6129	1
6130	0
6131	0
6132	3
6133	0
6134	0
6135	1
6136	0
6137	0
6138	0
6139	1
6140	2
6141	0
6142	0
6143	1
6144	0
6145	0
6146	0
6147	1
6148	1
6149	2
6150	0
6151	0
6152	0
6153	1
6154	1
6155	2
6156	1
6157	2
6158	1
6159	1
6160	1
6161	0
6162	4
6163	1
6164	3
6165	0
6166	0
6167	0
6168	0
6169	1
6170	1
6171	0
6172	0
6173	0
6174	1
6175	0
6176	1
6177	1
6178	0
6179	1
6180	0
6181	1
6182	0
6183	4
6184	1
6185	0
6186	1
6187	1
6188	2
6189	0
6190	3
6191	1
6192	1
6193	0
6194	1
6195	0
6196	1
6197	0
6198	0
6199	1
6200	1
6201	2
6202	2
6203	0
6204	0
6205	1
6206	0
6207	0
6208	1
6209	1
6210	0
6211	1
6212	0
6213	1
6214	1
6215	2
6216	1
6217	0
6218	2
6219	0
6220	3
6221	0
6222	1
6223	0
6224	0
6225	2
6226	0
6227	0
6228	0
6229	0
6230	2
6231	2
6232	1
6233	0
6234	0
6235	1
6236	1
6237	1
6238	1
6239	0
6240	1
6241	1
6242	3
6243	0
6244	1
6245	1
6246	1
6247	0
6248	2
6249	1
6250	1
6251	1
6252	0
6253	0
6254	0
6255	0
6256	1
6257	0
6258	1
6259	1
6260	1
6261	0
6262	0
6263	0
6264	0
6265	1
6266	1
6267	0
6268	0
6269	0
6270	1
6271	0
6272	1
6273	0
6274	0
6275	1
6276	1
6277	1
6278	0
6279	1
6280	3
6281	1
6282	1
6283	0
6284	1
6285	2
6286	1
6287	1
6288	0
6289	2
6290	0
6291	1
6292	0
6293	0
6294	1
6295	0
6296	2
6297	1
6298	2
6299	1
6300	0
6301	0
6302	1
6303	0
6304	0
6305	0
6306	2
6307	2
6308	1
6309	0
6310	1
6311	1
6312	0
6313	0
6314	0
6315	0
6316	0
6317	0
6318	0
6319	0
6320	2
6321	1
6322	1
6323	0
6324	0
6325	2
6326	2
6327	0
6328	0
6329	2
6330	0
6331	0
6332	1
6333	0
6334	0
6335	1
6336	1
6337	0
6338	4
6339	0
6340	0
6341	0
6342	1
6343	1
6344	5
6345	1
6346	0
6347	0
6348	0
6349	0
6350	0
6351	0
6352	0
6353	0
6354	0
6355	0
6356	0
6357	0
6358	1
6359	0
6360	0
6361	1
6362	1
6363	0
6364	2
6365	1
6366	0
6367	2
6368	0
6369	2
6370	1
6371	1
6372	0
6373	0
6374	1
6375	1
6376	0
6377	0
6378	1
6379	2
6380	0
6381	0
6382	1
6383	0
6384	0
6385	1
6386	0
6387	2
6388	0
6389	2
6390	0
6391	1
6392	0
6393	1
6394	1
6395	1
6396	0
6397	0
6398	2
6399	0
6400	0
6401	1
6402	1
6403	0
6404	0
6405	0
6406	3
6407	1
6408	2
6409	0
6410	2
6411	0
6412	1
6413	1
6414	0
6415	0
6416	0
6417	0
6418	0
6419	2
6420	0
6421	0
6422	1
6423	0
6424	0
6425	1
6426	1
6427	0
6428	1
6429	0
6430	0
6431	1
6432	1
6433	0
6434	0
6435	2
6436	0
6437	1
6438	2
6439	0
6440	1
6441	1
6442	1
6443	2
6444	1
6445	1
6446	1
6447	1
6448	2
6449	2
6450	1
6451	1
6452	1
6453	0
6454	1
6455	0
6456	2
6457	1
6458	0
6459	1
6460	0
6461	1
6462	0
6463	1
6464	0
6465	0
6466	0
6467	1
6468	1
6469	3
6470	0
6471	2
6472	1
6473	0
6474	1
6475	0
6476	0
6477	1
6478	2
6479	0
6480	0
6481	3
6482	0
6483	1
6484	2
6485	0
6486	1
6487	0
6488	1
6489	1
6490	1
6491	0
6492	1
6493	1
6494	0
6495	0
6496	4
6497	1
6498	0
6499	1
6500	1
6501	2
6502	2
6503	1
6504	0
6505	2
6506	0
6507	1
6508	1
6509	0
6510	1
6511	2
6512	1
6513	1
6514	3
6515	0
6516	0
6517	1
6518	1
6519	0
6520	0
6521	0
6522	1
6523	1
6524	0
6525	1
6526	2
6527	2
6528	1
6529	0
6530	1
6531	0
6532	1
6533	1
6534	0
6535	0
6536	0
6537	1
6538	0
6539	0
6540	0
6541	2
6542	1
6543	1
6544	0
6545	0
6546	0
6547	1
6548	0
6549	4
6550	1
6551	2
6552	0
6553	0
6554	0
6555	3
6556	0
6557	0
6558	1
6559	1
6560	0
6561	1
6562	0
6563	0
6564	0
6565	1
6566	1
6567	0
6568	0
6569	0
6570	0
6571	1
6572	2
6573	0
6574	0
6575	0
6576	1
6577	1
6578	0
6579	1
6580	1
6581	1
6582	0
6583	0
6584	0
6585	0
6586	1
6587	1
6588	1
6589	0
6590	0
6591	0
6592	2
6593	0
6594	1
6595	0
6596	1
6597	1
6598	1
6599	1
6600	1
6601	0
6602	1
6603	3
6604	1
6605	0
6606	0
6607	1
6608	1
6609	0
6610	1
6611	0
6612	1
6613	0
6614	0
6615	1
6616	0
6617	1
6618	0
6619	0
6620	1
6621	0
6622	1
6623	0
6624	1
6625	0
6626	0
6627	4
6628	1
6629	0
6630	1
6631	3
6632	0
6633	0
6634	1
6635	1
6636	0
6637	0
6638	0
6639	0
6640	1
6641	0
6642	2
6643	0
6644	0
6645	3
6646	0
6647	0
6648	0
6649	2
6650	2
6651	2
6652	0
6653	1
6654	3
6655	1
6656	0
6657	0
6658	1
6659	0
6660	0
6661	1
6662	1
6663	1
6664	0
6665	0
6666	0
6667	0
6668	0
6669	1
6670	2
6671	1
6672	1
6673	1
6674	0
6675	1
6676	1
6677	3
6678	0
6679	0
6680	0
6681	3
6682	2
6683	1
6684	2
6685	0
6686	0
6687	1
6688	1
6689	0
6690	0
6691	0
6692	0
6693	1
6694	0
6695	0
6696	0
6697	0
6698	2
6699	0
6700	1
6701	0
6702	1
6703	0
6704	0
6705	0
6706	0
6707	0
6708	0
6709	1
6710	1
6711	2
6712	1
6713	0
6714	1
6715	0
6716	0
6717	0
6718	0
6719	0
6720	0
6721	1
6722	0
6723	1
6724	0
6725	0
6726	0
6727	0
6728	1
6729	0
6730	0
6731	1
6732	1
6733	0
6734	2
6735	0
6736	0
6737	3
6738	0
6739	0
6740	2
6741	0
6742	0
6743	0
6744	3
6745	1
6746	0
6747	0
6748	1
6749	0
6750	0
6751	1
6752	2
6753	1
6754	2
6755	0
6756	0
6757	0
6758	2
6759	0
6760	0
6761	0
6762	1
6763	0
6764	0
6765	0
6766	1
6767	0
6768	1
6769	2
6770	0
6771	0
6772	0
6773	0
6774	0
6775	1
6776	0
6777	0
6778	1
6779	1
6780	0
6781	0
6782	1
6783	1
6784	1
6785	1
6786	0
6787	1
6788	1
6789	0
6790	0
6791	0
6792	0
6793	0
6794	0
6795	0
6796	0
6797	0
6798	2
6799	2
6800	0
6801	0
6802	0
6803	1
6804	0
6805	0
6806	1
6807	0
6808	1
6809	0
6810	0
6811	0
6812	2
6813	0
6814	0
6815	3
6816	0
6817	0
6818	0
6819	0
6820	1
6821	0
6822	0
6823	2
6824	1
6825	0
6826	1
6827	3
6828	0
6829	0
6830	0
6831	1
6832	0
6833	1
6834	1
6835	0
6836	0
6837	1
6838	0
6839	0
6840	0
6841	0
6842	0
6843	0
6844	0
6845	0
6846	1
6847	1
6848	0
6849	1
6850	0
6851	0
6852	2
6853	0
6854	1
6855	1
6856	1
6857	2
6858	2
6859	0
6860	1
6861	0
6862	1
6863	1
6864	0
6865	0
6866	0
6867	0
6868	0
6869	0
6870	1
6871	0
6872	0
6873	1
6874	1
6875	0
6876	0
6877	0
6878	1
6879	0
6880	0
6881	0
6882	1
6883	1
6884	0
6885	0
6886	0
6887	2
6888	0
6889	1
6890	0
6891	0
6892	0
6893	0
6894	0
6895	1
6896	0
6897	0
6898	0
6899	4
6900	0
6901	0
6902	0
6903	0
6904	0
6905	0
6906	1
6907	2
6908	0
6909	0
6910	0
6911	1
6912	1
6913	1
6914	0
6915	0
6916	0
6917	2
6918	0
6919	0
6920	0
6921	0
6922	0
6923	0
6924	0
6925	1
6926	0
6927	0
6928	1
6929	1
6930	0
6931	0
6932	1
6933	0
6934	0
6935	1
6936	0
6937	0
6938	0
6939	1
6940	0
6941	0
6942	1
6943	0
6944	0
6945	0
6946	0
6947	1
6948	0
6949	1
6950	1
6951	0
6952	1
6953	1
6954	0
6955	0
6956	1
6957	0
6958	2
6959	2
6960	0
6961	1
6962	1
6963	2
6964	0
6965	0
6966	0
6967	2
6968	0
6969	2
6970	0
6971	0
6972	0
6973	3
6974	0
6975	1
6976	2
6977	0
6978	1
6979	0
6980	1
6981	1
6982	0
6983	2
6984	0
6985	0
6986	0
6987	0
6988	1
6989	0
6990	2
6991	1
6992	2
6993	0
6994	2
6995	0
6996	0
6997	1
6998	0
6999	0
7000	1
7001	0
7002	0
7003	0
7004	0
7005	1
7006	0
7007	0
7008	0
7009	0
7010	1
7011	1
7012	0
7013	2
7014	0
7015	1
7016	1
7017	2
7018	0
7019	0
7020	1
7021	0
7022	2
7023	1
7024	2
7025	0
7026	0
7027	0
7028	1
7029	2
7030	0
7031	2
7032	1
7033	0
7034	1
7035	0
7036	1
7037	2
7038	0
7039	1
7040	3
7041	0
7042	1
7043	1
7044	0
7045	0
7046	1
7047	1
7048	0
7049	0
7050	0
7051	1
7052	2
7053	1
7054	0
7055	0
7056	0
7057	0
7058	0
7059	0
7060	0
7061	0
7062	1
7063	2
7064	0
7065	0
7066	0
7067	1
7068	1
7069	0
7070	1
7071	1
7072	0
7073	0
7074	0
7075	1
7076	0
7077	0
7078	2
7079	3
7080	1
7081	0
7082	0
7083	0
7084	0
7085	0
7086	2
7087	0
7088	0
7089	0
7090	1
7091	1
7092	0
7093	0
7094	0
7095	2
7096	2
7097	0
7098	1
7099	3
7100	1
7101	1
7102	3
7103	0
7104	0
7105	0
7106	0
7107	1
7108	1
7109	0
7110	1
7111	0
7112	1
7113	1
7114	0
7115	1
7116	0
7117	1
7118	1
7119	1
7120	2
7121	0
7122	1
7123	0
7124	0
7125	0
7126	3
7127	0
7128	2
7129	0
7130	0
7131	0
7132	0
7133	0
7134	0
7135	0
7136	0
7137	0
7138	0
7139	0
7140	0
7141	2
7142	1
7143	0
7144	0
7145	1
7146	0
7147	1
7148	0
7149	0
7150	0
7151	2
7152	1
7153	0
7154	0
7155	0
7156	0
7157	0
7158	0
7159	2
7160	2
7161	0
7162	0
7163	1
7164	0
7165	1
7166	0
7167	0
7168	1
7169	0
7170	1
7171	0
7172	2
7173	0
7174	2
7175	0
7176	0
7177	0
7178	1
7179	0
7180	1
7181	1
7182	2
7183	0
7184	0
7185	0
7186	0
7187	0
7188	1
7189	0
7190	1
7191	0
7192	0
7193	1
7194	0
7195	0
7196	1
7197	1
7198	0
7199	0
7200	1
7201	0
7202	0
7203	1
7204	1
7205	0
7206	2
7207	0
7208	1
7209	0
7210	0
7211	0
7212	0
7213	0
7214	0
7215	0
7216	0
7217	0
7218	1
7219	0
7220	0
7221	0
7222	0
7223	1
7224	0
7225	0
7226	0
7227	0
7228	0
7229	1
7230	0
7231	0
7232	0
7233	0
7234	0
7235	0
7236	1
7237	1
7238	0
7239	0
7240	0
7241	0
7242	3
7243	0
7244	0
7245	0
7246	1
7247	0
7248	0
7249	0
7250	0
7251	0
7252	0
7253	2
7254	0
7255	1
7256	1
7257	1
7258	0
7259	1
7260	0
7261	1
7262	0
7263	0
7264	1
7265	0
7266	0
7267	0
7268	0
7269	1
7270	0
7271	0
7272	1
7273	0
7274	1
7275	0
7276	1
7277	0
7278	0
7279	0
7280	0
7281	0
7282	0
7283	1
7284	0
7285	0
7286	3
7287	1
7288	0
7289	1
7290	1
7291	0
7292	0
7293	0
7294	0
7295	0
7296	0
7297	0
7298	1
7299	1
7300	1
7301	1
7302	1
7303	1
7304	0
7305	0
7306	1
7307	0
7308	0
7309	0
7310	0
7311	0
7312	0
7313	0
7314	1
7315	1
7316	0
7317	0
7318	0
7319	1
7320	0
7321	1
7322	2
7323	0
7324	0
7325	0
7326	0
7327	0
7328	2
7329	0
7330	0
7331	0
7332	0
7333	1
7334	0
7335	0
7336	0
7337	1
7338	0
7339	2
7340	0
7341	0
7342	0
7343	0
7344	0
7345	0
7346	1
7347	0
7348	1
7349	0
7350	0
7351	0
7352	0
7353	0
7354	1
7355	0
7356	0
7357	0
7358	0
7359	0
7360	1
7361	0
7362	2
7363	0
7364	0
7365	1
7366	0
7367	0
7368	0
7369	0
7370	1
7371	1
7372	0
7373	0
7374	0
7375	0
7376	0
7377	0
7378	0
7379	0
7380	2
7381	0
7382	0
7383	2
7384	0
7385	0
7386	0
7387	0
7388	0
7389	1
7390	2
7391	0
7392	0
7393	0
7394	1
7395	0
7396	3
7397	0
7398	0
7399	1
7400	3
7401	1
7402	2
7403	0
7404	0
7405	0
7406	0
7407	0
7408	2
7409	0
7410	0
7411	0
7412	0
7413	0
7414	0
7415	0
7416	0
7417	1
7418	0
7419	1
7420	2
7421	0
7422	0
7423	2
7424	1
7425	0
7426	0
7427	1
7428	1
7429	0
7430	1
7431	0
7432	0
7433	0
7434	0
7435	0
7436	0
7437	0
7438	1
7439	0
7440	0
7441	0
7442	1
7443	0
7444	1
7445	1
7446	0
7447	0
7448	1
7449	0
7450	0
7451	0
7452	0
7453	0
7454	0
7455	0
7456	1
7457	0
7458	1
7459	0
7460	0
7461	0
7462	1
7463	0
7464	0
7465	0
7466	0
7467	1
7468	1
7469	0
7470	0
7471	2
7472	0
7473	0
7474	0
7475	2
7476	1
7477	0
7478	0
7479	0
7480	0
7481	1
7482	0
7483	0
7484	0
7485	1
7486	0
7487	0
7488	0
7489	0
7490	1
7491	0
7492	0
7493	0
7494	0
7495	0
7496	1
7497	1
7498	0
7499	0
7500	0
7501	0
7502	1
7503	0
7504	0
7505	0
7506	0
7507	0
7508	1
7509	1
7510	2
7511	0
7512	1
7513	0
7514	0
7515	0
7516	1
7517	1
7518	0
7519	0
7520	0
7521	1
7522	0
7523	0
7524	0
7525	0
7526	0
7527	0
7528	2
7529	0
7530	0
7531	0
7532	0
7533	0
7534	1
7535	0
7536	1
7537	1
7538	1
7539	0
7540	0
7541	0
7542	0
7543	0
7544	0
7545	1
7546	0
7547	0
7548	0
7549	0
7550	0
7551	0
7552	0
7553	0
7554	0
7555	0
7556	0
7557	0
7558	0
7559	0
7560	1
7561	0
7562	1
7563	0
7564	1
7565	0
7566	0
7567	0
7568	0
7569	0
7570	1
7571	2
7572	1
7573	0
7574	0
7575	0
7576	0
7577	1
7578	0
7579	0
7580	0
7581	1
7582	1
7583	0
7584	1
7585	0
7586	1
7587	0
7588	0
7589	0
7590	1
7591	0
7592	0
7593	0
7594	0
7595	0
7596	2
7597	2
7598	0
7599	0
7600	0
7601	0
7602	0
7603	0
7604	0
7605	0
7606	1
7607	1
7608	0
7609	1
7610	0
7611	0
7612	1
7613	0
7614	1
7615	0
7616	1
7617	0
7618	0
7619	1
7620	2
7621	0
7622	1
7623	0
7624	0
7625	0
7626	0
7627	2
7628	1
7629	0
7630	0
7631	0
7632	0
7633	0
7634	2
7635	1
7636	0
7637	0
7638	1
7639	0
7640	1
7641	1
7642	1
7643	0
7644	1
7645	0
7646	1
7647	0
7648	1
7649	0
7650	0
7651	0
7652	0
7653	0
7654	0
7655	0
7656	0
7657	0
7658	0
7659	0
7660	0
7661	0
7662	0
7663	2
7664	1
7665	0
7666	0
7667	0
7668	1
7669	0
7670	1
7671	1
7672	0
7673	0
7674	0
7675	0
7676	0
7677	2
7678	0
7679	1
7680	0
7681	1
7682	1
7683	0
7684	0
7685	1
7686	0
7687	1
7688	0
7689	0
7690	0
7691	0
7692	0
7693	0
7694	1
7695	0
7696	0
7697	0
7698	0
7699	0
7700	1
7701	0
7702	0
7703	0
7704	0
7705	0
7706	0
7707	2
7708	0
7709	1
7710	0
7711	1
7712	0
7713	0
7714	0
7715	0
7716	0
7717	0
7718	0
7719	0
7720	0
7721	0
7722	0
7723	0
7724	0
7725	1
7726	0
7727	0
7728	1
7729	0
7730	0
7731	0
7732	0
7733	0
7734	0
7735	1
7736	0
7737	0
7738	1
7739	1
7740	0
7741	0
7742	0
7743	0
7744	0
7745	1
7746	0
7747	0
7748	0
7749	0
7750	1
7751	0
7752	2
7753	1
7754	0
7755	0
7756	1
7757	0
7758	1
7759	1
7760	1
7761	2
7762	0
7763	0
7764	1
7765	0
7766	0
7767	0
7768	0
7769	0
7770	2
7771	1
7772	0
7773	1
7774	1
7775	0
7776	0
7777	0
7778	0
7779	1
7780	0
7781	0
7782	1
7783	0
7784	0
7785	1
7786	0
7787	0
7788	0
7789	1
7790	0
7791	0
7792	0
7793	1
7794	0
7795	0
7796	0
7797	0
7798	0
7799	1
7800	0
7801	0
7802	0
7803	1
7804	1
7805	0
7806	0
7807	1
7808	1
7809	1
7810	0
7811	0
7812	0
7813	2
7814	0
7815	0
7816	0
7817	2
7818	1
7819	0
7820	0
7821	0
7822	0
7823	0
7824	0
7825	0
7826	0
7827	0
7828	0
7829	0
7830	0
7831	0
7832	1
7833	0
7834	1
7835	1
7836	2
7837	0
7838	1
7839	0
7840	0
7841	0
7842	1
7843	0
7844	0
7845	0
7846	1
7847	0
7848	0
7849	0
7850	0
7851	0
7852	0
7853	0
7854	0
7855	0
7856	1
7857	0
7858	0
7859	0
7860	1
7861	0
7862	0
7863	0
7864	0
7865	0
7866	0
7867	0
7868	0
7869	0
7870	0
7871	1
7872	0
7873	0
7874	0
7875	2
7876	0
7877	0
7878	0
7879	0
7880	0
7881	0
7882	0
7883	0
7884	0
7885	0
7886	2
7887	2
7888	1
7889	0
7890	0
7891	1
7892	1
7893	2
7894	0
7895	0
7896	2
7897	1
7898	1
7899	0
7900	0
7901	1
7902	0
7903	0
7904	0
7905	0
7906	1
7907	0
7908	0
7909	0
7910	0
7911	0
7912	0
7913	1
7914	1
7915	0
7916	0
7917	0
7918	0
7919	0
7920	2
7921	0
7922	0
7923	0
7924	0
7925	0
7926	1
7927	0
7928	0
7929	0
7930	0
7931	0
7932	0
7933	0
7934	0
7935	0
7936	0
7937	0
7938	0
7939	0
7940	0
7941	1
7942	0
7943	1
7944	0
7945	0
7946	0
7947	0
7948	0
7949	0
7950	0
7951	0
7952	0
7953	1
7954	0
7955	1
7956	0
7957	0
7958	0
7959	0
7960	0
7961	1
7962	0
7963	0
7964	0
7965	1
7966	0
7967	0
7968	0
7969	0
7970	1
7971	1
7972	1
7973	0
7974	0
7975	2
7976	0
7977	3
7978	1
7979	1
7980	0
7981	0
7982	0
7983	0
7984	0
7985	1
7986	0
7987	0
7988	0
7989	0
7990	0
7991	1
7992	1
7993	0
7994	0
7995	1
7996	1
7997	1
7998	0
7999	0
8000	0
8001	0
8002	0
8003	0
8004	0
8005	1
8006	0
8007	1
8008	0
8009	0
8010	1
8011	0
8012	0
8013	0
8014	0
8015	1
8016	0
8017	0
8018	1
8019	1
8020	0
8021	1
8022	0
8023	0
8024	1
8025	2
8026	0
8027	0
8028	3
8029	0
8030	0
8031	0
8032	1
8033	0
8034	0
8035	1
8036	1
8037	0
8038	1
8039	0
8040	2
8041	0
8042	1
8043	1
8044	1
8045	2
8046	0
8047	2
8048	0
8049	1
8050	0
8051	0
8052	1
8053	0
8054	1
8055	0
8056	0
8057	1
8058	0
8059	1
8060	0
8061	1
8062	0
8063	0
8064	0
8065	0
8066	1
8067	0
8068	0
8069	0
8070	0
8071	1
8072	0
8073	0
8074	0
8075	1
8076	0
8077	0
8078	0
8079	2
8080	1
8081	0
8082	0
8083	0
8084	1
8085	0
8086	0
8087	0
8088	2
8089	0
8090	1
8091	0
8092	0
8093	0
8094	1
8095	0
8096	0
8097	0
8098	1
8099	0
8100	0
8101	1
8102	0
8103	1
8104	0
8105	0
8106	0
8107	1
8108	1
8109	0
8110	0
8111	0
8112	0
8113	0
8114	0
8115	1
8116	1
8117	0
8118	0
8119	0
8120	0
8121	2
8122	0
8123	1
8124	0
8125	1
8126	0
8127	1
8128	1
8129	0
8130	0
8131	2
8132	0
8133	1
8134	0
8135	0
8136	1
8137	0
8138	0
8139	1
8140	0
8141	1
8142	0
8143	1
8144	0
8145	0
8146	0
8147	0
8148	1
8149	0
8150	0
8151	0
8152	1
8153	0
8154	0
8155	1
8156	1
8157	1
8158	0
8159	0
8160	1
8161	0
8162	1
8163	0
8164	0
8165	0
8166	0
8167	0
8168	0
8169	0
8170	0
8171	0
8172	1
8173	0
8174	1
8175	0
8176	0
8177	0
8178	0
8179	0
8180	1
8181	0
8182	1
8183	0
8184	1
8185	2
8186	1
8187	0
8188	0
8189	1
8190	1
8191	0
8192	0
8193	0
8194	0
8195	2
8196	0
8197	0
8198	1
8199	0
8200	2
8201	0
8202	0
8203	0
8204	0
8205	0
8206	0
8207	0
8208	0
8209	0
8210	0
8211	0
8212	1
8213	0
8214	1
8215	0
8216	0
8217	1
8218	0
8219	1
8220	0
8221	2
8222	0
8223	0
8224	2
8225	1
8226	1
8227	0
8228	1
8229	1
8230	0
8231	0
8232	0
8233	2
8234	1
8235	0
8236	0
8237	0
8238	0
8239	0
8240	0
8241	0
8242	0
8243	1
8244	0
8245	0
8246	2
8247	1
8248	0
8249	0
8250	2
8251	2
8252	1
8253	1
8254	0
8255	0
8256	0
8257	0
8258	0
8259	1
8260	0
8261	0
8262	0
8263	0
8264	0
8265	0
8266	1
8267	1
8268	0
8269	0
8270	0
8271	1
8272	0
8273	0
8274	1
8275	1
8276	0
8277	1
8278	0
8279	0
8280	1
8281	1
8282	1
8283	0
8284	1
8285	1
8286	0
8287	1
8288	0
8289	1
8290	1
8291	0
8292	0
8293	2
8294	1
8295	0
8296	0
8297	0
8298	0
8299	2
8300	1
8301	1
8302	0
8303	2
8304	0
8305	0
8306	3
8307	0
8308	2
8309	2
8310	1
8311	0
8312	0
8313	0
8314	2
8315	2
8316	1
8317	0
8318	0
8319	0
8320	1
8321	1
8322	2
8323	0
8324	2
8325	1
8326	0
8327	1
8328	0
8329	0
8330	2
8331	0
8332	2
8333	0
8334	2
8335	0
8336	1
8337	0
8338	1
8339	0
8340	1
8341	1
8342	0
8343	0
8344	1
8345	1
8346	0
8347	0
8348	0
8349	2
8350	0
8351	0
8352	0
8353	2
8354	3
8355	0
8356	0
8357	0
8358	1
8359	0
8360	2
8361	0
8362	0
8363	0
8364	0
8365	2
8366	0
8367	0
8368	0
8369	0
8370	0
8371	0
8372	0
8373	0
8374	0
8375	0
8376	0
8377	0
8378	2
8379	0
8380	1
8381	0
8382	0
8383	0
8384	2
8385	0
8386	1
8387	1
8388	1
8389	0
8390	0
8391	1
8392	0
8393	0
8394	0
8395	0
8396	0
8397	0
8398	2
8399	1
8400	0
8401	1
8402	0
8403	0
8404	0
8405	0
8406	0
8407	0
8408	0
8409	1
8410	1
8411	2
8412	0
8413	0
8414	0
8415	0
8416	0
8417	0
8418	0
8419	0
8420	0
8421	0
8422	0
8423	0
8424	0
8425	0
8426	0
8427	1
8428	0
8429	0
8430	1
8431	0
8432	1
8433	0
8434	0
8435	0
8436	0
8437	0
8438	0
8439	0
8440	0
8441	0
8442	0
8443	1
8444	0
8445	0
8446	2
8447	0
8448	0
8449	0
8450	0
8451	0
8452	1
8453	1
8454	1
8455	0
8456	0
8457	1
8458	0
8459	1
8460	0
8461	1
8462	0
8463	1
8464	0
8465	0
8466	0
8467	1
8468	0
8469	1
8470	0
8471	0
8472	2
8473	0
8474	1
8475	0
8476	0
8477	0
8478	1
8479	1
8480	0
8481	0
8482	1
8483	0
8484	0
8485	0
8486	3
8487	0
8488	1
8489	0
8490	0
8491	0
8492	1
8493	0
8494	0
8495	0
8496	0
8497	0
8498	0
8499	0
8500	0
8501	1
8502	0
8503	2
8504	0
8505	0
8506	1
8507	0
8508	1
8509	1
8510	1
8511	0
8512	0
8513	1
8514	0
8515	0
8516	1
8517	2
8518	1
8519	2
8520	0
8521	1
8522	2
8523	0
8524	1
8525	0
8526	0
8527	1
8528	0
8529	1
8530	0
8531	1
8532	0
8533	0
8534	3
8535	1
8536	1
8537	0
8538	0
8539	0
8540	0
8541	0
8542	2
8543	0
8544	0
8545	0
8546	1
8547	0
8548	0
8549	0
8550	1
8551	0
8552	0
8553	2
8554	0
8555	2
8556	1
8557	0
8558	0
8559	0
8560	1
8561	0
8562	0
8563	0
8564	0
8565	0
8566	0
8567	1
8568	1
8569	1
8570	0
8571	1
8572	0
8573	0
8574	2
8575	1
8576	0
8577	0
8578	1
8579	0
8580	0
8581	0
8582	0
8583	0
8584	0
8585	1
8586	0
8587	1
8588	0
8589	1
8590	1
8591	0
8592	0
8593	0
8594	0
8595	1
8596	0
8597	0
8598	1
8599	0
8600	1
8601	0
8602	0
8603	0
8604	0
8605	0
8606	2
8607	0
8608	1
8609	1
8610	1
8611	0
8612	0
8613	0
8614	2
8615	0
8616	0
8617	1
8618	1
8619	0
8620	0
8621	0
8622	1
8623	0
8624	1
8625	1
8626	0
8627	0
8628	0
8629	0
8630	0
8631	0
8632	2
8633	0
8634	0
8635	0
8636	1
8637	2
8638	1
8639	0
8640	1
8641	0
8642	0
8643	1
8644	2
8645	1
8646	0
8647	0
8648	0
8649	1
8650	0
8651	1
8652	1
8653	0
8654	1
8655	1
8656	0
8657	0
8658	0
8659	1
8660	0
8661	0
8662	1
8663	0
8664	0
8665	0
8666	1
8667	0
8668	0
8669	1
8670	1
8671	1
8672	0
8673	0
8674	2
8675	0
8676	0
8677	0
8678	1
8679	0
8680	0
8681	1
8682	0
8683	1
8684	1
8685	0
8686	0
8687	0
8688	0
8689	0
8690	0
8691	0
8692	3
8693	1
8694	0
8695	0
8696	0
8697	1
8698	1
8699	0
8700	0
8701	0
8702	0
8703	0
8704	1
8705	0
8706	0
8707	0
8708	0
8709	0
8710	0
8711	0
8712	0
8713	0
8714	0
8715	2
8716	0
8717	0
8718	1
8719	0
8720	2
8721	0
8722	0
8723	0
8724	0
8725	0
8726	0
8727	0
8728	0
8729	0
8730	0
8731	1
8732	0
8733	0
8734	0
8735	1
8736	0
8737	0
8738	1
8739	0
8740	0
8741	0
8742	0
8743	0
8744	0
8745	0
8746	0
8747	1
8748	1
8749	1
8750	0
8751	1
8752	0
8753	0
8754	0
8755	0
8756	0
8757	0
8758	0
8759	0
8760	2
8761	1
8762	2
8763	1
8764	1
8765	1
8766	0
8767	0
8768	1
8769	0
8770	1
8771	1
8772	1
8773	1
8774	0
8775	1
8776	0
8777	1
8778	0
8779	0
8780	0
8781	1
8782	1
8783	0
8784	0
8785	0
8786	1
8787	0
8788	0
8789	1
8790	0
8791	0
8792	0
8793	3
8794	1
8795	0
8796	0
8797	1
8798	1
8799	1
8800	1
8801	1
8802	2
8803	1
8804	1
8805	1
8806	0
8807	0
8808	0
8809	1
8810	0
8811	1
8812	2
8813	0
8814	0
8815	0
8816	0
8817	0
8818	0
8819	1
8820	1
8821	0
8822	0
8823	2
8824	2
8825	0
8826	0
8827	1
8828	1
8829	0
8830	1
8831	1
8832	1
8833	0
8834	0
8835	0
8836	1
8837	2
8838	0
8839	0
8840	0
8841	0
8842	2
8843	1
8844	0
8845	0
8846	0
8847	2
8848	0
8849	0
8850	0
8851	0
8852	1
8853	0
8854	0
8855	0
8856	0
8857	0
8858	1
8859	2
8860	0
8861	0
8862	2
8863	1
8864	0
8865	1
8866	0
8867	3
8868	0
8869	0
8870	0
8871	1
8872	0
8873	1
8874	0
8875	1
8876	1
8877	1
8878	1
8879	1
8880	1
8881	0
8882	0
8883	0
8884	0
8885	0
8886	1
8887	0
8888	0
8889	0
8890	1
8891	1
8892	1
8893	0
8894	1
8895	0
8896	0
8897	0
8898	0
8899	1
8900	0
8901	1
8902	0
8903	2
8904	1
8905	5
8906	0
8907	0
8908	0
8909	0
8910	0
8911	0
8912	1
8913	0
8914	2
8915	0
8916	0
8917	1
8918	2
8919	1
8920	0
8921	0
8922	0
8923	2
8924	0
8925	0
8926	1
8927	0
8928	1
8929	0
8930	0
8931	0
8932	0
8933	0
8934	0
8935	2
8936	1
8937	1
8938	2
8939	1
8940	0
8941	1
8942	0
8943	1
8944	0
8945	1
8946	1
8947	0
8948	0
8949	0
8950	0
8951	1
8952	0
8953	0
8954	0
8955	0
8956	0
8957	2
8958	0
8959	2
8960	0
8961	0
8962	0
8963	0
8964	1
8965	2
8966	1
8967	0
8968	0
8969	1
8970	0
8971	0
8972	1
8973	1
8974	0
8975	0
8976	1
8977	1
8978	0
8979	1
8980	0
8981	1
8982	0
8983	0
8984	0
8985	0
8986	1
8987	0
8988	0
8989	0
8990	0
8991	1
8992	1
8993	2
8994	1
8995	0
8996	1
8997	0
8998	0
8999	0
9000	0
9001	0
9002	2
9003	2
9004	0
9005	0
9006	1
9007	0
9008	2
9009	0
9010	2
9011	0
9012	0
9013	0
9014	1
9015	0
9016	0
9017	0
9018	0
9019	0
9020	0
9021	0
9022	0
9023	0
9024	0
9025	1
9026	2
9027	1
9028	1
9029	0
9030	1
9031	0
9032	0
9033	1
9034	0
9035	1
9036	0
9037	1
9038	2
9039	0
9040	0
9041	0
9042	0
9043	0
9044	0
9045	0
9046	0
9047	0
9048	0
9049	1
9050	0
9051	1
9052	1
9053	0
9054	0
9055	0
9056	1
9057	1
9058	1
9059	0
9060	0
9061	0
9062	2
9063	0
9064	0
9065	0
9066	0
9067	2
9068	0
9069	1
9070	0
9071	0
9072	0
9073	0
9074	1
9075	0
9076	0
9077	0
9078	1
9079	0
9080	0
9081	0
9082	0
9083	0
9084	1
9085	0
9086	1
9087	1
9088	0
9089	1
9090	3
9091	0
9092	0
9093	1
9094	2
9095	0
9096	0
9097	0
9098	1
9099	0
9100	0
9101	2
9102	0
9103	0
9104	0
9105	0
9106	1
9107	0
9108	0
9109	1
9110	0
9111	0
9112	0
9113	1
9114	0
9115	0
9116	1
9117	0
9118	0
9119	0
9120	0
9121	0
9122	1
9123	1
9124	0
9125	0
9126	0
9127	0
9128	1
9129	0
9130	1
9131	0
9132	1
9133	0
9134	0
9135	0
9136	0
9137	0
9138	0
9139	0
9140	0
9141	0
9142	0
9143	0
9144	0
9145	0
9146	0
9147	0
9148	1
9149	1
9150	1
9151	0
9152	0
9153	0
9154	1
9155	1
9156	0
9157	0
9158	0
9159	0
9160	1
9161	0
9162	0
9163	0
9164	0
9165	0
9166	0
9167	0
9168	0
9169	1
9170	0
9171	0
9172	1
9173	0
9174	0
9175	1
9176	1
9177	0
9178	1
9179	0
9180	0
9181	0
9182	1
9183	1
9184	0
9185	0
9186	0
9187	2
9188	0
9189	1
9190	0
9191	0
9192	0
9193	0
9194	1
9195	0
9196	0
9197	0
9198	0
9199	0
9200	1
9201	0
9202	0
9203	1
9204	1
9205	1
9206	1
9207	1
9208	0
9209	0
9210	1
9211	0
9212	0
9213	0
9214	0
9215	0
9216	0
9217	0
9218	2
9219	0
9220	0
9221	3
9222	1
9223	0
9224	1
9225	0
9226	1
9227	1
9228	1
9229	0
9230	0
9231	1
9232	0
9233	0
9234	0
9235	1
9236	0
9237	0
9238	0
9239	0
9240	1
9241	0
9242	1
9243	2
9244	1
9245	0
9246	0
9247	0
9248	1
9249	0
9250	0
9251	0
9252	0
9253	0
9254	1
9255	0
9256	0
9257	0
9258	0
9259	0
9260	2
9261	0
9262	4
9263	1
9264	0
9265	1
9266	0
9267	1
9268	1
9269	0
9270	0
9271	0
9272	0
9273	1
9274	1
9275	0
9276	0
9277	1
9278	0
9279	0
9280	0
9281	0
9282	2
9283	0
9284	0
9285	0
9286	0
9287	1
9288	1
9289	0
9290	1
9291	0
9292	1
9293	0
9294	1
9295	0
9296	0
9297	0
9298	0
9299	0
9300	0
9301	0
9302	1
9303	0
9304	0
9305	1
9306	1
9307	0
9308	0
9309	0
9310	0
9311	0
9312	3
9313	0
9314	0
9315	1
9316	0
9317	0
9318	0
9319	0
9320	0
9321	1
9322	0
9323	0
9324	0
9325	1
9326	1
9327	0
9328	0
9329	0
9330	0
9331	0
9332	1
9333	0
9334	0
9335	0
9336	0
9337	0
9338	0
9339	0
9340	1
9341	0
9342	2
9343	0
9344	2
9345	2
9346	0
9347	0
9348	0
9349	0
9350	0
9351	0
9352	0
9353	0
9354	0
9355	0
9356	0
9357	0
9358	1
9359	0
9360	0
9361	0
9362	0
9363	2
9364	0
9365	0
9366	0
9367	1
9368	0
9369	0
9370	1
9371	0
9372	0
9373	0
9374	1
9375	0
9376	0
9377	1
9378	0
9379	0
9380	0
9381	0
9382	0
9383	1
9384	0
9385	1
9386	0
9387	0
9388	0
9389	0
9390	1
9391	1
9392	0
9393	0
9394	0
9395	1
9396	0
9397	0
9398	1
9399	1
9400	1
9401	0
9402	0
9403	0
9404	0
9405	2
9406	2
9407	0
9408	2
9409	1
9410	0
9411	0
9412	1
9413	0
9414	0
9415	0
9416	0
9417	0
9418	0
9419	0
9420	1
9421	0
9422	0
9423	0
9424	0
9425	0
9426	0
9427	0
9428	0
9429	1
9430	1
9431	0
9432	0
9433	1
9434	0
9435	1
9436	0
9437	0
9438	0
9439	0
9440	0
9441	0
9442	0
9443	0
9444	0
9445	0
9446	0
9447	0
9448	1
9449	0
9450	1
9451	1
9452	0
9453	0
9454	0
9455	0
9456	0
9457	0
9458	0
9459	0
9460	0
9461	0
9462	0
9463	0
9464	0
9465	0
9466	0
9467	1
9468	0
9469	0
9470	1
9471	1
9472	0
9473	0
9474	0
9475	1
9476	1
9477	0
9478	1
9479	1
9480	0
9481	0
9482	0
9483	1
9484	0
9485	1
9486	0
9487	0
9488	0
9489	0
9490	0
9491	1
9492	0
9493	1
9494	0
9495	0
9496	1
9497	0
9498	0
9499	0
9500	1
9501	0
9502	0
9503	0
9504	0
9505	1
9506	0
9507	0
9508	1
9509	0
9510	0
9511	0
9512	0
9513	0
9514	1
9515	0
9516	0
9517	0
9518	0
9519	0
9520	0
9521	0
9522	0
9523	0
9524	1
9525	0
9526	1
9527	0
9528	1
9529	3
9530	0
9531	0
9532	2
9533	0
9534	0
9535	0
9536	0
9537	0
9538	0
9539	0
9540	0
9541	0
9542	0
9543	1
9544	0
9545	0
9546	0
9547	0
9548	0
9549	1
9550	1
9551	0
9552	0
9553	2
9554	0
9555	1
9556	0
9557	0
9558	0
9559	0
9560	0
9561	0
9562	1
9563	0
9564	2
9565	0
9566	0
9567	0
9568	0
9569	1
9570	1
9571	0
9572	0
9573	2
9574	0
9575	1
9576	0
9577	0
9578	0
9579	1
9580	0
9581	0
9582	0
9583	0
9584	0
9585	0
9586	0
9587	0
9588	1
9589	1
9590	0
9591	0
9592	0
9593	0
9594	1
9595	0
9596	0
9597	0
9598	0
9599	1
9600	0
9601	0
9602	0
9603	1
9604	0
9605	1
9606	1
9607	0
9608	0
9609	0
9610	0
9611	0
9612	0
9613	0
9614	1
9615	0
9616	0
9617	0
9618	1
9619	0
9620	0
9621	0
9622	0
9623	0
9624	1
9625	0
9626	0
9627	0
9628	2
9629	0
9630	0
9631	1
9632	0
9633	1
9634	0
9635	0
9636	0
9637	0
9638	2
9639	1
9640	0
9641	0
9642	1
9643	2
9644	0
9645	0
9646	1
9647	1
9648	0
9649	0
9650	1
9651	0
9652	0
9653	0
9654	1
9655	0
9656	0
9657	0
9658	0
9659	0
9660	0
9661	0
9662	0
9663	1
9664	0
9665	0
9666	0
9667	0
9668	0
9669	0
9670	0
9671	2
9672	1
9673	1
9674	1
9675	0
9676	0
9677	0
9678	0
9679	1
9680	0
9681	0
9682	0
9683	1
9684	1
9685	1
9686	1
9687	2
9688	0
9689	0
9690	0
9691	0
9692	0
9693	1
9694	0
9695	1
9696	1
9697	0
9698	0
9699	0
9700	0
9701	0
9702	1
9703	1
9704	1
9705	0
9706	0
9707	0
9708	1
9709	0
9710	0
9711	1
9712	1
9713	0
9714	0
9715	1
9716	1
9717	0
9718	0
9719	1
9720	0
9721	0
9722	1
9723	0
9724	0
9725	1
9726	0
9727	0
9728	0
9729	2
9730	0
9731	1
9732	0
9733	0
9734	0
9735	1
9736	0
9737	0
9738	0
9739	0
9740	0
9741	1
9742	0
9743	0
9744	0
9745	0
9746	1
9747	0
9748	0
9749	1
9750	0
9751	0
9752	0
9753	0
9754	1
9755	1
9756	0
9757	2
9758	0
9759	0
9760	1
9761	0
9762	1
9763	0
9764	0
9765	1
9766	0
9767	1
9768	0
9769	0
9770	0
9771	0
9772	2
9773	0
9774	1
9775	1
9776	0
9777	0
9778	0
9779	0
9780	1
9781	0
9782	2
9783	0
9784	0
9785	1
9786	0
9787	0
9788	0
9789	0
9790	1
9791	1
9792	0
9793	0
9794	1
9795	0
9796	0
9797	1
9798	1
9799	1
9800	1
9801	0
9802	0
9803	0
9804	0
9805	0
9806	0
9807	0
9808	0
9809	0
9810	0
9811	1
9812	0
9813	0
9814	0
9815	0
9816	0
9817	0
9818	0
9819	0
9820	0
9821	0
9822	1
9823	0
9824	0
9825	0
9826	0
9827	1
9828	0
9829	1
9830	0
9831	0
9832	0
9833	0
9834	1
9835	0
9836	0
9837	0
9838	2
9839	0
9840	0
9841	0
9842	0
9843	0
9844	0
9845	0
9846	0
9847	0
9848	0
9849	0
9850	0
9851	1
9852	1
9853	0
9854	0
9855	0
9856	1
9857	1
9858	0
9859	0
9860	0
9861	2
9862	0
9863	1
9864	0
9865	0
9866	1
9867	0
9868	0
9869	1
9870	0
9871	0
9872	0
9873	2
9874	3
9875	0
9876	0
9877	0
9878	1
9879	0
9880	0
9881	2
9882	0
9883	0
9884	0
9885	0
9886	0
9887	0
9888	0
9889	2
9890	0
9891	0
9892	0
9893	1
9894	0
9895	0
9896	1
9897	0
9898	0
9899	0
9900	0
9901	0
9902	2
9903	1
9904	0
9905	0
9906	0
9907	0
9908	0
9909	0
9910	0
9911	0
9912	1
9913	0
9914	0
9915	0
9916	0
9917	0
9918	0
9919	0
9920	0
9921	0
9922	0
9923	0
9924	0
9925	0
9926	0
9927	0
9928	0
9929	0
9930	0
9931	0
9932	0
9933	1
9934	0
9935	1
9936	0
9937	0
9938	0
9939	0
9940	0
9941	1
9942	1
9943	0
9944	1
9945	0
9946	0
9947	0
9948	0
9949	0
9950	0
9951	1
9952	0
9953	1
9954	0
9955	0
9956	0
9957	1
9958	0
9959	0
9960	0
9961	0
9962	1
9963	0
9964	0
9965	0
9966	1
9967	0
9968	0
9969	0
9970	0
9971	0
9972	1
9973	0
9974	0
9975	0
9976	0
9977	1
9978	0
9979	0
9980	0
9981	0
9982	1
9983	0
9984	0
9985	0
9986	0
9987	0
9988	0
9989	1
9990	0
9991	0
9992	0
9993	0
9994	0
9995	0
9996	0
9997	0
9998	0
9999	0
10000	0
