1	484589659
2	10705406
3	2860514
4	1759384
5	1344210
6	1221019
7	1171962
8	1182798
9	1229183
10	1315659
11	1439403
12	1574992
13	1719414
14	1863188
15	1994878
16	2131832
17	2282081
18	2453106
19	2673959
20	2941371
21	3281013
22	3683921
23	4162747
24	4684627
25	5245646
26	5794230
27	6318916
28	6788552
29	7166335
30	7438000
31	7582188
32	7606870
33	7489148
34	7238797
35	6877402
36	6422560
37	5893493
38	5324482
39	4731114
40	4136680
41	3561212
42	3021137
43	2525505
44	2077885
45	1693676
46	1359991
47	1082558
48	855899
49	669604
50	519749
51	403807
52	312423
53	244944
54	192694
55	154593
56	125819
57	105820
58	91651
59	81754
60	73536
61	68889
62	64526
63	60742
64	58800
65	56404
66	55312
67	53063
68	51859
69	50445
70	48493
71	47033
72	45126
73	43243
74	41427
75	39494
76	37036
77	35512
78	33377
79	31442
80	30330
81	28623
82	27251
83	26332
84	24524
85	23765
86	22262
87	21838
88	20831
89	19801
90	18964
91	18770
92	17915
93	17169
94	16751
95	16185
96	16194
97	15534
98	15475
99	14959
100	14233
101	14196
102	13668
103	13190
104	13055
105	13044
106	12801
107	12494
108	12121
109	11803
110	11385
111	11224
112	10966
113	10766
114	10399
115	10271
116	10016
117	10026
118	9719
119	9371
120	9183
121	8911
122	8783
123	8745
124	8837
125	8592
126	8511
127	8285
128	8145
129	8071
130	7914
131	7707
132	7481
133	7507
134	7337
135	7199
136	7298
137	7163
138	7021
139	6944
140	6892
141	6889
142	6717
143	6592
144	6464
145	6378
146	6360
147	6366
148	6063
149	6047
150	5948
151	5930
152	5721
153	5725
154	5652
155	5546
156	5419
157	5444
158	5238
159	5238
160	5141
161	5023
162	5101
163	4892
164	5140
165	4960
166	4894
167	4994
168	4965
169	4979
170	4937
171	4771
172	4837
173	4700
174	4723
175	4630
176	4655
177	4601
178	4701
179	4665
180	4738
181	4745
182	4816
183	4800
184	4829
185	4673
186	4654
187	4639
188	4756
189	4589
190	4508
191	4624
192	4534
193	4592
194	4457
195	4449
196	4449
197	4435
198	4362
199	4233
200	4155
201	3974
202	3980
203	3858
204	3845
205	3673
206	3781
207	3755
208	3749
209	3706
210	3674
211	3789
212	3603
213	3516
214	3591
215	3415
216	3413
217	3343
218	3302
219	3235
220	3087
221	3089
222	3114
223	3063
224	3076
225	3080
226	3037
227	2987
228	2929
229	2888
230	2944
231	2841
232	2684
233	2736
234	2749
235	2690
236	2652
237	2599
238	2578
239	2577
240	2487
241	2538
242	2483
243	2425
244	2446
245	2363
246	2360
247	2319
248	2296
249	2288
250	2306
251	2237
252	2133
253	2102
254	2116
255	2062
256	2110
257	2038
258	2020
259	1924
260	1933
261	1916
262	1823
263	1730
264	1781
265	1818
266	1717
267	1727
268	1669
269	1664
270	1696
271	1650
272	1707
273	1697
274	1619
275	1615
276	1655
277	1644
278	1610
279	1582
280	1571
281	1522
282	1551
283	1571
284	1489
285	1520
286	1436
287	1398
288	1388
289	1464
290	1394
291	1428
292	1404
293	1325
294	1411
295	1317
296	1377
297	1333
298	1214
299	1348
300	1315
301	1348
302	1245
303	1242
304	1306
305	1142
306	1240
307	1184
308	1122
309	1140
310	1147
311	1105
312	1126
313	1141
314	1101
315	1062
316	1109
317	1051
318	1062
319	1060
320	1011
321	1040
322	1046
323	1057
324	1000
325	1019
326	1036
327	1028
328	1043
329	1048
330	1025
331	962
332	1034
333	1021
334	1012
335	1017
336	984
337	1019
338	913
339	1038
340	1008
341	1041
342	993
343	937
344	941
345	958
346	942
347	861
348	934
349	978
350	962
351	956
352	907
353	900
354	973
355	907
356	909
357	886
358	872
359	870
360	827
361	846
362	902
363	858
364	893
365	884
366	860
367	790
368	836
369	844
370	757
371	818
372	803
373	810
374	768
375	784
376	766
377	793
378	797
379	764
380	827
381	805
382	737
383	788
384	775
385	760
386	751
387	785
388	730
389	814
390	818
391	721
392	740
393	711
394	737
395	751
396	722
397	775
398	704
399	706
400	699
401	716
402	664
403	724
404	720
405	726
406	782
407	690
408	695
409	679
410	732
411	695
412	740
413	679
414	653
415	666
416	686
417	637
418	631
419	626
420	615
421	609
422	656
423	598
424	628
425	638
426	608
427	602
428	647
429	611
430	661
431	644
432	640
433	626
434	596
435	629
436	596
437	612
438	623
439	580
440	567
441	602
442	592
443	581
444	573
445	599
446	586
447	563
448	611
449	579
450	581
451	598
452	546
453	557
454	570
455	583
456	546
457	596
458	551
459	598
460	507
461	531
462	511
463	545
464	551
465	540
466	543
467	496
468	563
469	539
470	522
471	545
472	512
473	524
474	543
475	530
476	517
477	549
478	557
479	533
480	542
481	527
482	541
483	523
484	481
485	503
486	513
487	478
488	544
489	474
490	440
491	446
492	453
493	485
494	457
495	498
496	494
497	451
498	440
499	433
500	489
501	483
502	437
503	451
504	431
505	447
506	416
507	422
508	451
509	418
510	411
511	454
512	437
513	397
514	406
515	385
516	365
517	396
518	404
519	408
520	402
521	456
522	417
523	391
524	408
525	389
526	446
527	433
528	422
529	429
530	396
531	390
532	410
533	389
534	370
535	357
536	381
537	336
538	361
539	385
540	330
541	352
542	354
543	357
544	338
545	353
546	359
547	355
548	337
549	342
550	362
551	325
552	363
553	338
554	336
555	377
556	342
557	335
558	336
559	371
560	370
561	368
562	333
563	405
564	369
565	347
566	359
567	311
568	330
569	407
570	349
571	320
572	372
573	360
574	349
575	349
576	366
577	330
578	339
579	342
580	355
581	360
582	349
583	332
584	312
585	361
586	319
587	321
588	325
589	311
590	340
591	297
592	314
593	292
594	320
595	294
596	306
597	327
598	344
599	349
600	317
601	320
602	308
603	297
604	300
605	299
606	307
607	282
608	291
609	283
610	288
611	292
612	316
613	322
614	265
615	305
616	282
617	287
618	291
619	293
620	283
621	299
622	289
623	292
624	239
625	239
626	276
627	251
628	228
629	244
630	247
631	271
632	282
633	277
634	299
635	268
636	259
637	260
638	252
639	243
640	268
641	210
642	228
643	235
644	240
645	200
646	227
647	222
648	222
649	199
650	219
651	219
652	236
653	220
654	216
655	245
656	239
657	202
658	220
659	221
660	221
661	228
662	220
663	249
664	226
665	224
666	235
667	195
668	209
669	227
670	217
671	206
672	206
673	231
674	217
675	216
676	212
677	222
678	239
679	196
680	220
681	194
682	192
683	219
684	179
685	218
686	219
687	224
688	188
689	197
690	211
691	192
692	194
693	203
694	215
695	191
696	207
697	226
698	210
699	202
700	205
701	192
702	213
703	198
704	217
705	176
706	176
707	224
708	208
709	230
710	194
711	164
712	195
713	171
714	202
715	184
716	191
717	201
718	211
719	196
720	163
721	209
722	182
723	224
724	209
725	188
726	181
727	190
728	176
729	177
730	137
731	173
732	181
733	171
734	191
735	165
736	187
737	187
738	185
739	219
740	161
741	192
742	201
743	187
744	173
745	151
746	174
747	154
748	161
749	151
750	176
751	185
752	158
753	216
754	183
755	172
756	162
757	165
758	156
759	158
760	179
761	167
762	167
763	194
764	182
765	168
766	163
767	172
768	162
769	167
770	153
771	171
772	160
773	164
774	157
775	160
776	164
777	186
778	163
779	175
780	201
781	163
782	162
783	155
784	169
785	177
786	143
787	139
788	133
789	157
790	134
791	134
792	139
793	129
794	146
795	153
796	152
797	159
798	141
799	155
800	175
801	159
802	169
803	157
804	155
805	141
806	117
807	152
808	143
809	122
810	140
811	148
812	146
813	164
814	156
815	155
816	127
817	165
818	133
819	149
820	149
821	181
822	142
823	145
824	144
825	135
826	172
827	139
828	123
829	150
830	117
831	132
832	152
833	159
834	147
835	158
836	150
837	150
838	172
839	159
840	138
841	148
842	131
843	160
844	149
845	170
846	149
847	142
848	148
849	156
850	154
851	171
852	124
853	141
854	124
855	149
856	145
857	122
858	136
859	117
860	141
861	135
862	158
863	144
864	132
865	139
866	133
867	138
868	127
869	147
870	126
871	152
872	146
873	119
874	126
875	148
876	152
877	124
878	145
879	130
880	137
881	129
882	134
883	116
884	130
885	127
886	128
887	124
888	128
889	132
890	146
891	135
892	128
893	132
894	118
895	146
896	121
897	136
898	101
899	103
900	118
901	122
902	130
903	115
904	118
905	116
906	117
907	121
908	125
909	108
910	118
911	122
912	106
913	120
914	131
915	126
916	127
917	125
918	127
919	108
920	134
921	140
922	126
923	110
924	114
925	110
926	111
927	108
928	114
929	109
930	105
931	126
932	134
933	116
934	113
935	132
936	117
937	132
938	123
939	117
940	99
941	139
942	135
943	111
944	131
945	110
946	113
947	127
948	117
949	142
950	128
951	116
952	107
953	136
954	122
955	117
956	118
957	113
958	120
959	105
960	115
961	127
962	113
963	116
964	139
965	125
966	96
967	114
968	103
969	103
970	108
971	110
972	111
973	115
974	111
975	101
976	100
977	111
978	100
979	108
980	106
981	106
982	109
983	113
984	110
985	91
986	120
987	106
988	91
989	96
990	99
991	99
992	104
993	95
994	82
995	102
996	96
997	101
998	82
999	107
1000	94
1001	97
1002	79
1003	96
1004	86
1005	93
1006	95
1007	73
1008	94
1009	94
1010	108
1011	96
1012	89
1013	88
1014	93
1015	77
1016	112
1017	96
1018	94
1019	99
1020	96
1021	101
1022	91
1023	97
1024	80
1025	108
1026	112
1027	97
1028	98
1029	101
1030	86
1031	94
1032	95
1033	103
1034	79
1035	129
1036	84
1037	91
1038	84
1039	92
1040	94
1041	93
1042	103
1043	87
1044	89
1045	109
1046	62
1047	85
1048	86
1049	81
1050	98
1051	88
1052	87
1053	98
1054	94
1055	81
1056	80
1057	101
1058	81
1059	93
1060	95
1061	104
1062	85
1063	81
1064	81
1065	92
1066	97
1067	98
1068	83
1069	86
1070	100
1071	85
1072	82
1073	79
1074	87
1075	99
1076	88
1077	101
1078	88
1079	93
1080	78
1081	103
1082	98
1083	84
1084	82
1085	100
1086	87
1087	93
1088	73
1089	88
1090	86
1091	99
1092	90
1093	69
1094	104
1095	76
1096	93
1097	68
1098	90
1099	84
1100	94
1101	100
1102	82
1103	92
1104	75
1105	77
1106	79
1107	84
1108	75
1109	92
1110	83
1111	91
1112	99
1113	84
1114	106
1115	99
1116	88
1117	89
1118	79
1119	80
1120	87
1121	95
1122	79
1123	70
1124	79
1125	93
1126	90
1127	65
1128	82
1129	85
1130	95
1131	88
1132	80
1133	89
1134	85
1135	75
1136	77
1137	76
1138	68
1139	77
1140	71
1141	98
1142	84
1143	82
1144	80
1145	72
1146	78
1147	73
1148	74
1149	69
1150	64
1151	67
1152	74
1153	79
1154	80
1155	85
1156	84
1157	70
1158	62
1159	77
1160	79
1161	67
1162	72
1163	70
1164	80
1165	64
1166	79
1167	87
1168	67
1169	65
1170	75
1171	56
1172	62
1173	66
1174	62
1175	66
1176	57
1177	67
1178	67
1179	66
1180	50
1181	61
1182	74
1183	63
1184	68
1185	65
1186	61
1187	66
1188	59
1189	55
1190	59
1191	51
1192	56
1193	63
1194	52
1195	77
1196	60
1197	67
1198	72
1199	65
1200	63
1201	54
1202	74
1203	63
1204	59
1205	68
1206	57
1207	64
1208	52
1209	66
1210	70
1211	56
1212	56
1213	78
1214	74
1215	80
1216	61
1217	62
1218	58
1219	61
1220	63
1221	66
1222	63
1223	50
1224	72
1225	54
1226	55
1227	76
1228	55
1229	72
1230	65
1231	55
1232	64
1233	58
1234	48
1235	66
1236	38
1237	53
1238	60
1239	52
1240	62
1241	51
1242	60
1243	54
1244	60
1245	68
1246	49
1247	57
1248	55
1249	48
1250	54
1251	56
1252	66
1253	78
1254	72
1255	61
1256	46
1257	66
1258	56
1259	51
1260	57
1261	50
1262	58
1263	50
1264	60
1265	48
1266	54
1267	52
1268	48
1269	49
1270	43
1271	47
1272	45
1273	45
1274	57
1275	51
1276	51
1277	48
1278	54
1279	44
1280	62
1281	38
1282	49
1283	49
1284	47
1285	51
1286	53
1287	41
1288	51
1289	44
1290	30
1291	47
1292	40
1293	43
1294	48
1295	46
1296	46
1297	39
1298	48
1299	49
1300	45
1301	36
1302	48
1303	61
1304	41
1305	47
1306	46
1307	42
1308	45
1309	42
1310	45
1311	55
1312	40
1313	44
1314	51
1315	40
1316	42
1317	49
1318	34
1319	48
1320	46
1321	40
1322	40
1323	44
1324	45
1325	41
1326	47
1327	54
1328	34
1329	44
1330	38
1331	42
1332	40
1333	46
1334	35
1335	43
1336	45
1337	43
1338	36
1339	40
1340	41
1341	44
1342	37
1343	45
1344	43
1345	43
1346	42
1347	26
1348	36
1349	29
1350	32
1351	39
1352	42
1353	34
1354	41
1355	37
1356	37
1357	39
1358	33
1359	29
1360	31
1361	24
1362	32
1363	36
1364	36
1365	35
1366	26
1367	36
1368	42
1369	42
1370	51
1371	33
1372	37
1373	38
1374	37
1375	44
1376	32
1377	42
1378	48
1379	44
1380	36
1381	38
1382	40
1383	46
1384	44
1385	38
1386	43
1387	47
1388	35
1389	38
1390	34
1391	47
1392	39
1393	37
1394	40
1395	41
1396	44
1397	40
1398	28
1399	44
1400	36
1401	33
1402	40
1403	34
1404	34
1405	40
1406	37
1407	33
1408	33
1409	39
1410	35
1411	36
1412	45
1413	30
1414	31
1415	37
1416	29
1417	28
1418	42
1419	38
1420	27
1421	32
1422	41
1423	29
1424	25
1425	36
1426	37
1427	28
1428	33
1429	37
1430	44
1431	29
1432	33
1433	31
1434	31
1435	34
1436	41
1437	38
1438	29
1439	36
1440	37
1441	52
1442	29
1443	24
1444	39
1445	35
1446	45
1447	36
1448	31
1449	42
1450	46
1451	39
1452	38
1453	37
1454	32
1455	42
1456	42
1457	28
1458	29
1459	35
1460	41
1461	31
1462	39
1463	52
1464	24
1465	35
1466	32
1467	27
1468	37
1469	37
1470	34
1471	34
1472	31
1473	31
1474	28
1475	30
1476	32
1477	21
1478	39
1479	34
1480	30
1481	32
1482	33
1483	34
1484	29
1485	25
1486	25
1487	41
1488	33
1489	24
1490	36
1491	37
1492	35
1493	33
1494	23
1495	25
1496	36
1497	25
1498	28
1499	40
1500	38
1501	32
1502	28
1503	34
1504	41
1505	31
1506	46
1507	34
1508	29
1509	33
1510	35
1511	35
1512	38
1513	25
1514	28
1515	42
1516	29
1517	37
1518	30
1519	35
1520	37
1521	37
1522	33
1523	27
1524	36
1525	36
1526	37
1527	39
1528	26
1529	36
1530	35
1531	30
1532	43
1533	28
1534	39
1535	33
1536	31
1537	37
1538	36
1539	31
1540	30
1541	50
1542	34
1543	26
1544	42
1545	40
1546	33
1547	35
1548	24
1549	44
1550	30
1551	43
1552	34
1553	32
1554	41
1555	44
1556	46
1557	39
1558	24
1559	44
1560	35
1561	25
1562	29
1563	32
1564	38
1565	33
1566	45
1567	33
1568	42
1569	45
1570	35
1571	32
1572	30
1573	41
1574	37
1575	39
1576	48
1577	49
1578	34
1579	45
1580	39
1581	39
1582	47
1583	29
1584	44
1585	31
1586	32
1587	52
1588	47
1589	49
1590	41
1591	40
1592	47
1593	34
1594	38
1595	39
1596	26
1597	43
1598	28
1599	35
1600	34
1601	34
1602	37
1603	34
1604	34
1605	40
1606	28
1607	35
1608	37
1609	35
1610	41
1611	39
1612	39
1613	46
1614	54
1615	36
1616	35
1617	29
1618	40
1619	28
1620	48
1621	33
1622	32
1623	38
1624	39
1625	37
1626	40
1627	43
1628	41
1629	42
1630	41
1631	45
1632	36
1633	38
1634	46
1635	44
1636	31
1637	43
1638	33
1639	33
1640	32
1641	31
1642	24
1643	32
1644	33
1645	24
1646	37
1647	38
1648	29
1649	30
1650	32
1651	33
1652	35
1653	29
1654	29
1655	28
1656	33
1657	29
1658	31
1659	26
1660	39
1661	22
1662	27
1663	32
1664	27
1665	29
1666	31
1667	29
1668	22
1669	25
1670	25
1671	27
1672	33
1673	20
1674	28
1675	24
1676	26
1677	17
1678	26
1679	33
1680	25
1681	27
1682	28
1683	20
1684	25
1685	32
1686	24
1687	32
1688	31
1689	29
1690	31
1691	21
1692	31
1693	29
1694	38
1695	33
1696	21
1697	21
1698	31
1699	27
1700	30
1701	24
1702	34
1703	17
1704	16
1705	19
1706	18
1707	29
1708	26
1709	19
1710	23
1711	29
1712	32
1713	19
1714	28
1715	23
1716	23
1717	21
1718	25
1719	25
1720	22
1721	29
1722	20
1723	26
1724	24
1725	27
1726	24
1727	27
1728	30
1729	29
1730	27
1731	20
1732	23
1733	26
1734	24
1735	24
1736	22
1737	29
1738	27
1739	18
1740	26
1741	20
1742	20
1743	26
1744	24
1745	33
1746	26
1747	31
1748	19
1749	21
1750	23
1751	24
1752	47
1753	23
1754	16
1755	37
1756	28
1757	37
1758	26
1759	18
1760	30
1761	22
1762	22
1763	30
1764	31
1765	33
1766	19
1767	37
1768	23
1769	28
1770	25
1771	23
1772	24
1773	27
1774	28
1775	25
1776	32
1777	23
1778	22
1779	27
1780	24
1781	20
1782	19
1783	22
1784	30
1785	28
1786	24
1787	22
1788	31
1789	21
1790	21
1791	25
1792	18
1793	21
1794	21
1795	21
1796	32
1797	23
1798	26
1799	17
1800	26
1801	19
1802	27
1803	31
1804	28
1805	20
1806	24
1807	20
1808	27
1809	21
1810	33
1811	23
1812	37
1813	32
1814	37
1815	24
1816	25
1817	29
1818	38
1819	27
1820	35
1821	23
1822	23
1823	39
1824	27
1825	31
1826	30
1827	17
1828	21
1829	21
1830	32
1831	26
1832	26
1833	32
1834	24
1835	18
1836	25
1837	23
1838	22
1839	28
1840	18
1841	28
1842	21
1843	17
1844	26
1845	20
1846	22
1847	21
1848	19
1849	16
1850	20
1851	31
1852	24
1853	15
1854	23
1855	32
1856	18
1857	22
1858	14
1859	22
1860	19
1861	15
1862	22
1863	29
1864	15
1865	20
1866	19
1867	23
1868	23
1869	25
1870	15
1871	13
1872	16
1873	24
1874	19
1875	18
1876	7
1877	17
1878	19
1879	16
1880	24
1881	16
1882	19
1883	22
1884	21
1885	16
1886	14
1887	17
1888	20
1889	25
1890	23
1891	18
1892	26
1893	33
1894	17
1895	28
1896	21
1897	27
1898	43
1899	22
1900	23
1901	20
1902	21
1903	21
1904	21
1905	18
1906	21
1907	21
1908	21
1909	11
1910	18
1911	20
1912	27
1913	27
1914	28
1915	24
1916	30
1917	19
1918	28
1919	20
1920	26
1921	21
1922	22
1923	32
1924	22
1925	25
1926	22
1927	18
1928	16
1929	14
1930	21
1931	32
1932	21
1933	31
1934	25
1935	29
1936	25
1937	27
1938	27
1939	31
1940	20
1941	22
1942	28
1943	22
1944	19
1945	23
1946	27
1947	30
1948	19
1949	20
1950	23
1951	12
1952	22
1953	16
1954	29
1955	21
1956	16
1957	19
1958	34
1959	25
1960	28
1961	15
1962	27
1963	24
1964	21
1965	18
1966	20
1967	30
1968	27
1969	13
1970	24
1971	23
1972	28
1973	22
1974	22
1975	22
1976	23
1977	26
1978	20
1979	18
1980	31
1981	19
1982	17
1983	28
1984	28
1985	28
1986	27
1987	31
1988	24
1989	29
1990	31
1991	29
1992	24
1993	28
1994	23
1995	24
1996	19
1997	24
1998	18
1999	24
2000	21
2001	22
2002	18
2003	26
2004	24
2005	28
2006	17
2007	24
2008	27
2009	25
2010	25
2011	23
2012	30
2013	34
2014	22
2015	30
2016	21
2017	22
2018	28
2019	21
2020	29
2021	24
2022	28
2023	26
2024	26
2025	39
2026	27
2027	35
2028	22
2029	28
2030	31
2031	26
2032	27
2033	31
2034	18
2035	22
2036	23
2037	29
2038	25
2039	27
2040	19
2041	29
2042	20
2043	19
2044	26
2045	26
2046	26
2047	26
2048	21
2049	16
2050	29
2051	22
2052	23
2053	24
2054	26
2055	25
2056	20
2057	32
2058	31
2059	20
2060	23
2061	22
2062	27
2063	36
2064	21
2065	23
2066	29
2067	30
2068	27
2069	27
2070	26
2071	17
2072	26
2073	16
2074	27
2075	29
2076	26
2077	25
2078	21
2079	25
2080	20
2081	30
2082	26
2083	20
2084	17
2085	25
2086	21
2087	17
2088	25
2089	26
2090	28
2091	14
2092	28
2093	35
2094	25
2095	25
2096	32
2097	31
2098	29
2099	37
2100	43
2101	25
2102	28
2103	25
2104	27
2105	28
2106	23
2107	24
2108	29
2109	37
2110	27
2111	34
2112	22
2113	25
2114	31
2115	30
2116	24
2117	21
2118	33
2119	27
2120	20
2121	23
2122	32
2123	38
2124	26
2125	24
2126	19
2127	18
2128	15
2129	25
2130	15
2131	15
2132	16
2133	24
2134	22
2135	21
2136	16
2137	12
2138	22
2139	19
2140	21
2141	21
2142	25
2143	18
2144	17
2145	21
2146	24
2147	22
2148	16
2149	33
2150	30
2151	18
2152	23
2153	17
2154	33
2155	29
2156	20
2157	27
2158	19
2159	15
2160	21
2161	21
2162	22
2163	21
2164	20
2165	22
2166	17
2167	22
2168	27
2169	22
2170	18
2171	27
2172	24
2173	23
2174	29
2175	30
2176	20
2177	26
2178	18
2179	28
2180	29
2181	22
2182	24
2183	34
2184	40
2185	17
2186	20
2187	22
2188	24
2189	29
2190	23
2191	24
2192	30
2193	21
2194	19
2195	19
2196	27
2197	25
2198	29
2199	21
2200	23
2201	21
2202	16
2203	22
2204	21
2205	18
2206	28
2207	24
2208	21
2209	20
2210	17
2211	14
2212	28
2213	16
2214	19
2215	24
2216	16
2217	21
2218	20
2219	17
2220	12
2221	29
2222	15
2223	19
2224	35
2225	17
2226	24
2227	27
2228	26
2229	19
2230	27
2231	16
2232	19
2233	23
2234	27
2235	20
2236	31
2237	22
2238	24
2239	30
2240	21
2241	20
2242	20
2243	17
2244	15
2245	29
2246	23
2247	16
2248	20
2249	20
2250	19
2251	20
2252	22
2253	23
2254	14
2255	19
2256	21
2257	22
2258	23
2259	20
2260	22
2261	25
2262	13
2263	16
2264	24
2265	23
2266	25
2267	32
2268	25
2269	21
2270	30
2271	21
2272	23
2273	25
2274	24
2275	16
2276	20
2277	24
2278	22
2279	24
2280	20
2281	20
2282	31
2283	23
2284	21
2285	23
2286	24
2287	22
2288	25
2289	22
2290	21
2291	20
2292	25
2293	13
2294	19
2295	24
2296	19
2297	24
2298	21
2299	32
2300	22
2301	25
2302	23
2303	30
2304	22
2305	20
2306	27
2307	21
2308	20
2309	21
2310	24
2311	20
2312	23
2313	19
2314	17
2315	16
2316	29
2317	23
2318	24
2319	27
2320	23
2321	25
2322	17
2323	21
2324	28
2325	22
2326	14
2327	16
2328	26
2329	19
2330	27
2331	19
2332	20
2333	29
2334	26
2335	25
2336	20
2337	20
2338	27
2339	22
2340	27
2341	19
2342	23
2343	20
2344	25
2345	25
2346	29
2347	17
2348	20
2349	21
2350	21
2351	29
2352	22
2353	25
2354	15
2355	23
2356	32
2357	16
2358	16
2359	12
2360	25
2361	14
2362	17
2363	17
2364	21
2365	18
2366	18
2367	20
2368	14
2369	19
2370	25
2371	16
2372	22
2373	20
2374	27
2375	22
2376	21
2377	16
2378	16
2379	15
2380	15
2381	21
2382	18
2383	24
2384	16
2385	18
2386	14
2387	21
2388	20
2389	24
2390	9
2391	18
2392	26
2393	13
2394	15
2395	17
2396	19
2397	18
2398	21
2399	18
2400	13
2401	19
2402	15
2403	17
2404	21
2405	10
2406	17
2407	15
2408	17
2409	21
2410	20
2411	21
2412	14
2413	13
2414	26
2415	24
2416	11
2417	22
2418	16
2419	19
2420	23
2421	16
2422	26
2423	18
2424	12
2425	21
2426	13
2427	19
2428	21
2429	19
2430	17
2431	13
2432	24
2433	23
2434	13
2435	14
2436	19
2437	20
2438	19
2439	18
2440	23
2441	21
2442	17
2443	22
2444	16
2445	21
2446	18
2447	17
2448	30
2449	12
2450	20
2451	18
2452	16
2453	14
2454	19
2455	19
2456	18
2457	25
2458	12
2459	22
2460	13
2461	15
2462	25
2463	20
2464	18
2465	25
2466	20
2467	17
2468	25
2469	18
2470	22
2471	21
2472	22
2473	22
2474	18
2475	21
2476	16
2477	26
2478	21
2479	19
2480	19
2481	17
2482	19
2483	22
2484	21
2485	21
2486	27
2487	15
2488	21
2489	25
2490	14
2491	34
2492	18
2493	25
2494	13
2495	18
2496	19
2497	31
2498	19
2499	23
2500	25
2501	21
2502	24
2503	12
2504	22
2505	29
2506	23
2507	18
2508	21
2509	20
2510	21
2511	26
2512	21
2513	20
2514	23
2515	12
2516	20
2517	23
2518	19
2519	25
2520	21
2521	23
2522	26
2523	23
2524	26
2525	25
2526	31
2527	28
2528	17
2529	20
2530	25
2531	17
2532	22
2533	27
2534	29
2535	21
2536	26
2537	22
2538	19
2539	16
2540	30
2541	20
2542	23
2543	21
2544	20
2545	24
2546	23
2547	28
2548	28
2549	23
2550	22
2551	23
2552	20
2553	29
2554	18
2555	15
2556	18
2557	26
2558	19
2559	24
2560	16
2561	25
2562	26
2563	25
2564	39
2565	24
2566	20
2567	32
2568	25
2569	27
2570	26
2571	17
2572	19
2573	33
2574	29
2575	39
2576	32
2577	27
2578	16
2579	33
2580	26
2581	29
2582	19
2583	24
2584	37
2585	29
2586	22
2587	24
2588	30
2589	29
2590	16
2591	17
2592	17
2593	26
2594	23
2595	26
2596	33
2597	28
2598	19
2599	18
2600	29
2601	27
2602	29
2603	25
2604	27
2605	27
2606	16
2607	19
2608	32
2609	13
2610	19
2611	29
2612	16
2613	20
2614	28
2615	19
2616	26
2617	24
2618	20
2619	29
2620	24
2621	25
2622	23
2623	20
2624	23
2625	28
2626	34
2627	22
2628	25
2629	19
2630	23
2631	16
2632	28
2633	15
2634	22
2635	21
2636	27
2637	17
2638	16
2639	27
2640	20
2641	26
2642	17
2643	20
2644	23
2645	14
2646	17
2647	25
2648	16
2649	21
2650	18
2651	26
2652	34
2653	16
2654	30
2655	22
2656	18
2657	18
2658	18
2659	19
2660	15
2661	16
2662	25
2663	19
2664	21
2665	16
2666	15
2667	25
2668	22
2669	22
2670	18
2671	17
2672	18
2673	9
2674	25
2675	21
2676	21
2677	22
2678	20
2679	16
2680	21
2681	13
2682	22
2683	17
2684	19
2685	28
2686	21
2687	22
2688	27
2689	24
2690	25
2691	29
2692	27
2693	16
2694	28
2695	29
2696	25
2697	22
2698	32
2699	29
2700	42
2701	18
2702	24
2703	25
2704	31
2705	28
2706	23
2707	14
2708	37
2709	20
2710	31
2711	15
2712	14
2713	19
2714	26
2715	23
2716	26
2717	24
2718	25
2719	29
2720	27
2721	21
2722	33
2723	24
2724	14
2725	26
2726	29
2727	20
2728	25
2729	26
2730	27
2731	21
2732	21
2733	27
2734	29
2735	24
2736	20
2737	13
2738	19
2739	30
2740	22
2741	17
2742	27
2743	18
2744	18
2745	29
2746	27
2747	26
2748	23
2749	34
2750	16
2751	34
2752	20
2753	16
2754	21
2755	34
2756	32
2757	22
2758	34
2759	25
2760	27
2761	26
2762	13
2763	27
2764	21
2765	31
2766	13
2767	18
2768	21
2769	15
2770	20
2771	18
2772	26
2773	23
2774	32
2775	30
2776	20
2777	32
2778	19
2779	31
2780	31
2781	32
2782	24
2783	30
2784	18
2785	23
2786	24
2787	23
2788	33
2789	31
2790	26
2791	27
2792	34
2793	24
2794	20
2795	28
2796	28
2797	28
2798	27
2799	25
2800	31
2801	34
2802	20
2803	19
2804	34
2805	21
2806	24
2807	21
2808	24
2809	34
2810	22
2811	21
2812	25
2813	19
2814	27
2815	23
2816	15
2817	17
2818	33
2819	31
2820	23
2821	19
2822	21
2823	24
2824	25
2825	30
2826	19
2827	12
2828	27
2829	26
2830	22
2831	27
2832	24
2833	18
2834	23
2835	24
2836	22
2837	31
2838	15
2839	28
2840	31
2841	20
2842	20
2843	25
2844	28
2845	21
2846	19
2847	25
2848	32
2849	23
2850	25
2851	33
2852	28
2853	20
2854	30
2855	30
2856	24
2857	32
2858	26
2859	26
2860	28
2861	26
2862	20
2863	34
2864	28
2865	28
2866	16
2867	28
2868	36
2869	22
2870	33
2871	28
2872	22
2873	36
2874	37
2875	24
2876	28
2877	41
2878	33
2879	31
2880	31
2881	33
2882	30
2883	36
2884	31
2885	37
2886	32
2887	23
2888	20
2889	34
2890	40
2891	40
2892	47
2893	35
2894	35
2895	39
2896	36
2897	23
2898	28
2899	33
2900	38
2901	37
2902	45
2903	37
2904	29
2905	34
2906	32
2907	35
2908	30
2909	35
2910	29
2911	33
2912	41
2913	36
2914	27
2915	32
2916	20
2917	28
2918	37
2919	34
2920	32
2921	43
2922	30
2923	33
2924	30
2925	35
2926	22
2927	27
2928	31
2929	28
2930	27
2931	39
2932	32
2933	30
2934	21
2935	32
2936	24
2937	22
2938	33
2939	37
2940	26
2941	23
2942	32
2943	34
2944	33
2945	23
2946	35
2947	26
2948	33
2949	32
2950	37
2951	34
2952	36
2953	25
2954	22
2955	18
2956	29
2957	33
2958	32
2959	27
2960	30
2961	31
2962	38
2963	20
2964	22
2965	24
2966	35
2967	23
2968	27
2969	32
2970	29
2971	35
2972	27
2973	19
2974	29
2975	22
2976	24
2977	21
2978	31
2979	24
2980	23
2981	29
2982	29
2983	33
2984	31
2985	26
2986	32
2987	31
2988	17
2989	30
2990	25
2991	36
2992	34
2993	24
2994	26
2995	28
2996	20
2997	26
2998	32
2999	23
3000	34
3001	27
3002	35
3003	31
3004	23
3005	42
3006	31
3007	19
3008	27
3009	42
3010	27
3011	23
3012	31
3013	41
3014	24
3015	31
3016	37
3017	22
3018	30
3019	26
3020	26
3021	27
3022	31
3023	28
3024	22
3025	29
3026	26
3027	28
3028	28
3029	30
3030	27
3031	18
3032	21
3033	27
3034	23
3035	29
3036	25
3037	25
3038	21
3039	27
3040	27
3041	30
3042	30
3043	31
3044	24
3045	27
3046	20
3047	28
3048	26
3049	28
3050	35
3051	27
3052	29
3053	35
3054	25
3055	39
3056	21
3057	34
3058	34
3059	36
3060	30
3061	21
3062	34
3063	22
3064	18
3065	23
3066	29
3067	18
3068	22
3069	30
3070	23
3071	19
3072	19
3073	31
3074	19
3075	33
3076	21
3077	23
3078	26
3079	20
3080	23
3081	27
3082	21
3083	25
3084	16
3085	21
3086	32
3087	17
3088	26
3089	36
3090	24
3091	25
3092	24
3093	17
3094	29
3095	21
3096	20
3097	23
3098	28
3099	21
3100	23
3101	14
3102	16
3103	14
3104	14
3105	25
3106	19
3107	29
3108	24
3109	28
3110	22
3111	19
3112	17
3113	24
3114	22
3115	21
3116	33
3117	26
3118	27
3119	26
3120	18
3121	26
3122	22
3123	26
3124	24
3125	21
3126	22
3127	27
3128	22
3129	26
3130	20
3131	26
3132	23
3133	16
3134	17
3135	23
3136	20
3137	20
3138	26
3139	35
3140	19
3141	24
3142	22
3143	25
3144	19
3145	24
3146	33
3147	20
3148	19
3149	26
3150	29
3151	27
3152	26
3153	30
3154	23
3155	31
3156	29
3157	31
3158	23
3159	37
3160	25
3161	35
3162	15
3163	25
3164	29
3165	34
3166	26
3167	34
3168	19
3169	42
3170	26
3171	28
3172	19
3173	40
3174	18
3175	31
3176	20
3177	30
3178	20
3179	33
3180	29
3181	31
3182	27
3183	33
3184	40
3185	29
3186	32
3187	22
3188	34
3189	26
3190	26
3191	33
3192	23
3193	18
3194	39
3195	35
3196	23
3197	32
3198	24
3199	30
3200	35
3201	32
3202	35
3203	35
3204	38
3205	23
3206	18
3207	26
3208	31
3209	34
3210	27
3211	39
3212	28
3213	36
3214	40
3215	29
3216	32
3217	35
3218	33
3219	31
3220	39
3221	30
3222	28
3223	37
3224	31
3225	37
3226	32
3227	36
3228	26
3229	25
3230	38
3231	32
3232	32
3233	33
3234	30
3235	32
3236	27
3237	30
3238	32
3239	34
3240	31
3241	33
3242	29
3243	38
3244	35
3245	21
3246	31
3247	31
3248	34
3249	24
3250	34
3251	33
3252	32
3253	26
3254	32
3255	31
3256	34
3257	28
3258	26
3259	32
3260	35
3261	22
3262	20
3263	17
3264	23
3265	33
3266	29
3267	24
3268	37
3269	25
3270	28
3271	19
3272	26
3273	28
3274	25
3275	29
3276	19
3277	24
3278	31
3279	25
3280	29
3281	33
3282	25
3283	16
3284	25
3285	28
3286	33
3287	30
3288	25
3289	33
3290	28
3291	37
3292	27
3293	21
3294	31
3295	32
3296	27
3297	29
3298	29
3299	32
3300	24
3301	30
3302	31
3303	36
3304	41
3305	30
3306	37
3307	23
3308	29
3309	39
3310	25
3311	30
3312	29
3313	31
3314	32
3315	25
3316	21
3317	30
3318	31
3319	26
3320	33
3321	20
3322	27
3323	16
3324	33
3325	35
3326	33
3327	21
3328	33
3329	29
3330	33
3331	24
3332	23
3333	26
3334	25
3335	24
3336	23
3337	31
3338	22
3339	34
3340	26
3341	22
3342	24
3343	28
3344	25
3345	21
3346	23
3347	30
3348	27
3349	27
3350	24
3351	20
3352	26
3353	29
3354	29
3355	21
3356	29
3357	19
3358	17
3359	26
3360	25
3361	19
3362	27
3363	15
3364	29
3365	14
3366	19
3367	20
3368	24
3369	27
3370	22
3371	16
3372	17
3373	19
3374	21
3375	17
3376	17
3377	22
3378	24
3379	20
3380	10
3381	19
3382	18
3383	22
3384	7
3385	15
3386	21
3387	17
3388	13
3389	14
3390	16
3391	17
3392	16
3393	11
3394	11
3395	21
3396	16
3397	11
3398	10
3399	11
3400	16
3401	15
3402	13
3403	8
3404	18
3405	13
3406	11
3407	13
3408	13
3409	13
3410	19
3411	5
3412	10
3413	19
3414	10
3415	19
3416	12
3417	14
3418	17
3419	13
3420	13
3421	19
3422	13
3423	7
3424	14
3425	8
3426	20
3427	12
3428	6
3429	10
3430	16
3431	14
3432	20
3433	14
3434	12
3435	14
3436	11
3437	15
3438	12
3439	21
3440	10
3441	9
3442	13
3443	15
3444	14
3445	16
3446	15
3447	7
3448	11
3449	8
3450	14
3451	10
3452	10
3453	21
3454	10
3455	8
3456	18
3457	12
3458	14
3459	16
3460	20
3461	15
3462	13
3463	19
3464	12
3465	15
3466	15
3467	9
3468	12
3469	10
3470	21
3471	18
3472	14
3473	15
3474	15
3475	12
3476	10
3477	10
3478	9
3479	14
3480	14
3481	8
3482	14
3483	16
3484	9
3485	11
3486	16
3487	12
3488	11
3489	12
3490	13
3491	9
3492	15
3493	13
3494	14
3495	17
3496	11
3497	17
3498	15
3499	10
3500	12
3501	15
3502	12
3503	9
3504	13
3505	18
3506	16
3507	17
3508	13
3509	12
3510	12
3511	9
3512	20
3513	13
3514	13
3515	26
3516	13
3517	20
3518	12
3519	13
3520	16
3521	12
3522	15
3523	15
3524	15
3525	14
3526	15
3527	17
3528	12
3529	15
3530	16
3531	17
3532	13
3533	19
3534	16
3535	14
3536	18
3537	12
3538	9
3539	17
3540	17
3541	14
3542	11
3543	13
3544	10
3545	13
3546	10
3547	15
3548	15
3549	20
3550	8
3551	14
3552	17
3553	16
3554	17
3555	13
3556	14
3557	19
3558	13
3559	12
3560	12
3561	11
3562	22
3563	14
3564	13
3565	16
3566	16
3567	10
3568	21
3569	22
3570	14
3571	14
3572	13
3573	18
3574	13
3575	14
3576	15
3577	15
3578	11
3579	14
3580	8
3581	16
3582	10
3583	10
3584	13
3585	11
3586	13
3587	9
3588	20
3589	13
3590	11
3591	7
3592	13
3593	11
3594	7
3595	10
3596	11
3597	8
3598	14
3599	13
3600	18
3601	5
3602	8
3603	13
3604	9
3605	12
3606	10
3607	5
3608	16
3609	9
3610	8
3611	5
3612	11
3613	21
3614	12
3615	11
3616	10
3617	7
3618	11
3619	6
3620	7
3621	13
3622	8
3623	14
3624	13
3625	6
3626	15
3627	18
3628	10
3629	7
3630	5
3631	13
3632	11
3633	4
3634	7
3635	13
3636	5
3637	6
3638	9
3639	10
3640	8
3641	7
3642	9
3643	8
3644	11
3645	16
3646	9
3647	9
3648	17
3649	12
3650	11
3651	11
3652	7
3653	11
3654	6
3655	13
3656	6
3657	13
3658	14
3659	10
3660	10
3661	10
3662	6
3663	10
3664	11
3665	18
3666	12
3667	19
3668	16
3669	13
3670	8
3671	9
3672	12
3673	15
3674	13
3675	7
3676	10
3677	11
3678	8
3679	8
3680	12
3681	17
3682	7
3683	14
3684	12
3685	11
3686	18
3687	11
3688	13
3689	12
3690	13
3691	11
3692	8
3693	9
3694	15
3695	10
3696	9
3697	14
3698	11
3699	14
3700	9
3701	9
3702	12
3703	17
3704	14
3705	9
3706	8
3707	9
3708	7
3709	16
3710	11
3711	13
3712	11
3713	12
3714	9
3715	11
3716	13
3717	8
3718	6
3719	12
3720	11
3721	6
3722	11
3723	10
3724	11
3725	12
3726	12
3727	17
3728	10
3729	12
3730	14
3731	16
3732	15
3733	18
3734	10
3735	18
3736	10
3737	12
3738	10
3739	9
3740	13
3741	16
3742	11
3743	18
3744	13
3745	14
3746	13
3747	11
3748	18
3749	10
3750	10
3751	13
3752	12
3753	8
3754	11
3755	15
3756	9
3757	9
3758	11
3759	8
3760	11
3761	9
3762	5
3763	11
3764	14
3765	11
3766	8
3767	11
3768	6
3769	5
3770	10
3771	10
3772	17
3773	11
3774	6
3775	11
3776	9
3777	5
3778	13
3779	9
3780	13
3781	9
3782	12
3783	5
3784	14
3785	11
3786	14
3787	11
3788	4
3789	10
3790	8
3791	7
3792	7
3793	7
3794	14
3795	8
3796	10
3797	10
3798	3
3799	6
3800	6
3801	7
3802	7
3803	6
3804	7
3805	10
3806	11
3807	9
3808	9
3809	5
3810	10
3811	8
3812	8
3813	13
3814	9
3815	12
3816	9
3817	10
3818	9
3819	11
3820	9
3821	10
3822	6
3823	14
3824	8
3825	13
3826	15
3827	9
3828	9
3829	5
3830	3
3831	8
3832	13
3833	5
3834	9
3835	9
3836	9
3837	6
3838	12
3839	12
3840	6
3841	5
3842	9
3843	7
3844	4
3845	5
3846	4
3847	8
3848	4
3849	14
3850	9
3851	5
3852	11
3853	8
3854	6
3855	6
3856	6
3857	5
3858	8
3859	9
3860	5
3861	8
3862	7
3863	5
3864	6
3865	10
3866	12
3867	10
3868	14
3869	6
3870	7
3871	10
3872	8
3873	12
3874	9
3875	11
3876	7
3877	9
3878	9
3879	9
3880	9
3881	5
3882	4
3883	6
3884	11
3885	11
3886	8
3887	7
3888	5
3889	3
3890	7
3891	5
3892	6
3893	11
3894	2
3895	8
3896	7
3897	5
3898	11
3899	5
3900	6
3901	12
3902	6
3903	9
3904	9
3905	6
3906	11
3907	10
3908	8
3909	8
3910	5
3911	13
3912	6
3913	9
3914	10
3915	2
3916	2
3917	3
3918	5
3919	5
3920	7
3921	6
3922	6
3923	6
3924	8
3925	5
3926	5
3927	9
3928	5
3929	10
3930	11
3931	10
3932	5
3933	5
3934	8
3935	3
3936	5
3937	6
3938	7
3939	3
3940	9
3941	4
3942	9
3943	11
3944	6
3945	3
3946	6
3947	7
3948	4
3949	6
3950	9
3951	2
3952	9
3953	6
3954	10
3955	5
3956	3
3957	5
3958	6
3959	3
3960	7
3961	4
3962	5
3963	1
3964	6
3965	4
3966	6
3967	3
3968	5
3969	6
3970	3
3971	5
3972	7
3973	6
3974	3
3975	4
3976	8
3977	4
3978	1
3979	8
3980	7
3981	7
3982	5
3983	4
3984	6
3985	5
3986	7
3987	9
3988	4
3989	9
3990	6
3991	9
3992	4
3993	4
3994	5
3995	12
3996	4
3997	6
3998	4
3999	5
4000	4
4001	6
4002	5
4003	7
4004	2
4005	12
4006	6
4007	5
4008	9
4009	4
4010	8
4011	7
4012	9
4013	6
4014	11
4015	12
4016	5
4017	5
4018	10
4019	8
4020	5
4021	4
4022	5
4023	8
4024	11
4025	6
4026	3
4027	11
4028	4
4029	6
4030	10
4031	5
4032	8
4033	6
4034	7
4035	7
4036	3
4037	5
4038	6
4039	8
4040	5
4041	7
4042	5
4043	7
4044	7
4045	5
4046	5
4047	5
4048	1
4049	5
4050	6
4051	7
4052	8
4053	4
4054	6
4055	6
4056	8
4057	6
4058	5
4059	6
4060	5
4061	6
4062	11
4063	3
4064	3
4065	5
4066	8
4067	3
4068	7
4069	3
4070	5
4071	5
4072	4
4073	6
4074	5
4075	6
4076	5
4077	1
4078	4
4079	4
4080	2
4081	3
4082	10
4083	7
4084	5
4085	13
4086	3
4087	2
4088	3
4089	11
4090	7
4091	3
4092	7
4093	4
4094	10
4095	3
4096	4
4097	5
4098	12
4099	4
4100	7
4101	6
4102	12
4103	6
4104	7
4105	4
4106	9
4107	1
4108	3
4109	6
4110	7
4111	10
4112	5
4113	8
4114	11
4115	8
4116	6
4117	6
4118	5
4119	10
4120	4
4121	5
4122	8
4123	6
4124	4
4125	8
4126	7
4127	7
4128	12
4129	5
4130	9
4131	6
4132	9
4133	5
4134	7
4135	10
4136	9
4137	7
4138	6
4139	5
4140	4
4141	11
4142	6
4143	5
4144	3
4145	5
4146	6
4147	10
4148	10
4149	6
4150	1
4151	5
4152	6
4153	5
4154	3
4155	2
4156	3
4157	5
4158	5
4159	1
4160	5
4161	3
4162	8
4163	4
4164	3
4165	7
4166	5
4167	8
4168	7
4169	2
4170	7
4171	5
4172	5
4173	2
4174	2
4175	3
4176	3
4177	5
4178	5
4179	3
4180	4
4181	3
4182	6
4183	4
4184	2
4185	5
4186	7
4187	3
4188	4
4189	4
4190	3
4191	4
4192	3
4193	5
4194	6
4195	3
4196	2
4197	5
4198	2
4199	3
4200	4
4201	3
4202	3
4203	9
4204	3
4205	4
4206	2
4207	9
4208	3
4209	3
4210	3
4211	2
4212	4
4213	7
4214	5
4215	3
4216	5
4217	3
4218	3
4219	9
4220	6
4221	5
4222	1
4223	3
4224	2
4225	8
4226	3
4227	2
4228	2
4229	1
4230	1
4231	2
4232	4
4233	1
4234	1
4235	2
4236	6
4237	4
4238	3
4239	3
4240	3
4241	3
4242	1
4243	4
4244	1
4245	2
4246	5
4247	4
4248	4
4249	6
4250	6
4251	3
4252	1
4253	3
4254	4
4255	1
4256	5
4257	2
4258	4
4259	7
4260	2
4261	5
4262	5
4263	4
4264	2
4265	5
4266	5
4267	6
4268	5
4269	2
4270	3
4271	4
4272	3
4273	4
4274	4
4275	5
4276	4
4277	7
4278	1
4279	4
4280	9
4281	7
4282	3
4283	4
4284	6
4285	2
4286	7
4287	2
4288	5
4289	3
4290	1
4291	5
4292	1
4293	3
4294	3
4295	3
4296	6
4297	2
4298	5
4299	7
4300	2
4301	3
4302	4
4303	3
4304	6
4305	7
4306	2
4307	2
4308	4
4309	1
4310	7
4311	4
4312	5
4313	3
4314	2
4315	7
4316	4
4317	3
4318	2
4319	4
4320	3
4321	5
4322	3
4323	2
4324	1
4325	4
4326	1
4327	7
4328	3
4329	3
4330	3
4331	4
4332	1
4333	1
4334	4
4335	3
4336	2
4337	3
4338	4
4339	5
4340	0
4341	0
4342	3
4343	1
4344	6
4345	2
4346	1
4347	4
4348	1
4349	4
4350	1
4351	3
4352	3
4353	2
4354	5
4355	5
4356	0
4357	2
4358	3
4359	6
4360	2
4361	2
4362	4
4363	8
4364	3
4365	4
4366	3
4367	3
4368	7
4369	2
4370	2
4371	1
4372	5
4373	4
4374	1
4375	2
4376	3
4377	2
4378	4
4379	1
4380	3
4381	4
4382	5
4383	2
4384	0
4385	7
4386	6
4387	1
4388	3
4389	1
4390	0
4391	0
4392	1
4393	1
4394	2
4395	3
4396	3
4397	1
4398	2
4399	3
4400	6
4401	1
4402	2
4403	3
4404	2
4405	1
4406	3
4407	1
4408	4
4409	4
4410	2
4411	1
4412	4
4413	2
4414	5
4415	1
4416	0
4417	2
4418	3
4419	2
4420	2
4421	3
4422	2
4423	1
4424	4
4425	0
4426	2
4427	3
4428	6
4429	1
4430	3
4431	1
4432	5
4433	2
4434	5
4435	3
4436	2
4437	3
4438	4
4439	1
4440	4
4441	0
4442	2
4443	6
4444	1
4445	2
4446	3
4447	4
4448	1
4449	1
4450	2
4451	2
4452	3
4453	3
4454	4
4455	3
4456	3
4457	3
4458	2
4459	4
4460	1
4461	0
4462	3
4463	3
4464	5
4465	0
4466	5
4467	2
4468	3
4469	5
4470	2
4471	1
4472	5
4473	5
4474	1
4475	2
4476	6
4477	3
4478	1
4479	3
4480	1
4481	5
4482	2
4483	1
4484	1
4485	5
4486	3
4487	5
4488	2
4489	2
4490	1
4491	7
4492	5
4493	2
4494	2
4495	3
4496	5
4497	3
4498	3
4499	2
4500	6
4501	2
4502	2
4503	3
4504	3
4505	2
4506	2
4507	2
4508	4
4509	6
4510	4
4511	2
4512	4
4513	2
4514	2
4515	6
4516	1
4517	0
4518	4
4519	3
4520	2
4521	4
4522	4
4523	1
4524	0
4525	0
4526	1
4527	3
4528	1
4529	0
4530	1
4531	4
4532	4
4533	2
4534	1
4535	3
4536	2
4537	3
4538	1
4539	2
4540	2
4541	0
4542	2
4543	2
4544	3
4545	3
4546	1
4547	3
4548	1
4549	3
4550	3
4551	1
4552	2
4553	6
4554	2
4555	3
4556	1
4557	3
4558	2
4559	3
4560	5
4561	0
4562	1
4563	4
4564	2
4565	2
4566	1
4567	2
4568	1
4569	2
4570	2
4571	9
4572	2
4573	3
4574	2
4575	5
4576	2
4577	5
4578	3
4579	2
4580	1
4581	3
4582	0
4583	0
4584	3
4585	4
4586	3
4587	1
4588	1
4589	3
4590	2
4591	4
4592	3
4593	2
4594	3
4595	2
4596	5
4597	0
4598	3
4599	3
4600	1
4601	0
4602	1
4603	3
4604	2
4605	3
4606	5
4607	3
4608	1
4609	3
4610	2
4611	0
4612	2
4613	4
4614	1
4615	2
4616	4
4617	3
4618	1
4619	3
4620	5
4621	5
4622	4
4623	2
4624	1
4625	0
4626	3
4627	4
4628	0
4629	1
4630	3
4631	2
4632	0
4633	6
4634	1
4635	1
4636	2
4637	4
4638	6
4639	3
4640	0
4641	3
4642	3
4643	2
4644	4
4645	2
4646	3
4647	5
4648	2
4649	0
4650	4
4651	2
4652	1
4653	2
4654	2
4655	1
4656	2
4657	1
4658	2
4659	2
4660	7
4661	2
4662	1
4663	1
4664	4
4665	1
4666	2
4667	4
4668	2
4669	0
4670	4
4671	2
4672	1
4673	2
4674	3
4675	0
4676	3
4677	0
4678	1
4679	2
4680	1
4681	2
4682	3
4683	1
4684	3
4685	1
4686	4
4687	2
4688	0
4689	3
4690	2
4691	1
4692	3
4693	2
4694	3
4695	7
4696	3
4697	2
4698	1
4699	2
4700	3
4701	4
4702	3
4703	4
4704	3
4705	1
4706	3
4707	3
4708	3
4709	4
4710	3
4711	0
4712	3
4713	1
4714	2
4715	2
4716	2
4717	2
4718	5
4719	2
4720	1
4721	4
4722	1
4723	5
4724	5
4725	3
4726	1
4727	2
4728	6
4729	2
4730	2
4731	1
4732	3
4733	1
4734	4
4735	2
4736	2
4737	4
4738	2
4739	4
4740	2
4741	3
4742	3
4743	2
4744	2
4745	3
4746	2
4747	1
4748	1
4749	3
4750	1
4751	5
4752	4
4753	1
4754	0
4755	2
4756	3
4757	0
4758	3
4759	5
4760	0
4761	3
4762	1
4763	1
4764	0
4765	3
4766	4
4767	3
4768	1
4769	3
4770	3
4771	0
4772	1
4773	2
4774	1
4775	1
4776	4
4777	1
4778	2
4779	2
4780	3
4781	2
4782	3
4783	4
4784	1
4785	2
4786	3
4787	0
4788	5
4789	1
4790	3
4791	1
4792	1
4793	3
4794	2
4795	2
4796	1
4797	0
4798	1
4799	2
4800	3
4801	1
4802	2
4803	2
4804	3
4805	5
4806	1
4807	3
4808	3
4809	4
4810	2
4811	2
4812	6
4813	2
4814	6
4815	2
4816	3
4817	2
4818	4
4819	3
4820	2
4821	2
4822	0
4823	2
4824	0
4825	1
4826	4
4827	3
4828	6
4829	1
4830	5
4831	0
4832	4
4833	1
4834	1
4835	3
4836	4
4837	1
4838	2
4839	3
4840	3
4841	2
4842	2
4843	1
4844	3
4845	0
4846	6
4847	3
4848	0
4849	2
4850	4
4851	4
4852	4
4853	5
4854	1
4855	1
4856	3
4857	4
4858	3
4859	1
4860	3
4861	2
4862	1
4863	2
4864	1
4865	3
4866	3
4867	4
4868	2
4869	0
4870	1
4871	1
4872	2
4873	2
4874	0
4875	0
4876	1
4877	2
4878	0
4879	4
4880	3
4881	1
4882	2
4883	0
4884	3
4885	1
4886	1
4887	0
4888	3
4889	2
4890	2
4891	2
4892	3
4893	0
4894	0
4895	3
4896	3
4897	2
4898	2
4899	2
4900	2
4901	1
4902	3
4903	2
4904	3
4905	1
4906	0
4907	4
4908	2
4909	6
4910	3
4911	2
4912	4
4913	2
4914	0
4915	2
4916	1
4917	2
4918	2
4919	3
4920	2
4921	4
4922	3
4923	2
4924	2
4925	0
4926	3
4927	3
4928	1
4929	0
4930	2
4931	6
4932	3
4933	1
4934	3
4935	7
4936	2
4937	2
4938	2
4939	4
4940	3
4941	0
4942	2
4943	1
4944	3
4945	2
4946	4
4947	0
4948	2
4949	6
4950	1
4951	1
4952	4
4953	3
4954	0
4955	4
4956	2
4957	0
4958	1
4959	1
4960	1
4961	2
4962	0
4963	2
4964	3
4965	3
4966	6
4967	1
4968	2
4969	5
4970	3
4971	1
4972	3
4973	2
4974	2
4975	5
4976	2
4977	5
4978	2
4979	1
4980	3
4981	2
4982	1
4983	3
4984	2
4985	1
4986	3
4987	0
4988	2
4989	2
4990	2
4991	2
4992	2
4993	4
4994	0
4995	0
4996	4
4997	1
4998	3
4999	4
5000	0
5001	4
5002	3
5003	0
5004	3
5005	0
5006	1
5007	1
5008	0
5009	6
5010	3
5011	4
5012	3
5013	1
5014	0
5015	2
5016	3
5017	3
5018	2
5019	0
5020	3
5021	0
5022	2
5023	1
5024	2
5025	3
5026	3
5027	1
5028	3
5029	2
5030	3
5031	2
5032	3
5033	7
5034	1
5035	4
5036	0
5037	2
5038	1
5039	2
5040	4
5041	1
5042	1
5043	0
5044	1
5045	0
5046	3
5047	3
5048	3
5049	4
5050	3
5051	4
5052	3
5053	2
5054	3
5055	2
5056	4
5057	2
5058	3
5059	5
5060	1
5061	1
5062	2
5063	2
5064	3
5065	2
5066	1
5067	4
5068	6
5069	5
5070	3
5071	0
5072	5
5073	4
5074	0
5075	2
5076	3
5077	2
5078	4
5079	3
5080	2
5081	2
5082	2
5083	3
5084	2
5085	2
5086	2
5087	5
5088	3
5089	3
5090	3
5091	0
5092	1
5093	1
5094	2
5095	3
5096	2
5097	3
5098	0
5099	2
5100	2
5101	3
5102	2
5103	3
5104	1
5105	1
5106	0
5107	0
5108	3
5109	4
5110	0
5111	1
5112	0
5113	3
5114	5
5115	1
5116	2
5117	1
5118	3
5119	0
5120	4
5121	3
5122	1
5123	2
5124	1
5125	2
5126	1
5127	0
5128	4
5129	1
5130	2
5131	5
5132	2
5133	2
5134	3
5135	3
5136	1
5137	4
5138	3
5139	2
5140	2
5141	3
5142	3
5143	3
5144	0
5145	1
5146	2
5147	4
5148	2
5149	4
5150	2
5151	4
5152	0
5153	8
5154	0
5155	1
5156	0
5157	4
5158	2
5159	2
5160	3
5161	1
5162	4
5163	4
5164	1
5165	3
5166	2
5167	4
5168	5
5169	2
5170	3
5171	2
5172	2
5173	5
5174	3
5175	6
5176	2
5177	3
5178	3
5179	1
5180	1
5181	2
5182	3
5183	4
5184	2
5185	5
5186	4
5187	5
5188	0
5189	5
5190	0
5191	1
5192	1
5193	5
5194	1
5195	2
5196	2
5197	1
5198	5
5199	4
5200	5
5201	3
5202	0
5203	1
5204	3
5205	2
5206	1
5207	1
5208	0
5209	2
5210	2
5211	0
5212	3
5213	2
5214	4
5215	1
5216	2
5217	5
5218	4
5219	1
5220	1
5221	3
5222	2
5223	6
5224	5
5225	2
5226	0
5227	1
5228	2
5229	2
5230	0
5231	0
5232	4
5233	1
5234	1
5235	3
5236	2
5237	0
5238	3
5239	3
5240	1
5241	1
5242	2
5243	3
5244	2
5245	2
5246	7
5247	3
5248	2
5249	5
5250	2
5251	4
5252	2
5253	2
5254	5
5255	2
5256	6
5257	7
5258	3
5259	3
5260	1
5261	2
5262	2
5263	1
5264	1
5265	4
5266	3
5267	1
5268	2
5269	1
5270	5
5271	5
5272	1
5273	5
5274	3
5275	3
5276	5
5277	6
5278	4
5279	6
5280	3
5281	2
5282	0
5283	3
5284	5
5285	1
5286	2
5287	2
5288	2
5289	2
5290	2
5291	4
5292	4
5293	3
5294	4
5295	1
5296	2
5297	1
5298	1
5299	5
5300	5
5301	0
5302	1
5303	4
5304	0
5305	4
5306	6
5307	0
5308	4
5309	2
5310	2
5311	2
5312	6
5313	2
5314	8
5315	4
5316	3
5317	3
5318	3
5319	5
5320	1
5321	3
5322	5
5323	2
5324	4
5325	5
5326	3
5327	5
5328	7
5329	4
5330	4
5331	1
5332	5
5333	4
5334	3
5335	3
5336	2
5337	4
5338	5
5339	6
5340	5
5341	3
5342	1
5343	4
5344	6
5345	3
5346	1
5347	0
5348	1
5349	3
5350	2
5351	0
5352	1
5353	3
5354	2
5355	5
5356	1
5357	3
5358	1
5359	8
5360	0
5361	2
5362	0
5363	4
5364	3
5365	1
5366	3
5367	2
5368	1
5369	2
5370	3
5371	1
5372	1
5373	0
5374	1
5375	0
5376	2
5377	5
5378	2
5379	3
5380	2
5381	3
5382	1
5383	2
5384	2
5385	4
5386	0
5387	2
5388	1
5389	2
5390	2
5391	2
5392	2
5393	0
5394	0
5395	1
5396	1
5397	0
5398	3
5399	1
5400	3
5401	1
5402	2
5403	5
5404	1
5405	3
5406	0
5407	1
5408	2
5409	2
5410	1
5411	0
5412	2
5413	2
5414	1
5415	3
5416	3
5417	3
5418	3
5419	2
5420	0
5421	0
5422	3
5423	1
5424	1
5425	3
5426	1
5427	2
5428	3
5429	2
5430	0
5431	1
5432	1
5433	0
5434	3
5435	2
5436	1
5437	2
5438	4
5439	4
5440	0
5441	0
5442	3
5443	2
5444	4
5445	2
5446	4
5447	1
5448	1
5449	4
5450	2
5451	1
5452	5
5453	2
5454	3
5455	4
5456	2
5457	2
5458	3
5459	3
5460	2
5461	1
5462	5
5463	0
5464	1
5465	0
5466	3
5467	1
5468	1
5469	0
5470	2
5471	0
5472	1
5473	2
5474	1
5475	2
5476	1
5477	2
5478	1
5479	3
5480	0
5481	0
5482	0
5483	1
5484	2
5485	1
5486	2
5487	3
5488	1
5489	4
5490	0
5491	1
5492	3
5493	3
5494	1
5495	1
5496	2
5497	1
5498	0
5499	2
5500	1
5501	0
5502	2
5503	2
5504	1
5505	1
5506	3
5507	1
5508	2
5509	1
5510	3
5511	0
5512	0
5513	2
5514	1
5515	3
5516	4
5517	0
5518	3
5519	1
5520	1
5521	1
5522	3
5523	1
5524	1
5525	3
5526	0
5527	1
5528	2
5529	1
5530	2
5531	1
5532	1
5533	1
5534	0
5535	2
5536	2
5537	1
5538	3
5539	1
5540	1
5541	2
5542	1
5543	4
5544	3
5545	2
5546	2
5547	3
5548	1
5549	3
5550	0
5551	4
5552	1
5553	3
5554	0
5555	2
5556	1
5557	2
5558	0
5559	4
5560	2
5561	0
5562	2
5563	1
5564	2
5565	2
5566	0
5567	2
5568	0
5569	1
5570	1
5571	1
5572	0
5573	1
5574	5
5575	2
5576	1
5577	1
5578	0
5579	3
5580	1
5581	0
5582	2
5583	3
5584	0
5585	1
5586	1
5587	1
5588	4
5589	1
5590	4
5591	2
5592	1
5593	1
5594	0
5595	1
5596	0
5597	0
5598	4
5599	2
5600	1
5601	3
5602	1
5603	3
5604	0
5605	1
5606	3
5607	1
5608	1
5609	0
5610	0
5611	0
5612	1
5613	2
5614	1
5615	0
5616	2
5617	1
5618	2
5619	1
5620	1
5621	1
5622	1
5623	1
5624	0
5625	4
5626	0
5627	3
5628	3
5629	0
5630	1
5631	2
5632	1
5633	2
5634	1
5635	1
5636	3
5637	3
5638	0
5639	3
5640	0
5641	1
5642	1
5643	1
5644	1
5645	0
5646	1
5647	1
5648	0
5649	1
5650	1
5651	1
5652	1
5653	1
5654	2
5655	0
5656	0
5657	0
5658	1
5659	0
5660	2
5661	4
5662	1
5663	4
5664	1
5665	5
5666	1
5667	0
5668	1
5669	3
5670	1
5671	1
5672	2
5673	5
5674	2
5675	1
5676	3
5677	1
5678	2
5679	3
5680	0
5681	2
5682	2
5683	2
5684	0
5685	2
5686	2
5687	3
5688	1
5689	4
5690	1
5691	0
5692	1
5693	0
5694	1
5695	2
5696	0
5697	1
5698	0
5699	5
5700	3
5701	0
5702	2
5703	1
5704	1
5705	0
5706	0
5707	2
5708	3
5709	3
5710	3
5711	4
5712	2
5713	0
5714	3
5715	0
5716	1
5717	4
5718	3
5719	3
5720	1
5721	3
5722	0
5723	0
5724	0
5725	2
5726	0
5727	2
5728	2
5729	1
5730	1
5731	1
5732	0
5733	1
5734	2
5735	0
5736	1
5737	0
5738	4
5739	3
5740	4
5741	1
5742	0
5743	3
5744	0
5745	1
5746	2
5747	0
5748	3
5749	2
5750	3
5751	0
5752	2
5753	1
5754	0
5755	1
5756	0
5757	0
5758	0
5759	1
5760	1
5761	3
5762	1
5763	1
5764	2
5765	3
5766	1
5767	2
5768	3
5769	0
5770	4
5771	2
5772	1
5773	0
5774	3
5775	1
5776	2
5777	1
5778	3
5779	2
5780	3
5781	1
5782	6
5783	1
5784	3
5785	1
5786	2
5787	3
5788	1
5789	0
5790	2
5791	1
5792	1
5793	0
5794	2
5795	1
5796	1
5797	3
5798	1
5799	0
5800	3
5801	2
5802	1
5803	1
5804	2
5805	1
5806	1
5807	0
5808	2
5809	3
5810	2
5811	0
5812	2
5813	3
5814	1
5815	2
5816	0
5817	1
5818	1
5819	0
5820	1
5821	2
5822	0
5823	1
5824	1
5825	1
5826	2
5827	1
5828	3
5829	1
5830	1
5831	3
5832	2
5833	1
5834	0
5835	0
5836	1
5837	1
5838	1
5839	0
5840	1
5841	0
5842	0
5843	1
5844	0
5845	0
5846	1
5847	2
5848	2
5849	1
5850	2
5851	0
5852	0
5853	0
5854	0
5855	0
5856	3
5857	0
5858	1
5859	0
5860	2
5861	1
5862	0
5863	0
5864	1
5865	1
5866	3
5867	0
5868	2
5869	1
5870	2
5871	1
5872	2
5873	1
5874	4
5875	2
5876	1
5877	2
5878	4
5879	1
5880	0
5881	1
5882	1
5883	0
5884	1
5885	2
5886	3
5887	1
5888	0
5889	0
5890	1
5891	0
5892	4
5893	2
5894	2
5895	1
5896	1
5897	3
5898	1
5899	0
5900	1
5901	3
5902	1
5903	0
5904	2
5905	2
5906	4
5907	2
5908	3
5909	2
5910	0
5911	1
5912	1
5913	1
5914	4
5915	1
5916	1
5917	3
5918	3
5919	0
5920	0
5921	2
5922	1
5923	1
5924	1
5925	1
5926	0
5927	2
5928	2
5929	0
5930	1
5931	4
5932	2
5933	2
5934	1
5935	1
5936	1
5937	3
5938	3
5939	1
5940	1
5941	1
5942	2
5943	4
5944	2
5945	1
5946	3
5947	2
5948	1
5949	4
5950	2
5951	4
5952	0
5953	1
5954	1
5955	2
5956	3
5957	2
5958	1
5959	4
5960	5
5961	2
5962	0
5963	0
5964	1
5965	4
5966	0
5967	1
5968	3
5969	2
5970	1
5971	1
5972	0
5973	4
5974	0
5975	0
5976	4
5977	1
5978	2
5979	2
5980	0
5981	1
5982	1
5983	3
5984	1
5985	0
5986	2
5987	0
5988	6
5989	3
5990	3
5991	4
5992	0
5993	2
5994	1
5995	0
5996	1
5997	1
5998	1
5999	0
6000	2
6001	1
6002	0
6003	3
6004	1
6005	2
6006	1
6007	1
6008	1
6009	2
6010	1
6011	2
6012	2
6013	1
6014	0
6015	2
6016	1
6017	0
6018	3
6019	1
6020	0
6021	1
6022	2
6023	0
6024	0
6025	1
6026	1
6027	1
6028	2
6029	0
6030	1
6031	0
6032	2
6033	0
6034	0
6035	0
6036	0
6037	1
6038	1
6039	1
6040	1
6041	2
6042	1
6043	0
6044	0
6045	1
6046	0
6047	2
6048	1
6049	1
6050	2
6051	4
6052	0
6053	1
6054	0
6055	2
6056	0
6057	1
6058	2
6059	3
6060	1
6061	3
6062	3
6063	1
6064	3
6065	0
6066	1
6067	3
6068	4
6069	2
6070	2
6071	5
6072	0
6073	2
6074	1
6075	0
6076	0
6077	4
6078	1
6079	1
6080	2
6081	2
6082	0
6083	1
6084	2
6085	0
6086	2
6087	2
6088	0
6089	1
6090	0
6091	0
6092	2
6093	1
6094	0
6095	2
6096	0
6097	3
6098	1
6099	1
6100	0
6101	1
6102	1
6103	1
6104	2
6105	1
6106	1
6107	1
6108	2
6109	1
6110	1
6111	1
6112	1
6113	0
6114	2
6115	0
6116	1
6117	2
6118	2
6119	0
6120	1
6121	0
6122	2
6123	1
6124	0
6125	1
6126	2
6127	2
6128	4
6129	0
6130	1
6131	2
6132	6
6133	2
6134	2
6135	1
6136	0
6137	0
6138	4
6139	1
6140	0
6141	0
6142	2
6143	0
6144	2
6145	1
6146	0
6147	3
6148	0
6149	4
6150	1
6151	0
6152	0
6153	1
6154	0
6155	3
6156	2
6157	0
6158	2
6159	1
6160	0
6161	0
6162	1
6163	1
6164	0
6165	1
6166	2
6167	3
6168	0
6169	2
6170	0
6171	2
6172	2
6173	0
6174	2
6175	0
6176	0
6177	0
6178	1
6179	0
6180	0
6181	0
6182	2
6183	1
6184	2
6185	1
6186	0
6187	1
6188	3
6189	1
6190	0
6191	1
6192	0
6193	0
6194	1
6195	1
6196	0
6197	0
6198	0
6199	1
6200	0
6201	1
6202	0
6203	1
6204	1
6205	3
6206	2
6207	1
6208	1
6209	2
6210	0
6211	0
6212	3
6213	1
6214	0
6215	2
6216	1
6217	0
6218	3
6219	1
6220	1
6221	1
6222	0
6223	3
6224	1
6225	0
6226	3
6227	0
6228	2
6229	0
6230	0
6231	0
6232	2
6233	5
6234	2
6235	0
6236	2
6237	0
6238	1
6239	1
6240	0
6241	3
6242	2
6243	0
6244	1
6245	1
6246	2
6247	0
6248	1
6249	1
6250	0
6251	4
6252	0
6253	4
6254	1
6255	2
6256	1
6257	2
6258	0
6259	5
6260	1
6261	4
6262	2
6263	1
6264	0
6265	0
6266	0
6267	1
6268	1
6269	0
6270	1
6271	0
6272	1
6273	0
6274	0
6275	2
6276	1
6277	2
6278	0
6279	2
6280	1
6281	0
6282	0
6283	2
6284	1
6285	0
6286	0
6287	3
6288	3
6289	1
6290	3
6291	1
6292	2
6293	0
6294	1
6295	2
6296	1
6297	4
6298	1
6299	2
6300	1
6301	0
6302	2
6303	1
6304	4
6305	0
6306	1
6307	4
6308	2
6309	2
6310	1
6311	2
6312	2
6313	1
6314	3
6315	0
6316	1
6317	2
6318	0
6319	2
6320	1
6321	4
6322	0
6323	0
6324	0
6325	0
6326	4
6327	2
6328	1
6329	1
6330	0
6331	0
6332	4
6333	3
6334	0
6335	2
6336	2
6337	1
6338	3
6339	3
6340	2
6341	0
6342	3
6343	1
6344	1
6345	4
6346	0
6347	3
6348	0
6349	1
6350	2
6351	0
6352	0
6353	3
6354	2
6355	1
6356	2
6357	0
6358	3
6359	0
6360	2
6361	0
6362	1
6363	0
6364	1
6365	1
6366	2
6367	2
6368	2
6369	2
6370	2
6371	1
6372	0
6373	3
6374	3
6375	1
6376	2
6377	2
6378	2
6379	2
6380	1
6381	0
6382	1
6383	1
6384	3
6385	2
6386	2
6387	2
6388	2
6389	0
6390	0
6391	2
6392	0
6393	2
6394	1
6395	0
6396	1
6397	6
6398	3
6399	0
6400	3
6401	2
6402	1
6403	0
6404	2
6405	1
6406	1
6407	3
6408	2
6409	0
6410	1
6411	0
6412	2
6413	0
6414	1
6415	1
6416	0
6417	1
6418	4
6419	0
6420	2
6421	3
6422	1
6423	0
6424	3
6425	2
6426	0
6427	6
6428	0
6429	2
6430	1
6431	1
6432	1
6433	2
6434	1
6435	0
6436	0
6437	0
6438	1
6439	1
6440	1
6441	0
6442	2
6443	0
6444	3
6445	2
6446	2
6447	3
6448	0
6449	3
6450	1
6451	1
6452	2
6453	1
6454	1
6455	1
6456	0
6457	2
6458	1
6459	0
6460	1
6461	1
6462	0
6463	1
6464	1
6465	1
6466	3
6467	1
6468	1
6469	2
6470	1
6471	1
6472	2
6473	2
6474	1
6475	1
6476	1
6477	1
6478	2
6479	2
6480	3
6481	0
6482	3
6483	3
6484	1
6485	0
6486	1
6487	3
6488	1
6489	3
6490	1
6491	1
6492	1
6493	2
6494	1
6495	1
6496	0
6497	2
6498	0
6499	2
6500	0
6501	1
6502	2
6503	3
6504	1
6505	1
6506	2
6507	1
6508	2
6509	5
6510	1
6511	0
6512	1
6513	2
6514	2
6515	4
6516	0
6517	1
6518	0
6519	3
6520	1
6521	1
6522	0
6523	0
6524	1
6525	1
6526	0
6527	0
6528	0
6529	0
6530	0
6531	1
6532	1
6533	1
6534	2
6535	1
6536	1
6537	3
6538	4
6539	0
6540	0
6541	1
6542	0
6543	2
6544	2
6545	0
6546	1
6547	2
6548	0
6549	1
6550	1
6551	2
6552	0
6553	0
6554	1
6555	4
6556	0
6557	1
6558	0
6559	1
6560	1
6561	3
6562	2
6563	2
6564	2
6565	0
6566	0
6567	2
6568	2
6569	1
6570	3
6571	1
6572	0
6573	2
6574	3
6575	1
6576	2
6577	0
6578	2
6579	0
6580	3
6581	2
6582	1
6583	4
6584	1
6585	4
6586	1
6587	1
6588	2
6589	3
6590	1
6591	1
6592	2
6593	2
6594	2
6595	1
6596	1
6597	1
6598	4
6599	0
6600	7
6601	0
6602	0
6603	2
6604	0
6605	0
6606	0
6607	3
6608	2
6609	2
6610	3
6611	2
6612	1
6613	4
6614	0
6615	3
6616	0
6617	2
6618	1
6619	4
6620	1
6621	0
6622	1
6623	1
6624	3
6625	1
6626	2
6627	2
6628	3
6629	1
6630	0
6631	0
6632	1
6633	0
6634	0
6635	2
6636	2
6637	1
6638	3
6639	1
6640	4
6641	0
6642	3
6643	0
6644	0
6645	2
6646	4
6647	2
6648	1
6649	0
6650	0
6651	4
6652	3
6653	1
6654	2
6655	2
6656	1
6657	3
6658	1
6659	3
6660	1
6661	0
6662	1
6663	0
6664	2
6665	0
6666	5
6667	1
6668	5
6669	3
6670	2
6671	3
6672	1
6673	1
6674	4
6675	2
6676	3
6677	0
6678	3
6679	3
6680	2
6681	0
6682	0
6683	2
6684	1
6685	1
6686	2
6687	1
6688	2
6689	1
6690	1
6691	0
6692	0
6693	3
6694	1
6695	5
6696	2
6697	3
6698	0
6699	1
6700	1
6701	1
6702	2
6703	3
6704	1
6705	4
6706	2
6707	1
6708	3
6709	2
6710	2
6711	1
6712	3
6713	1
6714	2
6715	1
6716	1
6717	1
6718	1
6719	2
6720	4
6721	1
6722	2
6723	1
6724	4
6725	3
6726	1
6727	3
6728	2
6729	1
6730	3
6731	1
6732	2
6733	2
6734	3
6735	1
6736	2
6737	2
6738	5
6739	3
6740	2
6741	1
6742	2
6743	2
6744	1
6745	0
6746	2
6747	3
6748	2
6749	2
6750	1
6751	3
6752	1
6753	1
6754	2
6755	4
6756	2
6757	0
6758	6
6759	3
6760	4
6761	1
6762	0
6763	3
6764	3
6765	3
6766	0
6767	6
6768	3
6769	3
6770	0
6771	0
6772	1
6773	2
6774	3
6775	0
6776	1
6777	0
6778	2
6779	5
6780	1
6781	3
6782	2
6783	1
6784	1
6785	3
6786	4
6787	0
6788	2
6789	3
6790	3
6791	3
6792	2
6793	1
6794	0
6795	1
6796	1
6797	2
6798	1
6799	1
6800	3
6801	3
6802	1
6803	1
6804	1
6805	1
6806	3
6807	3
6808	2
6809	1
6810	2
6811	4
6812	1
6813	4
6814	1
6815	0
6816	7
6817	1
6818	1
6819	3
6820	1
6821	0
6822	1
6823	4
6824	1
6825	0
6826	0
6827	2
6828	0
6829	0
6830	2
6831	1
6832	5
6833	1
6834	2
6835	3
6836	4
6837	1
6838	5
6839	2
6840	3
6841	0
6842	5
6843	5
6844	0
6845	5
6846	4
6847	3
6848	0
6849	2
6850	1
6851	3
6852	2
6853	1
6854	1
6855	1
6856	4
6857	0
6858	0
6859	0
6860	4
6861	1
6862	2
6863	3
6864	2
6865	0
6866	1
6867	2
6868	3
6869	0
6870	1
6871	2
6872	2
6873	0
6874	0
6875	0
6876	0
6877	1
6878	1
6879	2
6880	2
6881	0
6882	3
6883	1
6884	1
6885	2
6886	2
6887	2
6888	2
6889	0
6890	2
6891	2
6892	1
6893	3
6894	2
6895	1
6896	1
6897	0
6898	1
6899	1
6900	1
6901	0
6902	1
6903	1
6904	1
6905	1
6906	2
6907	0
6908	2
6909	1
6910	0
6911	1
6912	3
6913	2
6914	1
6915	3
6916	0
6917	0
6918	3
6919	1
6920	0
6921	0
6922	0
6923	1
6924	1
6925	2
6926	1
6927	2
6928	1
6929	1
6930	2
6931	1
6932	0
6933	0
6934	0
6935	1
6936	1
6937	0
6938	3
6939	1
6940	1
6941	0
6942	0
6943	3
6944	0
6945	1
6946	5
6947	1
6948	1
6949	2
6950	1
6951	2
6952	2
6953	0
6954	0
6955	3
6956	3
6957	0
6958	2
6959	0
6960	3
6961	1
6962	1
6963	3
6964	1
6965	4
6966	0
6967	1
6968	2
6969	2
6970	0
6971	2
6972	1
6973	3
6974	1
6975	1
6976	1
6977	2
6978	0
6979	1
6980	1
6981	1
6982	3
6983	3
6984	0
6985	0
6986	2
6987	1
6988	1
6989	2
6990	2
6991	2
6992	0
6993	2
6994	1
6995	0
6996	2
6997	2
6998	1
6999	2
7000	3
7001	1
7002	2
7003	1
7004	3
7005	1
7006	3
7007	1
7008	1
7009	2
7010	0
7011	0
7012	2
7013	1
7014	1
7015	1
7016	3
7017	2
7018	0
7019	0
7020	0
7021	1
7022	0
7023	0
7024	4
7025	2
7026	2
7027	2
7028	0
7029	0
7030	0
7031	4
7032	3
7033	1
7034	1
7035	5
7036	1
7037	1
7038	1
7039	1
7040	1
7041	3
7042	2
7043	0
7044	0
7045	1
7046	3
7047	1
7048	1
7049	1
7050	1
7051	1
7052	3
7053	0
7054	3
7055	1
7056	1
7057	1
7058	5
7059	3
7060	2
7061	1
7062	2
7063	2
7064	1
7065	0
7066	1
7067	1
7068	1
7069	1
7070	2
7071	1
7072	0
7073	1
7074	2
7075	1
7076	1
7077	1
7078	2
7079	2
7080	2
7081	1
7082	3
7083	3
7084	2
7085	3
7086	2
7087	1
7088	1
7089	0
7090	2
7091	0
7092	0
7093	0
7094	1
7095	1
7096	2
7097	3
7098	0
7099	0
7100	0
7101	2
7102	2
7103	0
7104	0
7105	1
7106	2
7107	0
7108	2
7109	1
7110	3
7111	1
7112	4
7113	2
7114	0
7115	1
7116	3
7117	2
7118	1
7119	1
7120	1
7121	1
7122	1
7123	0
7124	0
7125	1
7126	0
7127	1
7128	1
7129	0
7130	1
7131	0
7132	1
7133	1
7134	1
7135	1
7136	1
7137	0
7138	2
7139	2
7140	3
7141	2
7142	2
7143	2
7144	2
7145	2
7146	1
7147	0
7148	0
7149	1
7150	0
7151	1
7152	1
7153	1
7154	3
7155	2
7156	2
7157	0
7158	1
7159	3
7160	2
7161	0
7162	1
7163	4
7164	3
7165	2
7166	2
7167	2
7168	2
7169	3
7170	1
7171	2
7172	3
7173	4
7174	4
7175	3
7176	1
7177	3
7178	3
7179	1
7180	1
7181	0
7182	3
7183	0
7184	0
7185	1
7186	2
7187	1
7188	5
7189	1
7190	3
7191	1
7192	2
7193	0
7194	3
7195	3
7196	0
7197	1
7198	1
7199	2
7200	4
7201	1
7202	0
7203	2
7204	1
7205	2
7206	1
7207	1
7208	1
7209	5
7210	2
7211	3
7212	1
7213	0
7214	1
7215	0
7216	0
7217	2
7218	1
7219	1
7220	0
7221	1
7222	1
7223	2
7224	0
7225	0
7226	2
7227	4
7228	1
7229	0
7230	1
7231	1
7232	0
7233	3
7234	2
7235	0
7236	2
7237	0
7238	1
7239	3
7240	0
7241	0
7242	2
7243	0
7244	0
7245	0
7246	2
7247	0
7248	0
7249	1
7250	1
7251	3
7252	1
7253	1
7254	1
7255	2
7256	2
7257	0
7258	1
7259	1
7260	1
7261	1
7262	1
7263	3
7264	1
7265	1
7266	0
7267	1
7268	5
7269	0
7270	2
7271	1
7272	1
7273	0
7274	1
7275	1
7276	0
7277	2
7278	1
7279	1
7280	1
7281	1
7282	2
7283	1
7284	2
7285	1
7286	0
7287	2
7288	3
7289	0
7290	1
7291	2
7292	1
7293	0
7294	1
7295	2
7296	3
7297	1
7298	2
7299	1
7300	3
7301	4
7302	2
7303	3
7304	3
7305	2
7306	2
7307	0
7308	2
7309	0
7310	3
7311	1
7312	6
7313	2
7314	2
7315	1
7316	2
7317	0
7318	4
7319	2
7320	1
7321	3
7322	1
7323	2
7324	1
7325	2
7326	1
7327	3
7328	1
7329	1
7330	1
7331	0
7332	1
7333	0
7334	1
7335	3
7336	0
7337	2
7338	2
7339	1
7340	1
7341	1
7342	6
7343	0
7344	5
7345	4
7346	3
7347	1
7348	1
7349	0
7350	0
7351	1
7352	1
7353	3
7354	0
7355	0
7356	3
7357	2
7358	0
7359	0
7360	2
7361	2
7362	2
7363	1
7364	5
7365	0
7366	0
7367	0
7368	1
7369	1
7370	0
7371	1
7372	2
7373	0
7374	0
7375	0
7376	0
7377	1
7378	0
7379	1
7380	1
7381	0
7382	3
7383	1
7384	0
7385	4
7386	1
7387	0
7388	2
7389	2
7390	2
7391	3
7392	5
7393	0
7394	0
7395	3
7396	0
7397	0
7398	2
7399	2
7400	1
7401	0
7402	2
7403	2
7404	0
7405	1
7406	3
7407	0
7408	2
7409	5
7410	4
7411	1
7412	0
7413	1
7414	1
7415	2
7416	2
7417	3
7418	1
7419	1
7420	1
7421	3
7422	4
7423	0
7424	3
7425	4
7426	1
7427	0
7428	1
7429	0
7430	2
7431	1
7432	0
7433	1
7434	1
7435	0
7436	1
7437	1
7438	1
7439	1
7440	1
7441	2
7442	1
7443	2
7444	2
7445	2
7446	0
7447	1
7448	1
7449	4
7450	0
7451	4
7452	2
7453	5
7454	2
7455	4
7456	2
7457	1
7458	4
7459	1
7460	0
7461	3
7462	2
7463	1
7464	1
7465	2
7466	7
7467	1
7468	1
7469	2
7470	1
7471	2
7472	0
7473	1
7474	0
7475	1
7476	1
7477	4
7478	4
7479	2
7480	2
7481	1
7482	2
7483	3
7484	4
7485	1
7486	3
7487	2
7488	2
7489	1
7490	1
7491	3
7492	3
7493	2
7494	4
7495	1
7496	3
7497	2
7498	1
7499	1
7500	2
7501	1
7502	4
7503	0
7504	0
7505	3
7506	1
7507	1
7508	0
7509	1
7510	2
7511	1
7512	2
7513	2
7514	0
7515	3
7516	1
7517	2
7518	1
7519	0
7520	2
7521	0
7522	1
7523	0
7524	1
7525	0
7526	0
7527	1
7528	0
7529	2
7530	1
7531	3
7532	2
7533	2
7534	0
7535	0
7536	0
7537	1
7538	2
7539	1
7540	0
7541	1
7542	1
7543	1
7544	1
7545	1
7546	2
7547	0
7548	1
7549	2
7550	2
7551	0
7552	0
7553	2
7554	1
7555	1
7556	1
7557	1
7558	2
7559	1
7560	2
7561	1
7562	4
7563	2
7564	1
7565	0
7566	1
7567	1
7568	3
7569	2
7570	0
7571	2
7572	6
7573	3
7574	3
7575	4
7576	0
7577	1
7578	3
7579	1
7580	1
7581	2
7582	1
7583	1
7584	0
7585	0
7586	3
7587	4
7588	0
7589	1
7590	2
7591	4
7592	1
7593	3
7594	1
7595	3
7596	1
7597	2
7598	1
7599	3
7600	2
7601	1
7602	4
7603	0
7604	0
7605	1
7606	3
7607	0
7608	2
7609	3
7610	1
7611	3
7612	1
7613	1
7614	0
7615	1
7616	0
7617	2
7618	3
7619	2
7620	1
7621	4
7622	0
7623	2
7624	4
7625	1
7626	0
7627	3
7628	0
7629	1
7630	3
7631	3
7632	1
7633	3
7634	1
7635	0
7636	0
7637	2
7638	0
7639	0
7640	1
7641	0
7642	1
7643	0
7644	2
7645	1
7646	0
7647	1
7648	0
7649	1
7650	0
7651	2
7652	0
7653	3
7654	1
7655	0
7656	1
7657	0
7658	4
7659	1
7660	0
7661	1
7662	0
7663	0
7664	0
7665	3
7666	2
7667	2
7668	1
7669	0
7670	0
7671	1
7672	0
7673	2
7674	1
7675	1
7676	0
7677	2
7678	0
7679	1
7680	0
7681	0
7682	1
7683	2
7684	2
7685	1
7686	2
7687	2
7688	2
7689	1
7690	1
7691	0
7692	0
7693	1
7694	2
7695	1
7696	1
7697	0
7698	2
7699	1
7700	0
7701	1
7702	0
7703	2
7704	3
7705	2
7706	1
7707	1
7708	0
7709	1
7710	0
7711	2
7712	2
7713	1
7714	3
7715	2
7716	2
7717	1
7718	0
7719	2
7720	0
7721	0
7722	0
7723	1
7724	4
7725	2
7726	2
7727	1
7728	1
7729	0
7730	1
7731	0
7732	2
7733	2
7734	1
7735	0
7736	0
7737	2
7738	0
7739	0
7740	0
7741	4
7742	1
7743	4
7744	2
7745	1
7746	2
7747	1
7748	2
7749	3
7750	2
7751	4
7752	1
7753	2
7754	0
7755	1
7756	6
7757	1
7758	1
7759	0
7760	1
7761	1
7762	1
7763	3
7764	2
7765	3
7766	2
7767	0
7768	0
7769	1
7770	1
7771	2
7772	3
7773	3
7774	3
7775	2
7776	0
7777	1
7778	2
7779	0
7780	2
7781	2
7782	0
7783	1
7784	2
7785	2
7786	2
7787	1
7788	2
7789	3
7790	2
7791	1
7792	2
7793	2
7794	0
7795	1
7796	1
7797	1
7798	1
7799	1
7800	1
7801	3
7802	4
7803	1
7804	2
7805	0
7806	0
7807	0
7808	0
7809	1
7810	0
7811	2
7812	4
7813	3
7814	1
7815	1
7816	2
7817	1
7818	1
7819	0
7820	0
7821	1
7822	1
7823	1
7824	3
7825	0
7826	6
7827	0
7828	2
7829	2
7830	1
7831	0
7832	0
7833	1
7834	1
7835	1
7836	0
7837	0
7838	1
7839	0
7840	2
7841	1
7842	1
7843	1
7844	3
7845	1
7846	1
7847	3
7848	3
7849	1
7850	2
7851	2
7852	2
7853	2
7854	2
7855	0
7856	2
7857	2
7858	3
7859	3
7860	6
7861	1
7862	1
7863	1
7864	0
7865	3
7866	1
7867	2
7868	1
7869	5
7870	2
7871	0
7872	3
7873	2
7874	1
7875	1
7876	3
7877	2
7878	0
7879	2
7880	3
7881	0
7882	2
7883	5
7884	0
7885	1
7886	0
7887	2
7888	0
7889	0
7890	2
7891	2
7892	1
7893	2
7894	3
7895	2
7896	3
7897	2
7898	1
7899	0
7900	1
7901	0
7902	2
7903	1
7904	1
7905	3
7906	2
7907	1
7908	2
7909	1
7910	2
7911	2
7912	1
7913	1
7914	2
7915	2
7916	1
7917	1
7918	3
7919	1
7920	2
7921	1
7922	2
7923	2
7924	1
7925	0
7926	2
7927	1
7928	3
7929	4
7930	0
7931	3
7932	1
7933	2
7934	2
7935	1
7936	1
7937	1
7938	1
7939	2
7940	0
7941	2
7942	0
7943	3
7944	0
7945	3
7946	0
7947	0
7948	2
7949	2
7950	1
7951	2
7952	1
7953	3
7954	1
7955	0
7956	2
7957	1
7958	2
7959	2
7960	0
7961	3
7962	2
7963	1
7964	1
7965	1
7966	1
7967	2
7968	1
7969	0
7970	3
7971	2
7972	0
7973	0
7974	4
7975	0
7976	1
7977	1
7978	2
7979	3
7980	1
7981	0
7982	1
7983	2
7984	0
7985	0
7986	1
7987	0
7988	0
7989	2
7990	0
7991	0
7992	2
7993	1
7994	2
7995	0
7996	2
7997	1
7998	0
7999	2
8000	1
8001	0
8002	0
8003	1
8004	1
8005	1
8006	3
8007	1
8008	1
8009	0
8010	2
8011	0
8012	1
8013	1
8014	1
8015	1
8016	3
8017	0
8018	1
8019	1
8020	0
8021	1
8022	2
8023	1
8024	0
8025	1
8026	0
8027	1
8028	2
8029	0
8030	3
8031	2
8032	1
8033	2
8034	2
8035	1
8036	1
8037	1
8038	0
8039	1
8040	1
8041	2
8042	0
8043	0
8044	0
8045	1
8046	2
8047	1
8048	1
8049	1
8050	3
8051	2
8052	2
8053	1
8054	3
8055	2
8056	4
8057	1
8058	1
8059	0
8060	1
8061	0
8062	2
8063	0
8064	0
8065	2
8066	2
8067	2
8068	0
8069	1
8070	4
8071	2
8072	1
8073	0
8074	2
8075	4
8076	2
8077	1
8078	0
8079	0
8080	1
8081	2
8082	3
8083	2
8084	2
8085	3
8086	2
8087	2
8088	1
8089	0
8090	2
8091	2
8092	0
8093	1
8094	1
8095	2
8096	0
8097	1
8098	1
8099	1
8100	3
8101	1
8102	1
8103	3
8104	0
8105	3
8106	1
8107	2
8108	1
8109	1
8110	1
8111	3
8112	2
8113	2
8114	2
8115	0
8116	3
8117	2
8118	1
8119	1
8120	3
8121	0
8122	3
8123	0
8124	5
8125	3
8126	0
8127	0
8128	1
8129	1
8130	1
8131	1
8132	3
8133	3
8134	0
8135	2
8136	5
8137	1
8138	1
8139	1
8140	3
8141	4
8142	2
8143	2
8144	2
8145	0
8146	5
8147	2
8148	2
8149	0
8150	3
8151	4
8152	0
8153	1
8154	3
8155	4
8156	1
8157	1
8158	0
8159	1
8160	5
8161	2
8162	3
8163	1
8164	3
8165	6
8166	1
8167	1
8168	4
8169	2
8170	3
8171	2
8172	6
8173	3
8174	5
8175	3
8176	2
8177	2
8178	3
8179	3
8180	6
8181	1
8182	2
8183	6
8184	4
8185	3
8186	3
8187	1
8188	2
8189	2
8190	2
8191	2
8192	1
8193	6
8194	4
8195	1
8196	2
8197	1
8198	3
8199	2
8200	2
8201	4
8202	4
8203	0
8204	3
8205	2
8206	3
8207	5
8208	4
8209	1
8210	4
8211	5
8212	4
8213	3
8214	3
8215	1
8216	4
8217	1
8218	3
8219	3
8220	1
8221	2
8222	5
8223	3
8224	1
8225	2
8226	0
8227	5
8228	2
8229	1
8230	3
8231	2
8232	3
8233	3
8234	6
8235	1
8236	2
8237	1
8238	0
8239	3
8240	0
8241	0
8242	2
8243	3
8244	1
8245	2
8246	1
8247	2
8248	2
8249	1
8250	3
8251	0
8252	2
8253	0
8254	1
8255	2
8256	4
8257	3
8258	3
8259	1
8260	2
8261	1
8262	0
8263	2
8264	2
8265	4
8266	2
8267	3
8268	0
8269	2
8270	1
8271	1
8272	1
8273	3
8274	0
8275	2
8276	2
8277	0
8278	2
8279	1
8280	0
8281	0
8282	0
8283	4
8284	3
8285	1
8286	1
8287	2
8288	3
8289	2
8290	1
8291	0
8292	1
8293	2
8294	0
8295	1
8296	4
8297	0
8298	0
8299	1
8300	6
8301	1
8302	3
8303	1
8304	0
8305	4
8306	2
8307	1
8308	1
8309	2
8310	1
8311	0
8312	1
8313	1
8314	2
8315	2
8316	2
8317	2
8318	0
8319	0
8320	2
8321	2
8322	2
8323	2
8324	4
8325	1
8326	1
8327	1
8328	2
8329	1
8330	1
8331	0
8332	2
8333	2
8334	2
8335	0
8336	4
8337	3
8338	1
8339	3
8340	0
8341	1
8342	0
8343	0
8344	0
8345	1
8346	1
8347	0
8348	1
8349	1
8350	1
8351	0
8352	1
8353	1
8354	0
8355	1
8356	1
8357	0
8358	2
8359	2
8360	3
8361	1
8362	0
8363	2
8364	0
8365	0
8366	1
8367	1
8368	0
8369	1
8370	1
8371	0
8372	2
8373	2
8374	1
8375	2
8376	4
8377	1
8378	0
8379	2
8380	0
8381	2
8382	1
8383	2
8384	1
8385	0
8386	0
8387	1
8388	1
8389	2
8390	0
8391	2
8392	2
8393	3
8394	3
8395	1
8396	1
8397	0
8398	0
8399	0
8400	2
8401	1
8402	1
8403	2
8404	2
8405	2
8406	2
8407	0
8408	7
8409	5
8410	1
8411	0
8412	3
8413	2
8414	5
8415	1
8416	1
8417	0
8418	4
8419	1
8420	2
8421	0
8422	0
8423	4
8424	2
8425	1
8426	2
8427	1
8428	4
8429	0
8430	1
8431	2
8432	1
8433	0
8434	1
8435	1
8436	0
8437	3
8438	4
8439	4
8440	3
8441	2
8442	0
8443	6
8444	0
8445	1
8446	4
8447	2
8448	1
8449	1
8450	3
8451	2
8452	1
8453	2
8454	0
8455	1
8456	1
8457	3
8458	2
8459	1
8460	1
8461	1
8462	1
8463	1
8464	4
8465	3
8466	1
8467	3
8468	0
8469	3
8470	3
8471	1
8472	4
8473	0
8474	0
8475	2
8476	2
8477	0
8478	3
8479	3
8480	2
8481	1
8482	1
8483	1
8484	1
8485	2
8486	2
8487	2
8488	3
8489	1
8490	2
8491	1
8492	0
8493	0
8494	3
8495	0
8496	3
8497	1
8498	3
8499	1
8500	0
8501	2
8502	1
8503	2
8504	3
8505	2
8506	3
8507	0
8508	3
8509	3
8510	1
8511	1
8512	0
8513	3
8514	0
8515	2
8516	1
8517	2
8518	2
8519	1
8520	0
8521	1
8522	1
8523	1
8524	1
8525	1
8526	2
8527	0
8528	1
8529	2
8530	2
8531	0
8532	4
8533	2
8534	2
8535	4
8536	2
8537	2
8538	3
8539	1
8540	1
8541	4
8542	0
8543	4
8544	4
8545	1
8546	2
8547	0
8548	3
8549	1
8550	0
8551	0
8552	1
8553	1
8554	2
8555	3
8556	3
8557	2
8558	2
8559	0
8560	1
8561	1
8562	4
8563	4
8564	2
8565	1
8566	4
8567	0
8568	1
8569	2
8570	3
8571	2
8572	1
8573	0
8574	1
8575	1
8576	5
8577	4
8578	4
8579	1
8580	3
8581	2
8582	2
8583	1
8584	1
8585	2
8586	1
8587	2
8588	3
8589	2
8590	2
8591	3
8592	3
8593	1
8594	0
8595	1
8596	2
8597	2
8598	0
8599	1
8600	2
8601	1
8602	2
8603	3
8604	4
8605	0
8606	2
8607	0
8608	2
8609	0
8610	1
8611	0
8612	1
8613	0
8614	2
8615	0
8616	1
8617	2
8618	3
8619	1
8620	0
8621	2
8622	4
8623	3
8624	4
8625	3
8626	2
8627	2
8628	1
8629	1
8630	4
8631	4
8632	3
8633	1
8634	2
8635	2
8636	2
8637	0
8638	0
8639	0
8640	0
8641	5
8642	1
8643	0
8644	3
8645	3
8646	0
8647	2
8648	2
8649	0
8650	0
8651	2
8652	2
8653	2
8654	5
8655	0
8656	0
8657	1
8658	2
8659	4
8660	1
8661	1
8662	1
8663	4
8664	1
8665	1
8666	0
8667	2
8668	1
8669	0
8670	2
8671	0
8672	2
8673	2
8674	1
8675	2
8676	1
8677	1
8678	1
8679	4
8680	2
8681	1
8682	2
8683	1
8684	2
8685	1
8686	0
8687	0
8688	1
8689	4
8690	3
8691	1
8692	2
8693	2
8694	2
8695	0
8696	1
8697	2
8698	1
8699	0
8700	0
8701	0
8702	2
8703	5
8704	5
8705	3
8706	3
8707	2
8708	0
8709	0
8710	2
8711	0
8712	1
8713	0
8714	3
8715	3
8716	1
8717	0
8718	1
8719	4
8720	4
8721	1
8722	4
8723	2
8724	3
8725	2
8726	2
8727	1
8728	1
8729	1
8730	0
8731	2
8732	3
8733	2
8734	1
8735	1
8736	1
8737	1
8738	0
8739	4
8740	3
8741	2
8742	0
8743	3
8744	1
8745	0
8746	2
8747	2
8748	2
8749	2
8750	3
8751	3
8752	0
8753	2
8754	2
8755	1
8756	4
8757	3
8758	3
8759	0
8760	1
8761	2
8762	1
8763	3
8764	1
8765	1
8766	1
8767	4
8768	5
8769	0
8770	0
8771	2
8772	5
8773	1
8774	1
8775	3
8776	1
8777	2
8778	2
8779	1
8780	6
8781	0
8782	0
8783	2
8784	3
8785	1
8786	2
8787	2
8788	1
8789	0
8790	1
8791	1
8792	2
8793	1
8794	0
8795	3
8796	3
8797	0
8798	0
8799	0
8800	0
8801	1
8802	1
8803	2
8804	1
8805	1
8806	1
8807	3
8808	1
8809	2
8810	2
8811	3
8812	1
8813	1
8814	2
8815	1
8816	2
8817	2
8818	1
8819	3
8820	2
8821	1
8822	1
8823	3
8824	1
8825	4
8826	2
8827	1
8828	3
8829	0
8830	0
8831	1
8832	1
8833	1
8834	3
8835	2
8836	1
8837	1
8838	3
8839	1
8840	5
8841	1
8842	4
8843	3
8844	0
8845	4
8846	1
8847	2
8848	3
8849	0
8850	1
8851	2
8852	5
8853	3
8854	2
8855	3
8856	2
8857	2
8858	2
8859	3
8860	2
8861	1
8862	4
8863	0
8864	1
8865	4
8866	1
8867	3
8868	4
8869	0
8870	2
8871	3
8872	2
8873	1
8874	1
8875	1
8876	2
8877	4
8878	4
8879	2
8880	2
8881	1
8882	2
8883	1
8884	1
8885	0
8886	0
8887	0
8888	1
8889	1
8890	5
8891	0
8892	3
8893	1
8894	1
8895	3
8896	0
8897	3
8898	1
8899	1
8900	2
8901	3
8902	1
8903	3
8904	0
8905	1
8906	0
8907	2
8908	2
8909	3
8910	2
8911	2
8912	1
8913	2
8914	2
8915	2
8916	3
8917	0
8918	1
8919	1
8920	1
8921	2
8922	2
8923	3
8924	2
8925	2
8926	4
8927	2
8928	2
8929	2
8930	5
8931	1
8932	4
8933	0
8934	3
8935	0
8936	0
8937	1
8938	1
8939	0
8940	2
8941	1
8942	4
8943	1
8944	0
8945	1
8946	0
8947	4
8948	1
8949	5
8950	1
8951	1
8952	1
8953	0
8954	2
8955	0
8956	0
8957	2
8958	0
8959	0
8960	2
8961	2
8962	2
8963	3
8964	2
8965	4
8966	1
8967	2
8968	4
8969	2
8970	1
8971	1
8972	2
8973	2
8974	3
8975	1
8976	1
8977	1
8978	1
8979	2
8980	3
8981	2
8982	2
8983	1
8984	3
8985	2
8986	0
8987	2
8988	2
8989	1
8990	1
8991	1
8992	2
8993	0
8994	5
8995	1
8996	2
8997	0
8998	2
8999	0
9000	0
9001	0
9002	2
9003	1
9004	1
9005	5
9006	2
9007	2
9008	1
9009	1
9010	0
9011	2
9012	1
9013	4
9014	3
9015	2
9016	1
9017	3
9018	0
9019	2
9020	0
9021	2
9022	3
9023	1
9024	1
9025	3
9026	1
9027	2
9028	0
9029	0
9030	0
9031	1
9032	1
9033	0
9034	1
9035	0
9036	2
9037	0
9038	3
9039	1
9040	1
9041	1
9042	2
9043	2
9044	1
9045	1
9046	3
9047	1
9048	0
9049	0
9050	2
9051	1
9052	0
9053	3
9054	1
9055	1
9056	0
9057	0
9058	0
9059	0
9060	4
9061	0
9062	0
9063	3
9064	0
9065	2
9066	0
9067	0
9068	1
9069	0
9070	2
9071	1
9072	1
9073	1
9074	0
9075	3
9076	0
9077	0
9078	0
9079	3
9080	1
9081	1
9082	1
9083	0
9084	1
9085	0
9086	3
9087	3
9088	2
9089	0
9090	3
9091	1
9092	0
9093	1
9094	1
9095	2
9096	1
9097	1
9098	0
9099	0
9100	2
9101	1
9102	1
9103	2
9104	1
9105	0
9106	3
9107	4
9108	0
9109	4
9110	0
9111	0
9112	0
9113	1
9114	2
9115	1
9116	1
9117	2
9118	0
9119	1
9120	6
9121	1
9122	3
9123	1
9124	3
9125	2
9126	3
9127	0
9128	1
9129	7
9130	5
9131	2
9132	3
9133	1
9134	1
9135	0
9136	1
9137	2
9138	2
9139	0
9140	0
9141	0
9142	2
9143	1
9144	0
9145	4
9146	0
9147	1
9148	2
9149	2
9150	2
9151	7
9152	1
9153	2
9154	4
9155	4
9156	0
9157	6
9158	5
9159	2
9160	1
9161	2
9162	3
9163	3
9164	2
9165	1
9166	1
9167	1
9168	2
9169	2
9170	1
9171	4
9172	2
9173	1
9174	2
9175	1
9176	1
9177	3
9178	0
9179	3
9180	3
9181	3
9182	1
9183	1
9184	2
9185	1
9186	3
9187	2
9188	0
9189	1
9190	2
9191	0
9192	2
9193	3
9194	3
9195	4
9196	1
9197	3
9198	5
9199	1
9200	1
9201	3
9202	0
9203	2
9204	4
9205	2
9206	2
9207	2
9208	2
9209	0
9210	2
9211	1
9212	4
9213	1
9214	0
9215	3
9216	3
9217	3
9218	3
9219	4
9220	4
9221	1
9222	0
9223	4
9224	2
9225	0
9226	1
9227	1
9228	3
9229	3
9230	4
9231	2
9232	3
9233	2
9234	3
9235	2
9236	0
9237	1
9238	1
9239	1
9240	3
9241	3
9242	3
9243	3
9244	3
9245	2
9246	2
9247	0
9248	2
9249	1
9250	3
9251	2
9252	1
9253	4
9254	0
9255	1
9256	2
9257	1
9258	2
9259	1
9260	1
9261	3
9262	1
9263	1
9264	0
9265	1
9266	1
9267	2
9268	0
9269	2
9270	1
9271	1
9272	3
9273	0
9274	4
9275	3
9276	2
9277	2
9278	5
9279	1
9280	0
9281	2
9282	2
9283	2
9284	3
9285	1
9286	3
9287	4
9288	0
9289	3
9290	1
9291	2
9292	3
9293	0
9294	1
9295	0
9296	3
9297	4
9298	3
9299	3
9300	1
9301	2
9302	2
9303	6
9304	2
9305	1
9306	2
9307	2
9308	4
9309	3
9310	2
9311	4
9312	1
9313	1
9314	3
9315	2
9316	3
9317	3
9318	4
9319	4
9320	2
9321	3
9322	3
9323	4
9324	3
9325	3
9326	1
9327	2
9328	0
9329	7
9330	3
9331	3
9332	3
9333	1
9334	2
9335	5
9336	1
9337	4
9338	4
9339	5
9340	3
9341	3
9342	5
9343	4
9344	4
9345	6
9346	3
9347	1
9348	3
9349	6
9350	2
9351	0
9352	3
9353	1
9354	0
9355	2
9356	6
9357	4
9358	2
9359	6
9360	2
9361	2
9362	2
9363	3
9364	1
9365	2
9366	2
9367	5
9368	3
9369	1
9370	4
9371	5
9372	5
9373	8
9374	2
9375	7
9376	3
9377	1
9378	5
9379	4
9380	5
9381	4
9382	2
9383	6
9384	4
9385	1
9386	2
9387	2
9388	3
9389	1
9390	5
9391	3
9392	3
9393	3
9394	1
9395	0
9396	3
9397	6
9398	2
9399	6
9400	5
9401	2
9402	2
9403	7
9404	5
9405	1
9406	2
9407	3
9408	1
9409	1
9410	3
9411	1
9412	2
9413	6
9414	2
9415	4
9416	3
9417	7
9418	7
9419	2
9420	1
9421	4
9422	4
9423	5
9424	3
9425	3
9426	4
9427	4
9428	2
9429	2
9430	3
9431	3
9432	2
9433	4
9434	4
9435	5
9436	2
9437	2
9438	3
9439	4
9440	2
9441	3
9442	2
9443	3
9444	2
9445	4
9446	0
9447	3
9448	1
9449	1
9450	1
9451	4
9452	1
9453	4
9454	4
9455	2
9456	3
9457	1
9458	1
9459	5
9460	1
9461	1
9462	2
9463	6
9464	3
9465	2
9466	6
9467	2
9468	6
9469	1
9470	3
9471	4
9472	2
9473	4
9474	0
9475	2
9476	3
9477	1
9478	1
9479	2
9480	4
9481	1
9482	2
9483	2
9484	2
9485	1
9486	8
9487	2
9488	3
9489	2
9490	3
9491	3
9492	1
9493	3
9494	1
9495	3
9496	1
9497	1
9498	3
9499	3
9500	1
9501	4
9502	3
9503	3
9504	2
9505	2
9506	2
9507	3
9508	3
9509	1
9510	2
9511	3
9512	4
9513	0
9514	1
9515	3
9516	1
9517	3
9518	3
9519	2
9520	3
9521	1
9522	4
9523	2
9524	3
9525	3
9526	2
9527	2
9528	3
9529	3
9530	1
9531	2
9532	1
9533	1
9534	2
9535	2
9536	6
9537	1
9538	3
9539	3
9540	3
9541	1
9542	1
9543	0
9544	2
9545	3
9546	2
9547	1
9548	1
9549	1
9550	4
9551	1
9552	1
9553	2
9554	5
9555	2
9556	1
9557	0
9558	0
9559	1
9560	1
9561	4
9562	2
9563	0
9564	4
9565	3
9566	3
9567	2
9568	3
9569	1
9570	3
9571	1
9572	2
9573	4
9574	6
9575	0
9576	0
9577	0
9578	4
9579	4
9580	1
9581	3
9582	4
9583	1
9584	3
9585	2
9586	1
9587	3
9588	7
9589	2
9590	2
9591	3
9592	3
9593	1
9594	2
9595	5
9596	1
9597	3
9598	3
9599	2
9600	1
9601	5
9602	3
9603	2
9604	1
9605	4
9606	2
9607	5
9608	4
9609	1
9610	6
9611	0
9612	3
9613	0
9614	2
9615	2
9616	0
9617	3
9618	2
9619	3
9620	2
9621	2
9622	2
9623	4
9624	0
9625	2
9626	2
9627	6
9628	3
9629	1
9630	5
9631	0
9632	3
9633	3
9634	3
9635	1
9636	4
9637	2
9638	1
9639	2
9640	2
9641	3
9642	5
9643	1
9644	3
9645	2
9646	2
9647	3
9648	1
9649	0
9650	0
9651	4
9652	4
9653	0
9654	2
9655	1
9656	4
9657	0
9658	2
9659	1
9660	1
9661	2
9662	1
9663	0
9664	0
9665	2
9666	3
9667	2
9668	1
9669	4
9670	3
9671	4
9672	0
9673	3
9674	0
9675	2
9676	0
9677	3
9678	3
9679	1
9680	3
9681	2
9682	0
9683	5
9684	3
9685	4
9686	2
9687	4
9688	1
9689	2
9690	2
9691	0
9692	3
9693	1
9694	3
9695	1
9696	5
9697	2
9698	2
9699	6
9700	1
9701	2
9702	2
9703	3
9704	1
9705	3
9706	1
9707	1
9708	3
9709	1
9710	0
9711	1
9712	3
9713	2
9714	2
9715	4
9716	3
9717	0
9718	2
9719	2
9720	0
9721	4
9722	1
9723	0
9724	1
9725	4
9726	3
9727	1
9728	2
9729	1
9730	1
9731	3
9732	1
9733	1
9734	2
9735	3
9736	1
9737	0
9738	1
9739	3
9740	4
9741	2
9742	4
9743	0
9744	6
9745	1
9746	1
9747	10
9748	1
9749	4
9750	4
9751	0
9752	7
9753	4
9754	2
9755	3
9756	1
9757	2
9758	3
9759	1
9760	2
9761	3
9762	3
9763	4
9764	6
9765	3
9766	3
9767	4
9768	6
9769	1
9770	4
9771	4
9772	4
9773	7
9774	4
9775	2
9776	4
9777	2
9778	4
9779	1
9780	1
9781	1
9782	3
9783	1
9784	5
9785	1
9786	3
9787	3
9788	7
9789	3
9790	2
9791	4
9792	0
9793	4
9794	2
9795	2
9796	2
9797	1
9798	2
9799	2
9800	4
9801	3
9802	0
9803	2
9804	4
9805	0
9806	3
9807	2
9808	0
9809	1
9810	2
9811	4
9812	3
9813	1
9814	5
9815	1
9816	2
9817	0
9818	3
9819	1
9820	1
9821	2
9822	3
9823	6
9824	1
9825	2
9826	2
9827	2
9828	3
9829	3
9830	2
9831	2
9832	1
9833	3
9834	3
9835	2
9836	0
9837	4
9838	0
9839	5
9840	1
9841	5
9842	1
9843	3
9844	1
9845	3
9846	2
9847	4
9848	3
9849	0
9850	4
9851	6
9852	1
9853	3
9854	3
9855	4
9856	4
9857	3
9858	2
9859	3
9860	4
9861	3
9862	3
9863	2
9864	4
9865	3
9866	3
9867	4
9868	4
9869	2
9870	4
9871	2
9872	4
9873	0
9874	3
9875	8
9876	6
9877	4
9878	2
9879	3
9880	1
9881	1
9882	2
9883	3
9884	1
9885	3
9886	2
9887	2
9888	2
9889	1
9890	1
9891	3
9892	2
9893	2
9894	1
9895	2
9896	3
9897	3
9898	3
9899	9
9900	2
9901	2
9902	2
9903	2
9904	3
9905	2
9906	5
9907	7
9908	4
9909	3
9910	1
9911	5
9912	1
9913	5
9914	3
9915	1
9916	2
9917	4
9918	1
9919	4
9920	2
9921	1
9922	2
9923	3
9924	4
9925	0
9926	0
9927	2
9928	2
9929	5
9930	0
9931	2
9932	3
9933	6
9934	4
9935	2
9936	0
9937	5
9938	1
9939	2
9940	4
9941	2
9942	1
9943	3
9944	3
9945	3
9946	3
9947	2
9948	2
9949	2
9950	1
9951	3
9952	2
9953	1
9954	2
9955	4
9956	0
9957	2
9958	3
9959	1
9960	1
9961	2
9962	3
9963	4
9964	3
9965	2
9966	3
9967	4
9968	2
9969	0
9970	4
9971	1
9972	2
9973	1
9974	2
9975	0
9976	1
9977	2
9978	1
9979	2
9980	2
9981	1
9982	1
9983	3
9984	0
9985	1
9986	3
9987	1
9988	1
9989	5
9990	2
9991	0
9992	3
9993	1
9994	2
9995	2
9996	2
9997	1
9998	2
9999	3
10000	1
