1	301443914
2	8879585
3	4280099
4	3691038
5	3514529
6	3582102
7	3810857
8	4108995
9	4437930
10	4720062
11	4961501
12	5182628
13	5439322
14	5723534
15	6102572
16	6537670
17	7060044
18	7606460
19	8150201
20	8590746
21	8909487
22	9036167
23	8961751
24	8677152
25	8196630
26	7563119
27	6817846
28	5996987
29	5163868
30	4342411
31	3597360
32	2922702
33	2330620
34	1831388
35	1428478
36	1104712
37	853059
38	657101
39	509798
40	401670
41	317504
42	257857
43	212778
44	180150
45	155654
46	135839
47	120363
48	108025
49	97728
50	89245
51	82079
52	76527
53	71430
54	66001
55	61545
56	57469
57	54019
58	50494
59	47022
60	44444
61	41534
62	39180
63	36643
64	34886
65	32722
66	31731
67	29521
68	28234
69	26849
70	25700
71	24545
72	23493
73	22590
74	22063
75	21334
76	20803
77	20179
78	19608
79	19044
80	18484
81	18342
82	17935
83	17385
84	16648
85	16507
86	15961
87	15638
88	14871
89	14826
90	14403
91	13838
92	13709
93	13228
94	12914
95	12673
96	12653
97	12344
98	12174
99	12309
100	11843
101	11757
102	11544
103	11248
104	11141
105	11265
106	10994
107	10769
108	10553
109	10529
110	10270
111	10254
112	10182
113	10112
114	9908
115	9838
116	9645
117	9303
118	9380
119	9024
120	8898
121	8706
122	8551
123	8272
124	8403
125	8175
126	8073
127	7941
128	7665
129	7602
130	7510
131	7515
132	7413
133	7239
134	7134
135	7213
136	6996
137	7148
138	6847
139	6767
140	6773
141	6360
142	6325
143	6325
144	6154
145	5967
146	5870
147	5770
148	5640
149	5422
150	5335
151	5198
152	5213
153	5104
154	4993
155	4877
156	4908
157	4728
158	4720
159	4600
160	4569
161	4354
162	4323
163	4184
164	4115
165	3969
166	3971
167	3937
168	3971
169	3750
170	3746
171	3724
172	3617
173	3450
174	3345
175	3391
176	3201
177	3352
178	3181
179	3186
180	3192
181	3093
182	3171
183	3101
184	2975
185	3037
186	2990
187	2925
188	2967
189	2865
190	2894
191	2694
192	2774
193	2731
194	2757
195	2693
196	2698
197	2587
198	2653
199	2577
200	2526
201	2539
202	2599
203	2569
204	2455
205	2545
206	2469
207	2505
208	2384
209	2360
210	2314
211	2352
212	2331
213	2198
214	2204
215	2212
216	2244
217	2153
218	2147
219	2068
220	2051
221	1974
222	2002
223	2033
224	1901
225	1944
226	1868
227	1897
228	1862
229	1847
230	1867
231	1748
232	1762
233	1716
234	1741
235	1766
236	1669
237	1687
238	1662
239	1735
240	1643
241	1649
242	1689
243	1556
244	1506
245	1505
246	1487
247	1400
248	1504
249	1416
250	1418
251	1435
252	1441
253	1389
254	1438
255	1343
256	1370
257	1355
258	1398
259	1318
260	1336
261	1369
262	1336
263	1276
264	1276
265	1326
266	1295
267	1274
268	1273
269	1250
270	1225
271	1276
272	1262
273	1277
274	1285
275	1147
276	1193
277	1145
278	1196
279	1134
280	1207
281	1090
282	1179
283	1130
284	1085
285	1082
286	1061
287	1047
288	1027
289	993
290	1036
291	1017
292	1065
293	1017
294	997
295	989
296	1000
297	1025
298	964
299	948
300	946
301	899
302	999
303	905
304	932
305	913
306	957
307	938
308	941
309	932
310	889
311	929
312	867
313	890
314	923
315	874
316	862
317	830
318	866
319	830
320	807
321	853
322	860
323	884
324	862
325	863
326	815
327	835
328	776
329	798
330	801
331	782
332	729
333	818
334	786
335	754
336	764
337	749
338	777
339	738
340	710
341	719
342	783
343	769
344	731
345	675
346	726
347	719
348	682
349	670
350	727
351	708
352	686
353	672
354	660
355	655
356	655
357	634
358	675
359	635
360	652
361	710
362	645
363	612
364	636
365	613
366	616
367	638
368	624
369	616
370	626
371	649
372	639
373	616
374	633
375	624
376	615
377	620
378	649
379	568
380	581
381	578
382	574
383	602
384	550
385	578
386	582
387	547
388	560
389	561
390	510
391	538
392	522
393	565
394	520
395	526
396	521
397	587
398	562
399	533
400	482
401	502
402	549
403	497
404	547
405	535
406	542
407	519
408	535
409	508
410	551
411	472
412	497
413	536
414	537
415	526
416	490
417	522
418	494
419	517
420	501
421	536
422	555
423	516
424	494
425	483
426	499
427	525
428	505
429	482
430	455
431	482
432	533
433	468
434	474
435	469
436	439
437	470
438	512
439	492
440	482
441	470
442	471
443	436
444	436
445	454
446	453
447	483
448	397
449	420
450	478
451	437
452	421
453	409
454	411
455	362
456	399
457	398
458	402
459	414
460	408
461	373
462	418
463	384
464	394
465	391
466	388
467	368
468	362
469	367
470	334
471	346
472	361
473	334
474	322
475	348
476	369
477	382
478	347
479	327
480	334
481	313
482	322
483	319
484	330
485	333
486	302
487	316
488	336
489	314
490	335
491	318
492	342
493	290
494	275
495	323
496	260
497	281
498	294
499	282
500	292
501	288
502	297
503	302
504	315
505	293
506	319
507	280
508	290
509	291
510	278
511	289
512	303
513	260
514	325
515	282
516	323
517	277
518	277
519	293
520	303
521	326
522	323
523	288
524	303
525	287
526	298
527	282
528	280
529	281
530	270
531	251
532	270
533	287
534	253
535	251
536	282
537	256
538	262
539	264
540	234
541	289
542	259
543	301
544	267
545	282
546	249
547	261
548	246
549	238
550	247
551	249
552	260
553	241
554	269
555	216
556	248
557	219
558	225
559	246
560	206
561	221
562	202
563	246
564	216
565	234
566	211
567	242
568	245
569	223
570	228
571	227
572	235
573	231
574	242
575	255
576	234
577	224
578	240
579	247
580	242
581	219
582	234
583	257
584	211
585	223
586	191
587	240
588	225
589	175
590	208
591	221
592	205
593	228
594	217
595	216
596	223
597	201
598	207
599	217
600	211
601	194
602	193
603	221
604	246
605	224
606	186
607	181
608	237
609	233
610	201
611	208
612	190
613	207
614	217
615	252
616	215
617	203
618	204
619	184
620	211
621	215
622	199
623	189
624	203
625	225
626	225
627	216
628	198
629	205
630	193
631	213
632	201
633	176
634	220
635	201
636	207
637	210
638	210
639	225
640	173
641	158
642	172
643	185
644	181
645	191
646	198
647	166
648	148
649	193
650	184
651	208
652	171
653	203
654	188
655	183
656	181
657	182
658	171
659	169
660	174
661	164
662	181
663	154
664	169
665	180
666	192
667	183
668	175
669	171
670	164
671	189
672	153
673	184
674	190
675	185
676	176
677	169
678	170
679	185
680	180
681	186
682	170
683	179
684	168
685	156
686	178
687	138
688	175
689	171
690	167
691	181
692	179
693	174
694	198
695	151
696	183
697	194
698	167
699	188
700	160
701	175
702	136
703	161
704	173
705	168
706	172
707	172
708	183
709	149
710	153
711	175
712	177
713	189
714	184
715	170
716	154
717	165
718	170
719	169
720	128
721	198
722	159
723	169
724	166
725	129
726	198
727	171
728	177
729	158
730	160
731	155
732	158
733	158
734	162
735	180
736	157
737	162
738	161
739	169
740	144
741	142
742	139
743	143
744	170
745	159
746	131
747	165
748	128
749	158
750	145
751	132
752	153
753	128
754	143
755	126
756	133
757	129
758	129
759	124
760	111
761	135
762	121
763	110
764	135
765	119
766	130
767	113
768	133
769	126
770	121
771	125
772	142
773	109
774	108
775	124
776	127
777	138
778	115
779	138
780	117
781	125
782	127
783	142
784	136
785	110
786	123
787	110
788	122
789	113
790	114
791	115
792	112
793	135
794	111
795	116
796	108
797	114
798	120
799	116
800	136
801	115
802	108
803	124
804	127
805	113
806	122
807	116
808	103
809	133
810	107
811	148
812	106
813	91
814	144
815	130
816	90
817	109
818	111
819	109
820	103
821	111
822	109
823	98
824	78
825	99
826	115
827	87
828	98
829	104
830	89
831	90
832	123
833	104
834	90
835	95
836	99
837	101
838	77
839	97
840	94
841	88
842	79
843	85
844	94
845	103
846	93
847	88
848	82
849	88
850	101
851	74
852	104
853	88
854	81
855	104
856	99
857	124
858	108
859	95
860	117
861	115
862	96
863	123
864	112
865	101
866	120
867	112
868	108
869	89
870	112
871	100
872	109
873	116
874	97
875	112
876	105
877	101
878	100
879	95
880	114
881	108
882	100
883	119
884	104
885	120
886	129
887	95
888	130
889	92
890	108
891	110
892	123
893	109
894	116
895	116
896	99
897	97
898	97
899	116
900	119
901	116
902	96
903	99
904	100
905	105
906	96
907	98
908	95
909	90
910	93
911	96
912	102
913	87
914	109
915	98
916	100
917	82
918	99
919	93
920	107
921	81
922	88
923	90
924	98
925	77
926	93
927	101
928	100
929	80
930	100
931	85
932	88
933	88
934	85
935	81
936	94
937	81
938	80
939	77
940	88
941	84
942	92
943	55
944	73
945	91
946	82
947	71
948	73
949	82
950	78
951	83
952	89
953	86
954	75
955	80
956	69
957	85
958	91
959	72
960	73
961	72
962	102
963	79
964	76
965	88
966	68
967	73
968	73
969	87
970	69
971	79
972	80
973	71
974	68
975	66
976	76
977	57
978	91
979	72
980	83
981	70
982	73
983	60
984	67
985	69
986	76
987	70
988	69
989	60
990	74
991	77
992	59
993	67
994	66
995	65
996	59
997	54
998	58
999	49
1000	72
1001	74
1002	58
1003	63
1004	67
1005	52
1006	60
1007	54
1008	61
1009	60
1010	65
1011	58
1012	63
1013	61
1014	62
1015	78
1016	53
1017	65
1018	65
1019	54
1020	54
1021	63
1022	70
1023	66
1024	51
1025	50
1026	69
1027	69
1028	73
1029	50
1030	57
1031	57
1032	71
1033	55
1034	48
1035	70
1036	73
1037	63
1038	55
1039	53
1040	53
1041	52
1042	67
1043	65
1044	55
1045	57
1046	54
1047	64
1048	60
1049	53
1050	65
1051	44
1052	46
1053	58
1054	55
1055	59
1056	51
1057	50
1058	45
1059	48
1060	70
1061	58
1062	43
1063	58
1064	51
1065	48
1066	47
1067	52
1068	48
1069	58
1070	45
1071	48
1072	48
1073	58
1074	36
1075	56
1076	53
1077	48
1078	42
1079	64
1080	68
1081	55
1082	49
1083	56
1084	51
1085	46
1086	55
1087	60
1088	61
1089	57
1090	57
1091	40
1092	50
1093	36
1094	48
1095	44
1096	55
1097	51
1098	46
1099	51
1100	50
1101	51
1102	67
1103	56
1104	52
1105	53
1106	54
1107	61
1108	51
1109	48
1110	46
1111	56
1112	43
1113	49
1114	43
1115	46
1116	51
1117	51
1118	54
1119	50
1120	53
1121	48
1122	44
1123	46
1124	48
1125	57
1126	52
1127	54
1128	39
1129	53
1130	44
1131	55
1132	67
1133	53
1134	61
1135	49
1136	45
1137	50
1138	54
1139	47
1140	41
1141	48
1142	50
1143	49
1144	66
1145	43
1146	46
1147	51
1148	31
1149	37
1150	53
1151	45
1152	45
1153	49
1154	46
1155	39
1156	38
1157	41
1158	44
1159	43
1160	48
1161	49
1162	57
1163	41
1164	50
1165	46
1166	43
1167	42
1168	43
1169	42
1170	37
1171	39
1172	49
1173	37
1174	38
1175	46
1176	49
1177	47
1178	41
1179	40
1180	44
1181	46
1182	51
1183	28
1184	42
1185	29
1186	43
1187	46
1188	44
1189	40
1190	45
1191	40
1192	36
1193	47
1194	55
1195	44
1196	46
1197	39
1198	41
1199	47
1200	48
1201	38
1202	50
1203	36
1204	32
1205	39
1206	41
1207	50
1208	45
1209	37
1210	39
1211	48
1212	31
1213	39
1214	39
1215	36
1216	47
1217	46
1218	36
1219	41
1220	45
1221	38
1222	48
1223	30
1224	42
1225	39
1226	38
1227	39
1228	33
1229	32
1230	34
1231	43
1232	26
1233	46
1234	51
1235	31
1236	36
1237	40
1238	40
1239	42
1240	36
1241	48
1242	46
1243	44
1244	49
1245	44
1246	45
1247	37
1248	42
1249	29
1250	46
1251	45
1252	33
1253	35
1254	36
1255	51
1256	40
1257	35
1258	41
1259	37
1260	32
1261	49
1262	45
1263	44
1264	43
1265	41
1266	52
1267	29
1268	51
1269	37
1270	33
1271	40
1272	39
1273	43
1274	35
1275	33
1276	38
1277	46
1278	34
1279	35
1280	40
1281	43
1282	41
1283	36
1284	37
1285	47
1286	32
1287	56
1288	38
1289	33
1290	37
1291	41
1292	36
1293	37
1294	40
1295	30
1296	50
1297	40
1298	35
1299	36
1300	36
1301	44
1302	38
1303	38
1304	40
1305	39
1306	47
1307	40
1308	33
1309	38
1310	31
1311	35
1312	41
1313	39
1314	44
1315	42
1316	35
1317	42
1318	38
1319	38
1320	50
1321	50
1322	30
1323	40
1324	50
1325	37
1326	42
1327	35
1328	52
1329	23
1330	38
1331	43
1332	37
1333	23
1334	41
1335	29
1336	50
1337	49
1338	46
1339	38
1340	43
1341	40
1342	46
1343	47
1344	33
1345	41
1346	34
1347	36
1348	34
1349	57
1350	54
1351	43
1352	35
1353	42
1354	44
1355	46
1356	49
1357	36
1358	36
1359	36
1360	40
1361	37
1362	39
1363	42
1364	45
1365	38
1366	48
1367	40
1368	43
1369	57
1370	46
1371	37
1372	44
1373	55
1374	43
1375	39
1376	53
1377	39
1378	26
1379	43
1380	44
1381	32
1382	55
1383	39
1384	41
1385	29
1386	51
1387	49
1388	33
1389	37
1390	41
1391	33
1392	36
1393	52
1394	43
1395	31
1396	37
1397	44
1398	42
1399	37
1400	51
1401	36
1402	33
1403	31
1404	30
1405	37
1406	40
1407	40
1408	46
1409	29
1410	34
1411	36
1412	26
1413	35
1414	49
1415	34
1416	36
1417	26
1418	31
1419	30
1420	32
1421	36
1422	45
1423	31
1424	31
1425	35
1426	38
1427	32
1428	29
1429	37
1430	36
1431	28
1432	29
1433	39
1434	38
1435	35
1436	30
1437	32
1438	36
1439	36
1440	20
1441	39
1442	28
1443	25
1444	50
1445	29
1446	40
1447	32
1448	39
1449	32
1450	25
1451	36
1452	27
1453	23
1454	31
1455	35
1456	23
1457	32
1458	30
1459	32
1460	27
1461	32
1462	30
1463	32
1464	36
1465	37
1466	36
1467	38
1468	36
1469	34
1470	40
1471	29
1472	31
1473	32
1474	29
1475	36
1476	32
1477	33
1478	25
1479	27
1480	36
1481	30
1482	21
1483	36
1484	38
1485	37
1486	43
1487	36
1488	43
1489	36
1490	22
1491	40
1492	38
1493	40
1494	41
1495	35
1496	33
1497	37
1498	32
1499	42
1500	27
1501	42
1502	32
1503	33
1504	45
1505	37
1506	30
1507	26
1508	34
1509	26
1510	40
1511	33
1512	38
1513	36
1514	23
1515	32
1516	28
1517	22
1518	30
1519	43
1520	31
1521	31
1522	29
1523	37
1524	27
1525	37
1526	30
1527	38
1528	40
1529	35
1530	34
1531	39
1532	38
1533	28
1534	36
1535	22
1536	30
1537	29
1538	28
1539	27
1540	35
1541	41
1542	29
1543	38
1544	27
1545	28
1546	33
1547	34
1548	24
1549	29
1550	26
1551	27
1552	24
1553	30
1554	36
1555	33
1556	31
1557	36
1558	23
1559	36
1560	29
1561	38
1562	31
1563	31
1564	29
1565	32
1566	31
1567	29
1568	31
1569	22
1570	29
1571	26
1572	29
1573	29
1574	28
1575	26
1576	28
1577	23
1578	31
1579	26
1580	32
1581	27
1582	28
1583	30
1584	34
1585	26
1586	30
1587	32
1588	23
1589	25
1590	22
1591	21
1592	33
1593	24
1594	27
1595	25
1596	25
1597	32
1598	30
1599	38
1600	29
1601	33
1602	33
1603	32
1604	33
1605	33
1606	26
1607	35
1608	24
1609	29
1610	31
1611	31
1612	30
1613	27
1614	35
1615	24
1616	22
1617	25
1618	35
1619	29
1620	25
1621	23
1622	18
1623	15
1624	28
1625	37
1626	25
1627	36
1628	36
1629	33
1630	25
1631	26
1632	25
1633	25
1634	20
1635	22
1636	30
1637	27
1638	20
1639	38
1640	35
1641	29
1642	31
1643	35
1644	31
1645	22
1646	28
1647	30
1648	30
1649	38
1650	35
1651	34
1652	26
1653	35
1654	19
1655	25
1656	22
1657	30
1658	34
1659	24
1660	27
1661	27
1662	24
1663	25
1664	24
1665	12
1666	30
1667	26
1668	25
1669	26
1670	20
1671	23
1672	20
1673	24
1674	37
1675	24
1676	22
1677	36
1678	28
1679	27
1680	17
1681	27
1682	33
1683	26
1684	28
1685	26
1686	18
1687	27
1688	16
1689	17
1690	19
1691	22
1692	17
1693	23
1694	22
1695	27
1696	22
1697	19
1698	21
1699	32
1700	30
1701	17
1702	26
1703	17
1704	22
1705	25
1706	18
1707	25
1708	20
1709	29
1710	35
1711	32
1712	14
1713	28
1714	36
1715	40
1716	28
1717	34
1718	25
1719	18
1720	35
1721	36
1722	22
1723	27
1724	25
1725	30
1726	28
1727	27
1728	28
1729	22
1730	26
1731	32
1732	22
1733	25
1734	25
1735	31
1736	25
1737	24
1738	25
1739	27
1740	31
1741	20
1742	33
1743	18
1744	21
1745	21
1746	30
1747	32
1748	23
1749	22
1750	31
1751	21
1752	27
1753	28
1754	24
1755	34
1756	38
1757	32
1758	33
1759	31
1760	33
1761	33
1762	34
1763	20
1764	26
1765	29
1766	17
1767	25
1768	29
1769	29
1770	32
1771	17
1772	29
1773	31
1774	27
1775	38
1776	21
1777	30
1778	34
1779	36
1780	29
1781	24
1782	24
1783	25
1784	30
1785	18
1786	23
1787	27
1788	31
1789	37
1790	24
1791	35
1792	19
1793	31
1794	21
1795	28
1796	20
1797	27
1798	20
1799	28
1800	29
1801	34
1802	36
1803	19
1804	31
1805	25
1806	20
1807	27
1808	29
1809	22
1810	29
1811	35
1812	15
1813	29
1814	32
1815	32
1816	29
1817	17
1818	25
1819	23
1820	42
1821	33
1822	27
1823	37
1824	27
1825	23
1826	11
1827	22
1828	20
1829	32
1830	32
1831	15
1832	30
1833	35
1834	20
1835	24
1836	32
1837	23
1838	25
1839	24
1840	21
1841	33
1842	25
1843	25
1844	21
1845	30
1846	26
1847	26
1848	25
1849	29
1850	25
1851	27
1852	15
1853	21
1854	28
1855	24
1856	30
1857	33
1858	31
1859	27
1860	31
1861	28
1862	23
1863	26
1864	25
1865	28
1866	28
1867	26
1868	20
1869	25
1870	20
1871	35
1872	17
1873	26
1874	30
1875	27
1876	20
1877	22
1878	36
1879	22
1880	21
1881	26
1882	17
1883	28
1884	26
1885	28
1886	18
1887	28
1888	26
1889	20
1890	27
1891	19
1892	33
1893	24
1894	27
1895	22
1896	19
1897	20
1898	21
1899	28
1900	20
1901	24
1902	22
1903	30
1904	24
1905	11
1906	32
1907	19
1908	21
1909	23
1910	31
1911	34
1912	31
1913	17
1914	26
1915	20
1916	22
1917	21
1918	25
1919	18
1920	25
1921	30
1922	30
1923	22
1924	24
1925	28
1926	36
1927	22
1928	22
1929	29
1930	31
1931	13
1932	30
1933	28
1934	37
1935	28
1936	29
1937	20
1938	29
1939	24
1940	35
1941	24
1942	29
1943	32
1944	37
1945	27
1946	19
1947	25
1948	31
1949	30
1950	23
1951	35
1952	18
1953	24
1954	24
1955	21
1956	20
1957	28
1958	34
1959	23
1960	27
1961	35
1962	22
1963	23
1964	29
1965	35
1966	24
1967	23
1968	30
1969	29
1970	28
1971	20
1972	24
1973	32
1974	26
1975	45
1976	30
1977	25
1978	24
1979	26
1980	29
1981	37
1982	22
1983	29
1984	32
1985	38
1986	22
1987	24
1988	35
1989	26
1990	18
1991	23
1992	28
1993	20
1994	24
1995	35
1996	30
1997	28
1998	31
1999	22
2000	24
2001	21
2002	18
2003	18
2004	15
2005	21
2006	28
2007	24
2008	28
2009	31
2010	22
2011	27
2012	25
2013	25
2014	26
2015	21
2016	22
2017	19
2018	23
2019	30
2020	17
2021	31
2022	21
2023	20
2024	18
2025	23
2026	20
2027	18
2028	20
2029	23
2030	27
2031	27
2032	26
2033	25
2034	29
2035	14
2036	23
2037	15
2038	17
2039	23
2040	20
2041	20
2042	26
2043	27
2044	21
2045	19
2046	23
2047	17
2048	17
2049	23
2050	29
2051	13
2052	17
2053	26
2054	32
2055	24
2056	21
2057	26
2058	22
2059	29
2060	33
2061	16
2062	23
2063	29
2064	24
2065	20
2066	21
2067	18
2068	20
2069	26
2070	22
2071	21
2072	20
2073	26
2074	36
2075	29
2076	24
2077	17
2078	17
2079	19
2080	13
2081	14
2082	34
2083	17
2084	17
2085	25
2086	22
2087	20
2088	33
2089	23
2090	23
2091	18
2092	28
2093	19
2094	23
2095	18
2096	20
2097	15
2098	16
2099	26
2100	24
2101	16
2102	30
2103	24
2104	21
2105	17
2106	26
2107	30
2108	26
2109	22
2110	23
2111	17
2112	16
2113	28
2114	21
2115	14
2116	18
2117	21
2118	24
2119	27
2120	21
2121	15
2122	21
2123	28
2124	25
2125	29
2126	16
2127	19
2128	23
2129	25
2130	29
2131	27
2132	18
2133	23
2134	20
2135	21
2136	27
2137	28
2138	16
2139	26
2140	16
2141	20
2142	25
2143	27
2144	26
2145	28
2146	30
2147	19
2148	19
2149	29
2150	27
2151	18
2152	23
2153	31
2154	21
2155	33
2156	29
2157	24
2158	29
2159	28
2160	19
2161	23
2162	25
2163	22
2164	24
2165	31
2166	30
2167	28
2168	25
2169	22
2170	19
2171	39
2172	24
2173	25
2174	40
2175	21
2176	30
2177	37
2178	31
2179	32
2180	26
2181	36
2182	28
2183	35
2184	34
2185	35
2186	25
2187	28
2188	27
2189	34
2190	21
2191	26
2192	24
2193	27
2194	23
2195	28
2196	24
2197	27
2198	29
2199	26
2200	32
2201	27
2202	15
2203	31
2204	21
2205	31
2206	28
2207	25
2208	31
2209	30
2210	29
2211	36
2212	27
2213	28
2214	38
2215	26
2216	27
2217	28
2218	27
2219	27
2220	19
2221	32
2222	16
2223	19
2224	35
2225	24
2226	34
2227	27
2228	24
2229	32
2230	29
2231	24
2232	17
2233	30
2234	31
2235	24
2236	25
2237	32
2238	26
2239	25
2240	28
2241	30
2242	23
2243	18
2244	34
2245	22
2246	22
2247	31
2248	37
2249	33
2250	38
2251	29
2252	24
2253	33
2254	30
2255	31
2256	28
2257	29
2258	32
2259	24
2260	35
2261	21
2262	33
2263	22
2264	24
2265	27
2266	24
2267	23
2268	23
2269	24
2270	24
2271	32
2272	21
2273	29
2274	19
2275	16
2276	22
2277	17
2278	17
2279	27
2280	23
2281	20
2282	22
2283	16
2284	15
2285	26
2286	25
2287	22
2288	18
2289	19
2290	25
2291	15
2292	22
2293	24
2294	22
2295	20
2296	25
2297	30
2298	23
2299	18
2300	24
2301	21
2302	14
2303	19
2304	19
2305	19
2306	18
2307	20
2308	32
2309	22
2310	21
2311	15
2312	14
2313	20
2314	24
2315	17
2316	20
2317	18
2318	22
2319	31
2320	24
2321	24
2322	20
2323	21
2324	27
2325	20
2326	18
2327	25
2328	23
2329	31
2330	18
2331	21
2332	23
2333	22
2334	27
2335	23
2336	25
2337	26
2338	16
2339	22
2340	21
2341	19
2342	22
2343	12
2344	18
2345	18
2346	27
2347	20
2348	29
2349	22
2350	27
2351	22
2352	25
2353	20
2354	23
2355	28
2356	20
2357	21
2358	20
2359	30
2360	29
2361	29
2362	29
2363	18
2364	21
2365	28
2366	23
2367	20
2368	33
2369	23
2370	16
2371	27
2372	30
2373	20
2374	26
2375	31
2376	14
2377	23
2378	26
2379	22
2380	17
2381	26
2382	24
2383	26
2384	14
2385	38
2386	32
2387	38
2388	17
2389	26
2390	24
2391	16
2392	23
2393	32
2394	23
2395	24
2396	20
2397	30
2398	19
2399	19
2400	17
2401	14
2402	26
2403	33
2404	21
2405	29
2406	26
2407	28
2408	23
2409	26
2410	35
2411	22
2412	28
2413	20
2414	25
2415	26
2416	18
2417	32
2418	19
2419	29
2420	27
2421	30
2422	18
2423	29
2424	26
2425	23
2426	32
2427	26
2428	21
2429	25
2430	26
2431	33
2432	21
2433	24
2434	7
2435	24
2436	23
2437	17
2438	26
2439	15
2440	13
2441	24
2442	19
2443	26
2444	28
2445	23
2446	29
2447	24
2448	23
2449	26
2450	26
2451	24
2452	20
2453	19
2454	19
2455	21
2456	22
2457	27
2458	15
2459	22
2460	29
2461	21
2462	24
2463	19
2464	17
2465	24
2466	27
2467	30
2468	24
2469	28
2470	18
2471	22
2472	26
2473	30
2474	24
2475	24
2476	17
2477	18
2478	17
2479	31
2480	21
2481	26
2482	21
2483	15
2484	22
2485	24
2486	24
2487	21
2488	12
2489	31
2490	22
2491	24
2492	23
2493	19
2494	31
2495	10
2496	27
2497	17
2498	28
2499	21
2500	25
2501	22
2502	19
2503	25
2504	10
2505	19
2506	32
2507	23
2508	16
2509	29
2510	25
2511	22
2512	29
2513	22
2514	18
2515	22
2516	23
2517	17
2518	17
2519	21
2520	34
2521	18
2522	33
2523	26
2524	22
2525	19
2526	25
2527	18
2528	25
2529	29
2530	29
2531	29
2532	29
2533	21
2534	18
2535	24
2536	28
2537	31
2538	23
2539	30
2540	23
2541	26
2542	24
2543	21
2544	27
2545	27
2546	24
2547	18
2548	23
2549	31
2550	26
2551	21
2552	23
2553	30
2554	23
2555	28
2556	34
2557	31
2558	34
2559	24
2560	24
2561	19
2562	26
2563	24
2564	37
2565	29
2566	27
2567	30
2568	25
2569	32
2570	26
2571	37
2572	36
2573	26
2574	30
2575	32
2576	28
2577	21
2578	28
2579	37
2580	39
2581	44
2582	28
2583	23
2584	22
2585	28
2586	27
2587	30
2588	36
2589	30
2590	27
2591	26
2592	19
2593	26
2594	22
2595	20
2596	27
2597	26
2598	29
2599	23
2600	22
2601	12
2602	23
2603	20
2604	21
2605	22
2606	25
2607	15
2608	23
2609	24
2610	31
2611	25
2612	19
2613	29
2614	28
2615	30
2616	16
2617	25
2618	21
2619	20
2620	26
2621	31
2622	27
2623	30
2624	23
2625	21
2626	25
2627	23
2628	15
2629	24
2630	24
2631	22
2632	28
2633	22
2634	26
2635	22
2636	22
2637	28
2638	24
2639	20
2640	26
2641	27
2642	20
2643	23
2644	21
2645	16
2646	18
2647	38
2648	25
2649	23
2650	26
2651	24
2652	17
2653	23
2654	22
2655	27
2656	23
2657	18
2658	17
2659	27
2660	17
2661	22
2662	27
2663	23
2664	20
2665	20
2666	16
2667	28
2668	20
2669	22
2670	24
2671	26
2672	18
2673	23
2674	25
2675	28
2676	26
2677	23
2678	19
2679	25
2680	24
2681	32
2682	22
2683	19
2684	28
2685	23
2686	24
2687	24
2688	32
2689	21
2690	17
2691	24
2692	28
2693	19
2694	21
2695	17
2696	21
2697	18
2698	21
2699	28
2700	23
2701	22
2702	25
2703	22
2704	19
2705	22
2706	12
2707	19
2708	26
2709	28
2710	24
2711	26
2712	17
2713	26
2714	20
2715	21
2716	19
2717	20
2718	19
2719	19
2720	23
2721	22
2722	18
2723	22
2724	12
2725	21
2726	22
2727	24
2728	16
2729	24
2730	21
2731	28
2732	19
2733	17
2734	28
2735	21
2736	33
2737	20
2738	22
2739	16
2740	15
2741	25
2742	23
2743	13
2744	20
2745	19
2746	26
2747	19
2748	13
2749	15
2750	25
2751	19
2752	23
2753	18
2754	16
2755	17
2756	23
2757	18
2758	15
2759	19
2760	20
2761	13
2762	20
2763	20
2764	26
2765	16
2766	22
2767	23
2768	20
2769	21
2770	22
2771	15
2772	18
2773	17
2774	14
2775	19
2776	19
2777	13
2778	10
2779	14
2780	18
2781	13
2782	19
2783	16
2784	21
2785	14
2786	20
2787	16
2788	18
2789	10
2790	10
2791	12
2792	13
2793	19
2794	21
2795	23
2796	14
2797	15
2798	16
2799	11
2800	21
2801	17
2802	20
2803	22
2804	17
2805	17
2806	26
2807	13
2808	12
2809	19
2810	16
2811	17
2812	11
2813	21
2814	15
2815	14
2816	18
2817	17
2818	12
2819	21
2820	17
2821	17
2822	20
2823	17
2824	18
2825	16
2826	15
2827	14
2828	19
2829	10
2830	7
2831	14
2832	14
2833	20
2834	7
2835	16
2836	10
2837	12
2838	18
2839	14
2840	12
2841	12
2842	11
2843	12
2844	17
2845	16
2846	11
2847	12
2848	14
2849	14
2850	14
2851	16
2852	12
2853	15
2854	14
2855	20
2856	17
2857	11
2858	9
2859	19
2860	20
2861	11
2862	11
2863	16
2864	15
2865	9
2866	8
2867	13
2868	11
2869	9
2870	14
2871	10
2872	13
2873	12
2874	10
2875	22
2876	13
2877	9
2878	14
2879	19
2880	15
2881	17
2882	15
2883	6
2884	21
2885	15
2886	11
2887	7
2888	9
2889	10
2890	12
2891	16
2892	8
2893	12
2894	17
2895	12
2896	11
2897	14
2898	13
2899	16
2900	10
2901	15
2902	14
2903	12
2904	15
2905	11
2906	18
2907	11
2908	11
2909	17
2910	14
2911	15
2912	10
2913	20
2914	15
2915	15
2916	20
2917	12
2918	11
2919	18
2920	18
2921	15
2922	8
2923	20
2924	14
2925	16
2926	13
2927	21
2928	21
2929	15
2930	21
2931	21
2932	7
2933	20
2934	17
2935	13
2936	19
2937	15
2938	15
2939	16
2940	17
2941	11
2942	18
2943	15
2944	12
2945	12
2946	23
2947	22
2948	12
2949	8
2950	17
2951	15
2952	19
2953	24
2954	22
2955	13
2956	18
2957	20
2958	8
2959	12
2960	18
2961	11
2962	13
2963	10
2964	12
2965	10
2966	11
2967	18
2968	13
2969	10
2970	13
2971	10
2972	18
2973	17
2974	17
2975	18
2976	24
2977	11
2978	15
2979	14
2980	12
2981	14
2982	14
2983	18
2984	12
2985	10
2986	12
2987	14
2988	18
2989	17
2990	14
2991	19
2992	15
2993	18
2994	8
2995	15
2996	16
2997	23
2998	17
2999	21
3000	13
3001	16
3002	17
3003	17
3004	18
3005	23
3006	12
3007	20
3008	18
3009	10
3010	15
3011	19
3012	11
3013	13
3014	12
3015	16
3016	14
3017	25
3018	12
3019	13
3020	18
3021	15
3022	19
3023	21
3024	19
3025	21
3026	13
3027	18
3028	14
3029	9
3030	17
3031	16
3032	14
3033	16
3034	18
3035	15
3036	16
3037	16
3038	19
3039	11
3040	17
3041	13
3042	9
3043	14
3044	20
3045	9
3046	9
3047	10
3048	10
3049	9
3050	14
3051	14
3052	7
3053	13
3054	11
3055	16
3056	10
3057	6
3058	8
3059	4
3060	8
3061	10
3062	16
3063	12
3064	7
3065	12
3066	7
3067	11
3068	13
3069	6
3070	7
3071	7
3072	10
3073	10
3074	14
3075	11
3076	14
3077	12
3078	10
3079	11
3080	17
3081	6
3082	10
3083	12
3084	16
3085	16
3086	17
3087	8
3088	7
3089	12
3090	10
3091	13
3092	12
3093	10
3094	17
3095	6
3096	11
3097	12
3098	16
3099	11
3100	14
3101	13
3102	10
3103	14
3104	12
3105	12
3106	13
3107	9
3108	14
3109	18
3110	6
3111	14
3112	12
3113	9
3114	12
3115	12
3116	9
3117	14
3118	17
3119	9
3120	12
3121	9
3122	10
3123	9
3124	13
3125	8
3126	14
3127	16
3128	12
3129	7
3130	10
3131	8
3132	5
3133	11
3134	15
3135	12
3136	8
3137	10
3138	16
3139	4
3140	12
3141	13
3142	11
3143	8
3144	8
3145	10
3146	16
3147	11
3148	8
3149	12
3150	12
3151	11
3152	9
3153	13
3154	7
3155	7
3156	12
3157	7
3158	9
3159	12
3160	8
3161	8
3162	18
3163	7
3164	14
3165	9
3166	6
3167	11
3168	7
3169	13
3170	10
3171	10
3172	12
3173	4
3174	8
3175	13
3176	10
3177	10
3178	13
3179	10
3180	15
3181	6
3182	14
3183	3
3184	12
3185	9
3186	10
3187	10
3188	8
3189	7
3190	10
3191	14
3192	7
3193	7
3194	10
3195	9
3196	10
3197	9
3198	20
3199	8
3200	9
3201	11
3202	13
3203	12
3204	4
3205	11
3206	13
3207	10
3208	11
3209	6
3210	12
3211	10
3212	12
3213	10
3214	10
3215	10
3216	5
3217	8
3218	12
3219	11
3220	13
3221	11
3222	7
3223	13
3224	11
3225	11
3226	9
3227	11
3228	7
3229	4
3230	10
3231	5
3232	5
3233	8
3234	8
3235	3
3236	10
3237	9
3238	6
3239	4
3240	15
3241	9
3242	14
3243	12
3244	8
3245	7
3246	14
3247	8
3248	11
3249	14
3250	8
3251	6
3252	12
3253	8
3254	9
3255	12
3256	13
3257	8
3258	10
3259	4
3260	4
3261	9
3262	7
3263	9
3264	9
3265	2
3266	10
3267	9
3268	8
3269	9
3270	6
3271	8
3272	10
3273	7
3274	11
3275	7
3276	7
3277	8
3278	9
3279	12
3280	8
3281	5
3282	5
3283	17
3284	11
3285	10
3286	5
3287	10
3288	8
3289	4
3290	10
3291	5
3292	7
3293	5
3294	7
3295	12
3296	8
3297	7
3298	6
3299	12
3300	16
3301	7
3302	7
3303	4
3304	13
3305	5
3306	8
3307	6
3308	4
3309	10
3310	7
3311	4
3312	9
3313	11
3314	7
3315	8
3316	9
3317	12
3318	6
3319	8
3320	11
3321	6
3322	11
3323	8
3324	6
3325	9
3326	5
3327	13
3328	8
3329	7
3330	8
3331	4
3332	9
3333	8
3334	13
3335	5
3336	11
3337	7
3338	8
3339	8
3340	11
3341	11
3342	8
3343	4
3344	10
3345	5
3346	13
3347	7
3348	12
3349	11
3350	6
3351	11
3352	10
3353	10
3354	12
3355	9
3356	7
3357	10
3358	8
3359	10
3360	5
3361	12
3362	6
3363	14
3364	6
3365	8
3366	4
3367	5
3368	11
3369	7
3370	18
3371	8
3372	6
3373	4
3374	4
3375	9
3376	10
3377	13
3378	7
3379	5
3380	8
3381	9
3382	7
3383	5
3384	7
3385	6
3386	8
3387	5
3388	12
3389	3
3390	6
3391	12
3392	8
3393	9
3394	6
3395	9
3396	9
3397	10
3398	6
3399	11
3400	3
3401	8
3402	8
3403	8
3404	7
3405	8
3406	6
3407	7
3408	8
3409	6
3410	9
3411	8
3412	11
3413	2
3414	5
3415	6
3416	14
3417	6
3418	9
3419	6
3420	10
3421	11
3422	8
3423	11
3424	11
3425	11
3426	10
3427	5
3428	9
3429	9
3430	14
3431	3
3432	7
3433	4
3434	6
3435	4
3436	12
3437	8
3438	8
3439	3
3440	6
3441	9
3442	8
3443	3
3444	7
3445	6
3446	3
3447	4
3448	6
3449	4
3450	6
3451	8
3452	7
3453	4
3454	9
3455	10
3456	1
3457	11
3458	4
3459	10
3460	7
3461	8
3462	4
3463	9
3464	4
3465	9
3466	3
3467	3
3468	7
3469	5
3470	9
3471	6
3472	3
3473	4
3474	9
3475	10
3476	4
3477	5
3478	4
3479	6
3480	4
3481	5
3482	13
3483	6
3484	6
3485	5
3486	7
3487	8
3488	4
3489	8
3490	9
3491	8
3492	10
3493	5
3494	8
3495	9
3496	6
3497	4
3498	7
3499	10
3500	3
3501	7
3502	9
3503	3
3504	8
3505	8
3506	4
3507	7
3508	3
3509	6
3510	7
3511	9
3512	8
3513	5
3514	4
3515	9
3516	3
3517	9
3518	5
3519	10
3520	4
3521	6
3522	7
3523	3
3524	8
3525	3
3526	8
3527	11
3528	7
3529	6
3530	6
3531	7
3532	18
3533	6
3534	8
3535	10
3536	7
3537	3
3538	10
3539	7
3540	7
3541	5
3542	3
3543	7
3544	9
3545	11
3546	3
3547	8
3548	11
3549	6
3550	4
3551	3
3552	8
3553	10
3554	7
3555	5
3556	7
3557	10
3558	7
3559	4
3560	4
3561	9
3562	8
3563	6
3564	9
3565	8
3566	4
3567	6
3568	5
3569	9
3570	5
3571	10
3572	10
3573	11
3574	5
3575	10
3576	6
3577	3
3578	3
3579	8
3580	9
3581	6
3582	3
3583	2
3584	7
3585	9
3586	3
3587	5
3588	6
3589	3
3590	2
3591	5
3592	10
3593	4
3594	7
3595	8
3596	6
3597	5
3598	6
3599	10
3600	4
3601	8
3602	9
3603	3
3604	3
3605	5
3606	3
3607	6
3608	7
3609	12
3610	4
3611	3
3612	2
3613	7
3614	7
3615	5
3616	11
3617	6
3618	4
3619	9
3620	6
3621	7
3622	7
3623	5
3624	7
3625	11
3626	3
3627	5
3628	6
3629	9
3630	7
3631	6
3632	5
3633	3
3634	8
3635	7
3636	5
3637	6
3638	1
3639	8
3640	10
3641	6
3642	5
3643	10
3644	9
3645	5
3646	8
3647	12
3648	5
3649	4
3650	6
3651	9
3652	8
3653	8
3654	8
3655	5
3656	5
3657	13
3658	11
3659	1
3660	5
3661	8
3662	6
3663	5
3664	11
3665	7
3666	6
3667	7
3668	3
3669	12
3670	3
3671	7
3672	5
3673	2
3674	12
3675	8
3676	4
3677	7
3678	5
3679	4
3680	13
3681	4
3682	9
3683	8
3684	7
3685	4
3686	8
3687	5
3688	3
3689	5
3690	6
3691	6
3692	4
3693	3
3694	7
3695	3
3696	10
3697	5
3698	4
3699	6
3700	3
3701	10
3702	6
3703	8
3704	6
3705	10
3706	8
3707	5
3708	5
3709	10
3710	5
3711	4
3712	5
3713	4
3714	6
3715	8
3716	10
3717	8
3718	6
3719	9
3720	5
3721	2
3722	5
3723	7
3724	5
3725	8
3726	7
3727	6
3728	8
3729	4
3730	9
3731	6
3732	10
3733	5
3734	10
3735	6
3736	7
3737	7
3738	9
3739	11
3740	5
3741	9
3742	7
3743	9
3744	7
3745	7
3746	8
3747	6
3748	6
3749	8
3750	8
3751	11
3752	9
3753	8
3754	10
3755	6
3756	8
3757	9
3758	11
3759	3
3760	8
3761	7
3762	6
3763	3
3764	4
3765	5
3766	4
3767	5
3768	6
3769	10
3770	3
3771	6
3772	8
3773	7
3774	6
3775	1
3776	2
3777	4
3778	10
3779	6
3780	8
3781	8
3782	6
3783	4
3784	3
3785	2
3786	14
3787	5
3788	7
3789	5
3790	10
3791	4
3792	6
3793	10
3794	7
3795	4
3796	6
3797	7
3798	3
3799	5
3800	8
3801	11
3802	5
3803	9
3804	8
3805	9
3806	6
3807	13
3808	4
3809	13
3810	6
3811	8
3812	4
3813	3
3814	6
3815	7
3816	7
3817	9
3818	2
3819	6
3820	2
3821	4
3822	6
3823	5
3824	5
3825	3
3826	11
3827	9
3828	6
3829	3
3830	10
3831	9
3832	8
3833	7
3834	4
3835	4
3836	5
3837	8
3838	5
3839	10
3840	5
3841	5
3842	6
3843	10
3844	3
3845	10
3846	8
3847	5
3848	8
3849	11
3850	3
3851	6
3852	5
3853	7
3854	5
3855	6
3856	9
3857	5
3858	3
3859	3
3860	4
3861	1
3862	2
3863	5
3864	7
3865	5
3866	5
3867	7
3868	6
3869	5
3870	7
3871	5
3872	4
3873	4
3874	7
3875	5
3876	3
3877	3
3878	7
3879	4
3880	4
3881	5
3882	8
3883	2
3884	7
3885	10
3886	5
3887	8
3888	7
3889	7
3890	3
3891	3
3892	11
3893	6
3894	3
3895	11
3896	4
3897	8
3898	9
3899	5
3900	4
3901	7
3902	7
3903	7
3904	5
3905	6
3906	9
3907	10
3908	2
3909	5
3910	5
3911	9
3912	3
3913	3
3914	8
3915	6
3916	6
3917	2
3918	2
3919	7
3920	1
3921	4
3922	5
3923	7
3924	7
3925	7
3926	3
3927	5
3928	4
3929	10
3930	3
3931	8
3932	6
3933	3
3934	8
3935	7
3936	1
3937	8
3938	5
3939	4
3940	3
3941	4
3942	7
3943	5
3944	6
3945	9
3946	6
3947	2
3948	4
3949	5
3950	9
3951	7
3952	7
3953	5
3954	8
3955	5
3956	9
3957	7
3958	11
3959	5
3960	3
3961	6
3962	9
3963	9
3964	6
3965	3
3966	7
3967	5
3968	3
3969	7
3970	5
3971	5
3972	5
3973	7
3974	6
3975	1
3976	4
3977	2
3978	4
3979	7
3980	12
3981	9
3982	6
3983	6
3984	8
3985	5
3986	3
3987	7
3988	3
3989	3
3990	7
3991	9
3992	4
3993	6
3994	4
3995	5
3996	8
3997	9
3998	8
3999	8
4000	6
4001	13
4002	8
4003	9
4004	6
4005	10
4006	7
4007	5
4008	5
4009	7
4010	2
4011	4
4012	8
4013	4
4014	5
4015	9
4016	6
4017	5
4018	6
4019	2
4020	1
4021	5
4022	8
4023	9
4024	7
4025	8
4026	8
4027	3
4028	8
4029	11
4030	7
4031	8
4032	8
4033	9
4034	8
4035	4
4036	16
4037	3
4038	9
4039	7
4040	9
4041	8
4042	7
4043	3
4044	7
4045	8
4046	10
4047	1
4048	7
4049	3
4050	11
4051	4
4052	10
4053	7
4054	9
4055	9
4056	16
4057	8
4058	12
4059	9
4060	5
4061	7
4062	9
4063	7
4064	3
4065	6
4066	11
4067	8
4068	8
4069	4
4070	9
4071	7
4072	8
4073	5
4074	7
4075	12
4076	9
4077	6
4078	6
4079	13
4080	6
4081	10
4082	8
4083	7
4084	13
4085	7
4086	9
4087	8
4088	8
4089	7
4090	12
4091	6
4092	8
4093	5
4094	10
4095	7
4096	13
4097	8
4098	7
4099	15
4100	5
4101	10
4102	7
4103	9
4104	10
4105	5
4106	11
4107	8
4108	10
4109	6
4110	8
4111	10
4112	8
4113	7
4114	8
4115	7
4116	10
4117	13
4118	9
4119	7
4120	9
4121	8
4122	11
4123	3
4124	8
4125	9
4126	6
4127	13
4128	7
4129	9
4130	12
4131	8
4132	6
4133	9
4134	13
4135	7
4136	8
4137	6
4138	8
4139	8
4140	8
4141	8
4142	12
4143	7
4144	5
4145	7
4146	9
4147	9
4148	8
4149	11
4150	15
4151	11
4152	9
4153	10
4154	8
4155	10
4156	11
4157	9
4158	9
4159	13
4160	4
4161	10
4162	4
4163	10
4164	5
4165	8
4166	9
4167	5
4168	8
4169	6
4170	4
4171	9
4172	8
4173	12
4174	4
4175	9
4176	5
4177	9
4178	6
4179	4
4180	11
4181	12
4182	9
4183	8
4184	9
4185	7
4186	8
4187	4
4188	7
4189	11
4190	12
4191	6
4192	13
4193	9
4194	15
4195	7
4196	3
4197	10
4198	12
4199	11
4200	9
4201	12
4202	10
4203	8
4204	2
4205	11
4206	8
4207	9
4208	3
4209	7
4210	9
4211	12
4212	6
4213	2
4214	3
4215	7
4216	5
4217	6
4218	4
4219	10
4220	12
4221	13
4222	9
4223	11
4224	7
4225	12
4226	7
4227	8
4228	8
4229	13
4230	9
4231	10
4232	6
4233	8
4234	11
4235	11
4236	16
4237	7
4238	3
4239	10
4240	9
4241	8
4242	7
4243	6
4244	5
4245	5
4246	8
4247	7
4248	11
4249	12
4250	3
4251	11
4252	7
4253	7
4254	5
4255	14
4256	14
4257	12
4258	7
4259	6
4260	11
4261	7
4262	11
4263	4
4264	8
4265	8
4266	11
4267	8
4268	12
4269	10
4270	8
4271	3
4272	6
4273	4
4274	5
4275	11
4276	7
4277	6
4278	5
4279	5
4280	8
4281	9
4282	9
4283	8
4284	9
4285	9
4286	13
4287	12
4288	7
4289	5
4290	7
4291	6
4292	15
4293	11
4294	15
4295	14
4296	5
4297	4
4298	11
4299	10
4300	11
4301	9
4302	12
4303	8
4304	3
4305	13
4306	9
4307	10
4308	12
4309	13
4310	6
4311	11
4312	6
4313	8
4314	12
4315	6
4316	10
4317	7
4318	9
4319	10
4320	7
4321	14
4322	14
4323	4
4324	9
4325	9
4326	13
4327	6
4328	12
4329	8
4330	15
4331	18
4332	12
4333	11
4334	16
4335	12
4336	8
4337	8
4338	11
4339	18
4340	7
4341	13
4342	8
4343	13
4344	9
4345	11
4346	13
4347	13
4348	10
4349	10
4350	10
4351	19
4352	18
4353	12
4354	12
4355	6
4356	15
4357	15
4358	10
4359	8
4360	17
4361	6
4362	12
4363	14
4364	11
4365	14
4366	9
4367	8
4368	11
4369	8
4370	11
4371	10
4372	8
4373	17
4374	3
4375	7
4376	7
4377	11
4378	12
4379	7
4380	20
4381	8
4382	8
4383	7
4384	11
4385	9
4386	13
4387	10
4388	9
4389	16
4390	12
4391	8
4392	4
4393	7
4394	8
4395	11
4396	15
4397	14
4398	12
4399	9
4400	11
4401	10
4402	11
4403	6
4404	6
4405	6
4406	14
4407	6
4408	14
4409	7
4410	12
4411	12
4412	14
4413	13
4414	5
4415	7
4416	8
4417	14
4418	6
4419	11
4420	11
4421	10
4422	11
4423	10
4424	11
4425	12
4426	10
4427	7
4428	7
4429	9
4430	7
4431	9
4432	10
4433	11
4434	15
4435	12
4436	9
4437	9
4438	12
4439	7
4440	5
4441	13
4442	8
4443	9
4444	14
4445	12
4446	11
4447	8
4448	6
4449	10
4450	7
4451	6
4452	9
4453	4
4454	10
4455	9
4456	7
4457	12
4458	9
4459	15
4460	9
4461	17
4462	5
4463	7
4464	14
4465	8
4466	5
4467	6
4468	12
4469	2
4470	13
4471	11
4472	6
4473	9
4474	13
4475	11
4476	13
4477	6
4478	8
4479	10
4480	6
4481	8
4482	14
4483	7
4484	10
4485	9
4486	17
4487	8
4488	8
4489	10
4490	10
4491	13
4492	6
4493	11
4494	7
4495	6
4496	9
4497	12
4498	12
4499	8
4500	4
4501	14
4502	9
4503	16
4504	15
4505	8
4506	6
4507	9
4508	7
4509	7
4510	10
4511	17
4512	11
4513	7
4514	10
4515	9
4516	16
4517	15
4518	6
4519	6
4520	13
4521	14
4522	8
4523	6
4524	12
4525	13
4526	9
4527	9
4528	18
4529	11
4530	5
4531	7
4532	11
4533	6
4534	10
4535	10
4536	10
4537	7
4538	5
4539	13
4540	11
4541	10
4542	7
4543	9
4544	15
4545	10
4546	9
4547	7
4548	9
4549	6
4550	8
4551	14
4552	13
4553	16
4554	8
4555	5
4556	12
4557	7
4558	13
4559	6
4560	8
4561	7
4562	5
4563	15
4564	13
4565	7
4566	6
4567	10
4568	11
4569	3
4570	10
4571	5
4572	5
4573	7
4574	4
4575	10
4576	3
4577	11
4578	7
4579	5
4580	14
4581	10
4582	4
4583	5
4584	9
4585	13
4586	12
4587	11
4588	9
4589	8
4590	12
4591	9
4592	12
4593	7
4594	8
4595	19
4596	11
4597	11
4598	7
4599	9
4600	12
4601	11
4602	16
4603	20
4604	11
4605	13
4606	7
4607	11
4608	13
4609	16
4610	8
4611	22
4612	13
4613	11
4614	11
4615	10
4616	11
4617	11
4618	19
4619	12
4620	9
4621	8
4622	16
4623	13
4624	7
4625	11
4626	8
4627	12
4628	15
4629	11
4630	10
4631	9
4632	13
4633	11
4634	15
4635	13
4636	9
4637	10
4638	7
4639	18
4640	8
4641	16
4642	11
4643	13
4644	9
4645	12
4646	9
4647	14
4648	11
4649	9
4650	14
4651	16
4652	7
4653	11
4654	13
4655	11
4656	15
4657	8
4658	10
4659	10
4660	8
4661	9
4662	12
4663	15
4664	10
4665	13
4666	10
4667	15
4668	10
4669	18
4670	11
4671	5
4672	12
4673	9
4674	15
4675	13
4676	14
4677	12
4678	13
4679	14
4680	17
4681	9
4682	11
4683	15
4684	11
4685	9
4686	11
4687	12
4688	8
4689	9
4690	17
4691	9
4692	10
4693	13
4694	14
4695	14
4696	10
4697	15
4698	16
4699	12
4700	11
4701	12
4702	14
4703	11
4704	13
4705	10
4706	12
4707	26
4708	12
4709	18
4710	12
4711	13
4712	15
4713	11
4714	16
4715	6
4716	9
4717	8
4718	14
4719	18
4720	14
4721	12
4722	10
4723	20
4724	7
4725	7
4726	7
4727	17
4728	15
4729	8
4730	20
4731	8
4732	12
4733	14
4734	12
4735	12
4736	15
4737	14
4738	18
4739	13
4740	7
4741	10
4742	13
4743	10
4744	6
4745	11
4746	10
4747	12
4748	11
4749	14
4750	16
4751	4
4752	8
4753	16
4754	12
4755	9
4756	10
4757	16
4758	9
4759	10
4760	9
4761	16
4762	12
4763	11
4764	5
4765	12
4766	15
4767	14
4768	10
4769	8
4770	6
4771	10
4772	11
4773	13
4774	10
4775	6
4776	7
4777	13
4778	12
4779	9
4780	12
4781	5
4782	5
4783	14
4784	8
4785	8
4786	13
4787	13
4788	13
4789	12
4790	10
4791	9
4792	9
4793	11
4794	8
4795	13
4796	10
4797	8
4798	13
4799	10
4800	8
4801	5
4802	5
4803	20
4804	8
4805	12
4806	10
4807	9
4808	9
4809	11
4810	10
4811	8
4812	12
4813	10
4814	8
4815	10
4816	9
4817	13
4818	15
4819	12
4820	7
4821	9
4822	15
4823	14
4824	11
4825	10
4826	9
4827	12
4828	13
4829	8
4830	12
4831	13
4832	9
4833	9
4834	19
4835	8
4836	10
4837	17
4838	11
4839	12
4840	14
4841	17
4842	5
4843	12
4844	11
4845	9
4846	9
4847	8
4848	9
4849	5
4850	9
4851	11
4852	3
4853	10
4854	10
4855	9
4856	8
4857	6
4858	10
4859	14
4860	10
4861	9
4862	10
4863	3
4864	9
4865	4
4866	6
4867	11
4868	5
4869	7
4870	9
4871	6
4872	8
4873	10
4874	6
4875	10
4876	8
4877	4
4878	9
4879	12
4880	3
4881	4
4882	6
4883	12
4884	4
4885	17
4886	9
4887	3
4888	4
4889	7
4890	7
4891	10
4892	5
4893	4
4894	12
4895	7
4896	4
4897	6
4898	9
4899	8
4900	11
4901	13
4902	12
4903	9
4904	7
4905	12
4906	10
4907	6
4908	5
4909	11
4910	8
4911	5
4912	5
4913	7
4914	4
4915	10
4916	11
4917	9
4918	12
4919	18
4920	8
4921	10
4922	4
4923	12
4924	9
4925	8
4926	9
4927	9
4928	14
4929	2
4930	7
4931	6
4932	7
4933	2
4934	9
4935	10
4936	15
4937	6
4938	2
4939	11
4940	12
4941	13
4942	6
4943	6
4944	11
4945	9
4946	5
4947	3
4948	14
4949	7
4950	10
4951	9
4952	8
4953	11
4954	6
4955	16
4956	14
4957	6
4958	10
4959	9
4960	7
4961	7
4962	14
4963	8
4964	11
4965	6
4966	10
4967	8
4968	8
4969	3
4970	8
4971	6
4972	9
4973	10
4974	18
4975	8
4976	4
4977	8
4978	10
4979	9
4980	10
4981	5
4982	4
4983	7
4984	5
4985	12
4986	4
4987	5
4988	6
4989	7
4990	6
4991	6
4992	7
4993	4
4994	3
4995	7
4996	2
4997	6
4998	7
4999	4
5000	6
5001	8
5002	5
5003	9
5004	11
5005	4
5006	4
5007	8
5008	3
5009	5
5010	5
5011	3
5012	6
5013	4
5014	6
5015	5
5016	6
5017	4
5018	5
5019	5
5020	4
5021	5
5022	7
5023	6
5024	4
5025	3
5026	9
5027	6
5028	3
5029	5
5030	8
5031	6
5032	11
5033	5
5034	9
5035	6
5036	6
5037	2
5038	7
5039	7
5040	10
5041	8
5042	7
5043	7
5044	6
5045	7
5046	4
5047	3
5048	9
5049	4
5050	1
5051	5
5052	7
5053	2
5054	5
5055	4
5056	8
5057	5
5058	7
5059	4
5060	8
5061	10
5062	7
5063	7
5064	5
5065	2
5066	4
5067	3
5068	8
5069	1
5070	3
5071	7
5072	3
5073	6
5074	6
5075	5
5076	7
5077	5
5078	5
5079	5
5080	5
5081	5
5082	8
5083	8
5084	5
5085	8
5086	7
5087	1
5088	4
5089	9
5090	6
5091	6
5092	3
5093	4
5094	2
5095	6
5096	1
5097	7
5098	5
5099	2
5100	9
5101	1
5102	6
5103	2
5104	7
5105	0
5106	4
5107	5
5108	4
5109	3
5110	6
5111	8
5112	5
5113	5
5114	9
5115	8
5116	2
5117	6
5118	5
5119	3
5120	8
5121	5
5122	12
5123	6
5124	6
5125	6
5126	3
5127	9
5128	5
5129	4
5130	5
5131	3
5132	2
5133	3
5134	4
5135	4
5136	8
5137	3
5138	3
5139	8
5140	4
5141	9
5142	3
5143	4
5144	5
5145	2
5146	3
5147	1
5148	4
5149	4
5150	2
5151	6
5152	3
5153	2
5154	3
5155	3
5156	8
5157	5
5158	1
5159	4
5160	6
5161	3
5162	2
5163	3
5164	3
5165	3
5166	2
5167	6
5168	4
5169	4
5170	2
5171	3
5172	4
5173	5
5174	2
5175	3
5176	4
5177	3
5178	2
5179	3
5180	5
5181	3
5182	2
5183	2
5184	6
5185	4
5186	4
5187	2
5188	4
5189	4
5190	4
5191	2
5192	2
5193	1
5194	4
5195	4
5196	5
5197	4
5198	7
5199	3
5200	1
5201	4
5202	8
5203	3
5204	7
5205	8
5206	2
5207	4
5208	4
5209	2
5210	7
5211	5
5212	6
5213	6
5214	4
5215	1
5216	2
5217	3
5218	8
5219	4
5220	3
5221	4
5222	2
5223	4
5224	6
5225	3
5226	1
5227	3
5228	5
5229	5
5230	5
5231	5
5232	1
5233	5
5234	3
5235	2
5236	9
5237	8
5238	5
5239	5
5240	7
5241	6
5242	4
5243	2
5244	4
5245	1
5246	3
5247	2
5248	3
5249	1
5250	4
5251	0
5252	6
5253	3
5254	3
5255	5
5256	2
5257	1
5258	2
5259	0
5260	1
5261	3
5262	7
5263	2
5264	3
5265	4
5266	2
5267	5
5268	1
5269	1
5270	1
5271	1
5272	3
5273	3
5274	6
5275	6
5276	3
5277	3
5278	1
5279	6
5280	4
5281	2
5282	4
5283	4
5284	2
5285	1
5286	1
5287	2
5288	4
5289	0
5290	2
5291	3
5292	2
5293	5
5294	3
5295	3
5296	1
5297	3
5298	4
5299	6
5300	1
5301	5
5302	0
5303	3
5304	1
5305	3
5306	3
5307	2
5308	5
5309	1
5310	2
5311	3
5312	5
5313	1
5314	0
5315	2
5316	4
5317	0
5318	6
5319	5
5320	2
5321	0
5322	4
5323	3
5324	5
5325	5
5326	4
5327	2
5328	3
5329	2
5330	1
5331	0
5332	3
5333	4
5334	2
5335	5
5336	2
5337	1
5338	1
5339	2
5340	4
5341	1
5342	2
5343	3
5344	2
5345	7
5346	3
5347	3
5348	3
5349	1
5350	3
5351	3
5352	2
5353	7
5354	2
5355	3
5356	2
5357	0
5358	3
5359	0
5360	2
5361	0
5362	3
5363	3
5364	2
5365	2
5366	3
5367	3
5368	3
5369	1
5370	2
5371	2
5372	2
5373	1
5374	6
5375	2
5376	0
5377	3
5378	1
5379	0
5380	2
5381	2
5382	3
5383	0
5384	1
5385	2
5386	2
5387	5
5388	0
5389	3
5390	3
5391	2
5392	0
5393	2
5394	4
5395	0
5396	4
5397	1
5398	0
5399	1
5400	6
5401	1
5402	3
5403	3
5404	2
5405	5
5406	2
5407	1
5408	3
5409	1
5410	4
5411	3
5412	2
5413	2
5414	4
5415	2
5416	2
5417	3
5418	0
5419	2
5420	2
5421	5
5422	5
5423	3
5424	1
5425	0
5426	2
5427	2
5428	4
5429	1
5430	2
5431	2
5432	2
5433	4
5434	4
5435	5
5436	5
5437	2
5438	2
5439	3
5440	1
5441	2
5442	3
5443	3
5444	4
5445	0
5446	2
5447	1
5448	2
5449	1
5450	3
5451	1
5452	1
5453	2
5454	3
5455	0
5456	5
5457	2
5458	2
5459	3
5460	5
5461	2
5462	2
5463	1
5464	1
5465	1
5466	5
5467	3
5468	2
5469	0
5470	2
5471	0
5472	2
5473	1
5474	1
5475	2
5476	3
5477	1
5478	2
5479	3
5480	1
5481	2
5482	2
5483	0
5484	1
5485	1
5486	1
5487	2
5488	1
5489	0
5490	4
5491	2
5492	1
5493	0
5494	1
5495	0
5496	0
5497	1
5498	2
5499	2
5500	1
5501	2
5502	1
5503	5
5504	1
5505	1
5506	0
5507	3
5508	2
5509	0
5510	1
5511	3
5512	4
5513	2
5514	0
5515	4
5516	3
5517	1
5518	4
5519	2
5520	2
5521	3
5522	3
5523	1
5524	4
5525	2
5526	1
5527	1
5528	1
5529	1
5530	2
5531	1
5532	0
5533	3
5534	3
5535	5
5536	1
5537	3
5538	4
5539	0
5540	1
5541	1
5542	1
5543	3
5544	0
5545	1
5546	2
5547	1
5548	2
5549	5
5550	2
5551	1
5552	2
5553	3
5554	2
5555	2
5556	4
5557	2
5558	3
5559	1
5560	1
5561	1
5562	4
5563	1
5564	2
5565	1
5566	2
5567	4
5568	1
5569	1
5570	3
5571	2
5572	1
5573	3
5574	1
5575	4
5576	4
5577	1
5578	3
5579	1
5580	2
5581	1
5582	2
5583	5
5584	1
5585	4
5586	2
5587	5
5588	4
5589	2
5590	5
5591	1
5592	0
5593	2
5594	2
5595	0
5596	1
5597	4
5598	4
5599	4
5600	1
5601	2
5602	2
5603	2
5604	1
5605	1
5606	2
5607	2
5608	2
5609	3
5610	4
5611	1
5612	5
5613	4
5614	3
5615	3
5616	0
5617	2
5618	3
5619	2
5620	1
5621	3
5622	1
5623	1
5624	1
5625	1
5626	2
5627	0
5628	1
5629	3
5630	1
5631	1
5632	4
5633	1
5634	0
5635	5
5636	1
5637	3
5638	2
5639	3
5640	3
5641	0
5642	2
5643	4
5644	1
5645	1
5646	0
5647	2
5648	2
5649	1
5650	4
5651	4
5652	1
5653	3
5654	1
5655	4
5656	1
5657	2
5658	1
5659	2
5660	1
5661	2
5662	2
5663	2
5664	3
5665	6
5666	3
5667	4
5668	5
5669	3
5670	2
5671	4
5672	2
5673	3
5674	2
5675	3
5676	3
5677	1
5678	1
5679	2
5680	3
5681	2
5682	2
5683	4
5684	2
5685	4
5686	2
5687	1
5688	3
5689	1
5690	4
5691	3
5692	3
5693	4
5694	1
5695	6
5696	2
5697	0
5698	2
5699	3
5700	1
5701	2
5702	1
5703	2
5704	0
5705	4
5706	3
5707	4
5708	2
5709	6
5710	0
5711	1
5712	2
5713	3
5714	2
5715	2
5716	2
5717	4
5718	4
5719	3
5720	4
5721	2
5722	1
5723	2
5724	3
5725	4
5726	1
5727	0
5728	0
5729	4
5730	4
5731	4
5732	1
5733	1
5734	4
5735	2
5736	4
5737	4
5738	2
5739	2
5740	2
5741	3
5742	1
5743	2
5744	2
5745	2
5746	2
5747	0
5748	1
5749	1
5750	2
5751	2
5752	2
5753	2
5754	2
5755	2
5756	3
5757	5
5758	1
5759	2
5760	2
5761	3
5762	3
5763	4
5764	4
5765	2
5766	3
5767	0
5768	4
5769	2
5770	2
5771	0
5772	3
5773	4
5774	2
5775	2
5776	0
5777	1
5778	1
5779	2
5780	3
5781	2
5782	5
5783	1
5784	2
5785	0
5786	0
5787	5
5788	3
5789	4
5790	1
5791	1
5792	0
5793	1
5794	1
5795	2
5796	3
5797	2
5798	2
5799	2
5800	4
5801	3
5802	5
5803	1
5804	0
5805	2
5806	4
5807	1
5808	1
5809	2
5810	2
5811	4
5812	1
5813	1
5814	2
5815	3
5816	1
5817	3
5818	2
5819	4
5820	5
5821	1
5822	2
5823	3
5824	4
5825	0
5826	0
5827	2
5828	4
5829	1
5830	1
5831	2
5832	1
5833	3
5834	3
5835	3
5836	2
5837	2
5838	1
5839	1
5840	2
5841	2
5842	4
5843	0
5844	1
5845	4
5846	2
5847	3
5848	4
5849	1
5850	3
5851	3
5852	4
5853	3
5854	2
5855	1
5856	3
5857	3
5858	3
5859	2
5860	1
5861	1
5862	3
5863	1
5864	1
5865	4
5866	1
5867	3
5868	2
5869	2
5870	5
5871	2
5872	3
5873	3
5874	2
5875	3
5876	7
5877	0
5878	2
5879	2
5880	2
5881	4
5882	0
5883	1
5884	2
5885	0
5886	3
5887	1
5888	2
5889	0
5890	5
5891	2
5892	1
5893	0
5894	1
5895	1
5896	1
5897	3
5898	1
5899	2
5900	1
5901	2
5902	0
5903	2
5904	1
5905	2
5906	3
5907	1
5908	1
5909	2
5910	2
5911	1
5912	2
5913	0
5914	1
5915	4
5916	4
5917	2
5918	1
5919	3
5920	1
5921	0
5922	0
5923	3
5924	2
5925	2
5926	2
5927	2
5928	3
5929	1
5930	6
5931	2
5932	2
5933	3
5934	3
5935	1
5936	1
5937	2
5938	2
5939	0
5940	3
5941	1
5942	0
5943	3
5944	2
5945	2
5946	1
5947	2
5948	3
5949	1
5950	1
5951	5
5952	3
5953	8
5954	1
5955	1
5956	2
5957	2
5958	2
5959	3
5960	2
5961	0
5962	3
5963	0
5964	1
5965	4
5966	2
5967	0
5968	1
5969	0
5970	3
5971	1
5972	4
5973	4
5974	6
5975	4
5976	0
5977	1
5978	2
5979	3
5980	3
5981	2
5982	3
5983	2
5984	3
5985	2
5986	0
5987	3
5988	1
5989	1
5990	3
5991	0
5992	0
5993	3
5994	2
5995	2
5996	4
5997	2
5998	2
5999	2
6000	3
6001	1
6002	2
6003	2
6004	3
6005	3
6006	0
6007	1
6008	1
6009	4
6010	0
6011	5
6012	2
6013	3
6014	3
6015	2
6016	0
6017	2
6018	0
6019	3
6020	2
6021	3
6022	3
6023	1
6024	4
6025	0
6026	1
6027	1
6028	2
6029	5
6030	1
6031	2
6032	1
6033	1
6034	2
6035	4
6036	0
6037	1
6038	2
6039	2
6040	1
6041	2
6042	1
6043	2
6044	3
6045	1
6046	0
6047	1
6048	3
6049	2
6050	3
6051	1
6052	1
6053	1
6054	2
6055	4
6056	1
6057	2
6058	1
6059	1
6060	0
6061	3
6062	3
6063	0
6064	0
6065	0
6066	2
6067	0
6068	3
6069	2
6070	3
6071	1
6072	1
6073	1
6074	1
6075	2
6076	2
6077	3
6078	1
6079	1
6080	2
6081	2
6082	1
6083	2
6084	2
6085	1
6086	3
6087	1
6088	1
6089	3
6090	0
6091	3
6092	0
6093	1
6094	2
6095	5
6096	1
6097	2
6098	1
6099	3
6100	2
6101	1
6102	2
6103	1
6104	2
6105	1
6106	2
6107	1
6108	2
6109	3
6110	1
6111	1
6112	0
6113	1
6114	3
6115	0
6116	2
6117	0
6118	1
6119	5
6120	3
6121	0
6122	3
6123	1
6124	3
6125	3
6126	1
6127	2
6128	1
6129	1
6130	0
6131	3
6132	2
6133	3
6134	2
6135	1
6136	2
6137	2
6138	3
6139	0
6140	4
6141	2
6142	5
6143	1
6144	2
6145	4
6146	1
6147	1
6148	3
6149	8
6150	1
6151	3
6152	0
6153	1
6154	1
6155	0
6156	4
6157	2
6158	1
6159	4
6160	1
6161	3
6162	0
6163	2
6164	1
6165	3
6166	3
6167	0
6168	1
6169	0
6170	4
6171	3
6172	3
6173	1
6174	1
6175	0
6176	2
6177	0
6178	2
6179	2
6180	4
6181	6
6182	5
6183	0
6184	1
6185	2
6186	4
6187	4
6188	3
6189	0
6190	2
6191	3
6192	0
6193	0
6194	1
6195	1
6196	3
6197	2
6198	3
6199	3
6200	1
6201	4
6202	2
6203	3
6204	1
6205	3
6206	2
6207	1
6208	1
6209	0
6210	1
6211	4
6212	3
6213	1
6214	1
6215	2
6216	1
6217	2
6218	2
6219	0
6220	6
6221	0
6222	5
6223	5
6224	2
6225	1
6226	3
6227	1
6228	3
6229	1
6230	5
6231	3
6232	1
6233	2
6234	0
6235	2
6236	3
6237	3
6238	3
6239	2
6240	3
6241	0
6242	3
6243	1
6244	4
6245	2
6246	1
6247	2
6248	2
6249	4
6250	0
6251	3
6252	0
6253	1
6254	2
6255	6
6256	1
6257	1
6258	1
6259	1
6260	4
6261	1
6262	2
6263	1
6264	1
6265	3
6266	1
6267	0
6268	0
6269	0
6270	3
6271	0
6272	2
6273	2
6274	1
6275	2
6276	1
6277	2
6278	2
6279	1
6280	1
6281	0
6282	1
6283	1
6284	2
6285	2
6286	1
6287	0
6288	1
6289	3
6290	0
6291	4
6292	1
6293	1
6294	2
6295	2
6296	4
6297	1
6298	0
6299	3
6300	0
6301	3
6302	2
6303	1
6304	1
6305	0
6306	0
6307	1
6308	0
6309	2
6310	1
6311	2
6312	1
6313	4
6314	4
6315	0
6316	1
6317	1
6318	4
6319	0
6320	3
6321	0
6322	1
6323	0
6324	0
6325	0
6326	1
6327	0
6328	2
6329	3
6330	2
6331	0
6332	1
6333	1
6334	4
6335	1
6336	0
6337	2
6338	0
6339	3
6340	0
6341	1
6342	3
6343	2
6344	0
6345	4
6346	3
6347	3
6348	0
6349	0
6350	0
6351	2
6352	0
6353	1
6354	1
6355	1
6356	3
6357	1
6358	3
6359	1
6360	1
6361	2
6362	1
6363	1
6364	3
6365	0
6366	2
6367	4
6368	3
6369	3
6370	2
6371	1
6372	0
6373	1
6374	1
6375	1
6376	5
6377	2
6378	2
6379	0
6380	1
6381	1
6382	0
6383	2
6384	0
6385	0
6386	0
6387	1
6388	1
6389	0
6390	0
6391	2
6392	0
6393	2
6394	1
6395	4
6396	3
6397	2
6398	4
6399	2
6400	2
6401	2
6402	4
6403	1
6404	0
6405	1
6406	0
6407	0
6408	1
6409	2
6410	2
6411	1
6412	2
6413	1
6414	1
6415	1
6416	1
6417	1
6418	0
6419	2
6420	3
6421	4
6422	0
6423	0
6424	3
6425	3
6426	4
6427	0
6428	1
6429	3
6430	4
6431	2
6432	1
6433	1
6434	1
6435	0
6436	1
6437	2
6438	0
6439	2
6440	1
6441	1
6442	2
6443	2
6444	1
6445	1
6446	1
6447	2
6448	0
6449	2
6450	0
6451	2
6452	0
6453	0
6454	0
6455	3
6456	1
6457	1
6458	1
6459	1
6460	1
6461	1
6462	0
6463	0
6464	1
6465	0
6466	2
6467	1
6468	1
6469	4
6470	1
6471	1
6472	2
6473	1
6474	1
6475	0
6476	2
6477	3
6478	2
6479	2
6480	1
6481	2
6482	0
6483	2
6484	1
6485	2
6486	1
6487	0
6488	2
6489	0
6490	2
6491	2
6492	4
6493	3
6494	1
6495	1
6496	1
6497	2
6498	2
6499	0
6500	1
6501	1
6502	1
6503	3
6504	0
6505	0
6506	0
6507	0
6508	2
6509	0
6510	0
6511	1
6512	2
6513	1
6514	2
6515	0
6516	0
6517	1
6518	1
6519	2
6520	0
6521	1
6522	4
6523	1
6524	1
6525	3
6526	1
6527	1
6528	1
6529	3
6530	1
6531	2
6532	0
6533	0
6534	1
6535	3
6536	2
6537	1
6538	0
6539	2
6540	2
6541	2
6542	0
6543	1
6544	1
6545	1
6546	0
6547	2
6548	1
6549	1
6550	1
6551	0
6552	3
6553	1
6554	1
6555	0
6556	1
6557	0
6558	1
6559	0
6560	1
6561	3
6562	1
6563	2
6564	0
6565	1
6566	1
6567	1
6568	0
6569	2
6570	1
6571	2
6572	2
6573	3
6574	2
6575	2
6576	1
6577	1
6578	1
6579	2
6580	0
6581	1
6582	1
6583	3
6584	1
6585	1
6586	1
6587	1
6588	2
6589	2
6590	1
6591	0
6592	3
6593	1
6594	1
6595	0
6596	1
6597	0
6598	0
6599	0
6600	1
6601	1
6602	0
6603	0
6604	0
6605	1
6606	1
6607	1
6608	3
6609	1
6610	1
6611	1
6612	0
6613	2
6614	0
6615	1
6616	3
6617	3
6618	0
6619	0
6620	2
6621	3
6622	1
6623	2
6624	0
6625	0
6626	4
6627	0
6628	1
6629	2
6630	0
6631	1
6632	0
6633	1
6634	2
6635	2
6636	3
6637	1
6638	0
6639	0
6640	1
6641	1
6642	2
6643	0
6644	1
6645	0
6646	4
6647	2
6648	0
6649	2
6650	1
6651	1
6652	1
6653	1
6654	1
6655	1
6656	1
6657	0
6658	3
6659	1
6660	1
6661	0
6662	1
6663	2
6664	4
6665	1
6666	2
6667	2
6668	2
6669	1
6670	1
6671	2
6672	1
6673	2
6674	0
6675	1
6676	3
6677	1
6678	1
6679	1
6680	1
6681	0
6682	2
6683	0
6684	1
6685	1
6686	1
6687	1
6688	0
6689	0
6690	1
6691	2
6692	0
6693	2
6694	2
6695	2
6696	1
6697	2
6698	0
6699	0
6700	1
6701	3
6702	2
6703	3
6704	1
6705	1
6706	2
6707	1
6708	0
6709	0
6710	1
6711	1
6712	0
6713	1
6714	0
6715	0
6716	1
6717	1
6718	2
6719	0
6720	4
6721	2
6722	1
6723	0
6724	1
6725	2
6726	2
6727	0
6728	2
6729	2
6730	0
6731	2
6732	0
6733	0
6734	0
6735	1
6736	1
6737	1
6738	1
6739	3
6740	3
6741	1
6742	1
6743	2
6744	1
6745	1
6746	2
6747	0
6748	1
6749	0
6750	2
6751	1
6752	1
6753	0
6754	2
6755	1
6756	1
6757	1
6758	0
6759	4
6760	2
6761	1
6762	2
6763	1
6764	2
6765	1
6766	1
6767	0
6768	2
6769	1
6770	1
6771	2
6772	2
6773	1
6774	0
6775	0
6776	1
6777	1
6778	1
6779	2
6780	3
6781	2
6782	1
6783	2
6784	0
6785	5
6786	3
6787	2
6788	0
6789	3
6790	1
6791	2
6792	0
6793	0
6794	0
6795	1
6796	1
6797	3
6798	2
6799	1
6800	2
6801	1
6802	2
6803	0
6804	2
6805	3
6806	1
6807	1
6808	2
6809	0
6810	0
6811	1
6812	2
6813	3
6814	0
6815	1
6816	2
6817	0
6818	2
6819	3
6820	4
6821	2
6822	3
6823	0
6824	1
6825	4
6826	0
6827	2
6828	0
6829	1
6830	0
6831	2
6832	0
6833	0
6834	2
6835	2
6836	2
6837	1
6838	0
6839	0
6840	2
6841	2
6842	0
6843	2
6844	1
6845	3
6846	1
6847	2
6848	0
6849	2
6850	2
6851	1
6852	1
6853	2
6854	1
6855	2
6856	1
6857	0
6858	2
6859	0
6860	0
6861	1
6862	1
6863	0
6864	1
6865	2
6866	2
6867	2
6868	0
6869	0
6870	3
6871	2
6872	0
6873	4
6874	2
6875	1
6876	1
6877	0
6878	1
6879	1
6880	0
6881	0
6882	1
6883	3
6884	2
6885	2
6886	1
6887	2
6888	0
6889	1
6890	0
6891	1
6892	3
6893	5
6894	1
6895	3
6896	2
6897	2
6898	2
6899	3
6900	3
6901	1
6902	1
6903	3
6904	2
6905	2
6906	3
6907	4
6908	2
6909	1
6910	3
6911	2
6912	2
6913	2
6914	2
6915	2
6916	5
6917	0
6918	2
6919	0
6920	3
6921	1
6922	2
6923	5
6924	2
6925	4
6926	2
6927	1
6928	2
6929	2
6930	5
6931	1
6932	3
6933	1
6934	4
6935	2
6936	4
6937	0
6938	0
6939	3
6940	2
6941	0
6942	4
6943	4
6944	0
6945	1
6946	1
6947	1
6948	0
6949	2
6950	2
6951	1
6952	1
6953	0
6954	1
6955	2
6956	1
6957	2
6958	3
6959	2
6960	2
6961	2
6962	1
6963	4
6964	0
6965	1
6966	3
6967	1
6968	1
6969	3
6970	1
6971	3
6972	0
6973	4
6974	0
6975	3
6976	2
6977	2
6978	2
6979	1
6980	4
6981	2
6982	3
6983	2
6984	1
6985	4
6986	1
6987	1
6988	1
6989	2
6990	1
6991	2
6992	1
6993	2
6994	2
6995	0
6996	1
6997	2
6998	1
6999	1
7000	2
7001	2
7002	1
7003	3
7004	2
7005	2
7006	2
7007	1
7008	1
7009	1
7010	2
7011	2
7012	2
7013	3
7014	1
7015	1
7016	1
7017	2
7018	1
7019	1
7020	2
7021	1
7022	0
7023	2
7024	1
7025	1
7026	3
7027	0
7028	0
7029	2
7030	2
7031	0
7032	1
7033	2
7034	2
7035	2
7036	1
7037	3
7038	3
7039	2
7040	4
7041	1
7042	0
7043	0
7044	3
7045	0
7046	1
7047	2
7048	2
7049	0
7050	3
7051	3
7052	0
7053	1
7054	2
7055	0
7056	0
7057	1
7058	1
7059	1
7060	0
7061	2
7062	1
7063	0
7064	3
7065	2
7066	1
7067	0
7068	2
7069	3
7070	2
7071	0
7072	3
7073	1
7074	0
7075	1
7076	2
7077	1
7078	2
7079	1
7080	1
7081	1
7082	3
7083	3
7084	0
7085	3
7086	1
7087	2
7088	1
7089	2
7090	2
7091	0
7092	1
7093	1
7094	0
7095	1
7096	1
7097	2
7098	4
7099	0
7100	0
7101	1
7102	0
7103	1
7104	2
7105	0
7106	0
7107	2
7108	2
7109	1
7110	1
7111	2
7112	0
7113	1
7114	0
7115	1
7116	1
7117	0
7118	2
7119	1
7120	0
7121	2
7122	1
7123	1
7124	2
7125	4
7126	0
7127	0
7128	0
7129	4
7130	0
7131	0
7132	3
7133	0
7134	1
7135	0
7136	0
7137	0
7138	1
7139	2
7140	0
7141	2
7142	1
7143	3
7144	2
7145	3
7146	0
7147	3
7148	2
7149	1
7150	1
7151	0
7152	1
7153	1
7154	2
7155	0
7156	2
7157	2
7158	0
7159	0
7160	2
7161	0
7162	2
7163	1
7164	1
7165	1
7166	1
7167	3
7168	4
7169	0
7170	0
7171	0
7172	2
7173	0
7174	0
7175	3
7176	0
7177	0
7178	1
7179	2
7180	1
7181	0
7182	2
7183	1
7184	2
7185	0
7186	0
7187	1
7188	1
7189	1
7190	2
7191	2
7192	1
7193	2
7194	4
7195	2
7196	1
7197	2
7198	2
7199	0
7200	0
7201	1
7202	2
7203	0
7204	0
7205	1
7206	5
7207	2
7208	1
7209	0
7210	3
7211	2
7212	1
7213	2
7214	1
7215	2
7216	3
7217	0
7218	3
7219	1
7220	1
7221	0
7222	3
7223	0
7224	1
7225	1
7226	2
7227	3
7228	2
7229	0
7230	2
7231	4
7232	0
7233	2
7234	1
7235	0
7236	0
7237	1
7238	0
7239	0
7240	0
7241	1
7242	2
7243	2
7244	0
7245	1
7246	0
7247	3
7248	3
7249	0
7250	2
7251	1
7252	3
7253	0
7254	1
7255	0
7256	2
7257	2
7258	2
7259	0
7260	0
7261	0
7262	1
7263	2
7264	2
7265	0
7266	0
7267	2
7268	2
7269	0
7270	0
7271	1
7272	0
7273	3
7274	2
7275	1
7276	3
7277	2
7278	1
7279	2
7280	2
7281	1
7282	0
7283	1
7284	2
7285	5
7286	1
7287	1
7288	0
7289	0
7290	0
7291	0
7292	0
7293	1
7294	1
7295	3
7296	2
7297	2
7298	1
7299	0
7300	4
7301	1
7302	0
7303	3
7304	1
7305	1
7306	0
7307	2
7308	0
7309	0
7310	1
7311	2
7312	1
7313	1
7314	0
7315	3
7316	3
7317	3
7318	3
7319	1
7320	0
7321	2
7322	2
7323	5
7324	2
7325	1
7326	0
7327	0
7328	3
7329	2
7330	2
7331	0
7332	3
7333	0
7334	0
7335	1
7336	1
7337	2
7338	1
7339	1
7340	1
7341	3
7342	1
7343	1
7344	0
7345	1
7346	0
7347	1
7348	0
7349	0
7350	2
7351	1
7352	0
7353	1
7354	1
7355	2
7356	1
7357	1
7358	0
7359	0
7360	0
7361	4
7362	0
7363	0
7364	0
7365	0
7366	1
7367	0
7368	0
7369	0
7370	1
7371	5
7372	0
7373	1
7374	3
7375	0
7376	0
7377	0
7378	1
7379	2
7380	0
7381	1
7382	2
7383	1
7384	1
7385	1
7386	1
7387	0
7388	0
7389	1
7390	1
7391	3
7392	1
7393	2
7394	1
7395	1
7396	2
7397	0
7398	0
7399	0
7400	2
7401	0
7402	0
7403	1
7404	0
7405	3
7406	1
7407	0
7408	2
7409	0
7410	0
7411	2
7412	1
7413	0
7414	1
7415	2
7416	0
7417	1
7418	2
7419	0
7420	4
7421	1
7422	1
7423	2
7424	0
7425	3
7426	0
7427	0
7428	1
7429	0
7430	1
7431	2
7432	0
7433	0
7434	2
7435	2
7436	0
7437	1
7438	1
7439	0
7440	1
7441	2
7442	1
7443	2
7444	0
7445	2
7446	2
7447	2
7448	3
7449	1
7450	2
7451	1
7452	4
7453	0
7454	0
7455	3
7456	3
7457	2
7458	0
7459	2
7460	0
7461	1
7462	1
7463	1
7464	1
7465	0
7466	3
7467	1
7468	2
7469	0
7470	2
7471	1
7472	0
7473	3
7474	0
7475	0
7476	1
7477	1
7478	0
7479	0
7480	0
7481	1
7482	1
7483	1
7484	1
7485	1
7486	2
7487	1
7488	1
7489	1
7490	1
7491	1
7492	5
7493	0
7494	2
7495	2
7496	1
7497	0
7498	0
7499	0
7500	0
7501	3
7502	0
7503	3
7504	0
7505	2
7506	2
7507	0
7508	0
7509	1
7510	6
7511	1
7512	2
7513	3
7514	2
7515	2
7516	2
7517	1
7518	1
7519	2
7520	1
7521	2
7522	3
7523	1
7524	2
7525	1
7526	2
7527	1
7528	2
7529	1
7530	2
7531	0
7532	1
7533	1
7534	1
7535	1
7536	1
7537	1
7538	2
7539	1
7540	0
7541	0
7542	1
7543	1
7544	1
7545	1
7546	0
7547	1
7548	2
7549	2
7550	2
7551	0
7552	0
7553	1
7554	0
7555	1
7556	0
7557	1
7558	3
7559	1
7560	1
7561	1
7562	2
7563	0
7564	2
7565	0
7566	3
7567	0
7568	0
7569	0
7570	0
7571	1
7572	0
7573	0
7574	0
7575	3
7576	0
7577	1
7578	1
7579	1
7580	0
7581	2
7582	1
7583	0
7584	2
7585	0
7586	0
7587	0
7588	0
7589	1
7590	0
7591	1
7592	1
7593	1
7594	1
7595	2
7596	1
7597	0
7598	2
7599	1
7600	2
7601	0
7602	3
7603	1
7604	0
7605	3
7606	1
7607	1
7608	0
7609	2
7610	1
7611	0
7612	2
7613	1
7614	1
7615	1
7616	2
7617	2
7618	0
7619	1
7620	1
7621	1
7622	2
7623	1
7624	0
7625	0
7626	1
7627	2
7628	2
7629	1
7630	0
7631	1
7632	0
7633	2
7634	1
7635	1
7636	0
7637	2
7638	1
7639	0
7640	1
7641	1
7642	0
7643	1
7644	1
7645	1
7646	0
7647	1
7648	2
7649	2
7650	0
7651	2
7652	1
7653	0
7654	1
7655	2
7656	1
7657	2
7658	3
7659	0
7660	0
7661	0
7662	3
7663	1
7664	4
7665	0
7666	2
7667	0
7668	1
7669	0
7670	2
7671	2
7672	0
7673	2
7674	1
7675	0
7676	1
7677	1
7678	1
7679	0
7680	0
7681	1
7682	0
7683	3
7684	2
7685	5
7686	0
7687	1
7688	0
7689	1
7690	0
7691	2
7692	2
7693	3
7694	1
7695	2
7696	0
7697	0
7698	0
7699	2
7700	1
7701	1
7702	0
7703	0
7704	3
7705	1
7706	4
7707	0
7708	1
7709	0
7710	1
7711	0
7712	1
7713	2
7714	2
7715	3
7716	2
7717	0
7718	1
7719	4
7720	0
7721	0
7722	1
7723	2
7724	2
7725	0
7726	1
7727	0
7728	1
7729	1
7730	0
7731	0
7732	1
7733	2
7734	1
7735	1
7736	1
7737	2
7738	1
7739	2
7740	2
7741	0
7742	2
7743	1
7744	2
7745	1
7746	2
7747	1
7748	0
7749	3
7750	1
7751	0
7752	2
7753	0
7754	1
7755	0
7756	0
7757	2
7758	1
7759	1
7760	1
7761	1
7762	1
7763	0
7764	1
7765	1
7766	4
7767	1
7768	0
7769	3
7770	3
7771	1
7772	0
7773	1
7774	1
7775	4
7776	1
7777	0
7778	0
7779	0
7780	0
7781	0
7782	2
7783	0
7784	2
7785	0
7786	1
7787	2
7788	1
7789	1
7790	1
7791	0
7792	1
7793	1
7794	0
7795	2
7796	0
7797	0
7798	1
7799	1
7800	0
7801	2
7802	1
7803	1
7804	0
7805	2
7806	1
7807	2
7808	1
7809	3
7810	1
7811	2
7812	2
7813	0
7814	1
7815	0
7816	1
7817	2
7818	1
7819	2
7820	0
7821	0
7822	1
7823	1
7824	1
7825	1
7826	0
7827	0
7828	2
7829	0
7830	1
7831	1
7832	1
7833	0
7834	2
7835	1
7836	0
7837	2
7838	1
7839	1
7840	0
7841	1
7842	1
7843	1
7844	0
7845	1
7846	3
7847	1
7848	1
7849	0
7850	1
7851	3
7852	0
7853	0
7854	3
7855	0
7856	3
7857	4
7858	3
7859	0
7860	3
7861	0
7862	1
7863	1
7864	2
7865	1
7866	0
7867	0
7868	0
7869	1
7870	1
7871	1
7872	1
7873	2
7874	0
7875	1
7876	1
7877	2
7878	1
7879	0
7880	1
7881	1
7882	0
7883	2
7884	0
7885	1
7886	2
7887	2
7888	2
7889	2
7890	0
7891	0
7892	0
7893	3
7894	1
7895	1
7896	1
7897	0
7898	1
7899	0
7900	0
7901	0
7902	3
7903	2
7904	3
7905	0
7906	0
7907	0
7908	0
7909	2
7910	0
7911	0
7912	2
7913	0
7914	0
7915	0
7916	2
7917	2
7918	1
7919	1
7920	1
7921	0
7922	2
7923	2
7924	1
7925	0
7926	0
7927	1
7928	1
7929	1
7930	1
7931	0
7932	2
7933	0
7934	1
7935	3
7936	1
7937	0
7938	1
7939	2
7940	1
7941	1
7942	0
7943	3
7944	0
7945	0
7946	2
7947	2
7948	1
7949	2
7950	2
7951	2
7952	3
7953	0
7954	0
7955	2
7956	3
7957	1
7958	2
7959	0
7960	2
7961	1
7962	0
7963	2
7964	1
7965	1
7966	1
7967	1
7968	0
7969	0
7970	0
7971	1
7972	0
7973	0
7974	0
7975	2
7976	0
7977	2
7978	2
7979	0
7980	1
7981	0
7982	3
7983	1
7984	2
7985	0
7986	0
7987	3
7988	1
7989	1
7990	0
7991	1
7992	0
7993	0
7994	1
7995	1
7996	0
7997	0
7998	2
7999	1
8000	2
8001	0
8002	2
8003	2
8004	0
8005	0
8006	2
8007	0
8008	0
8009	1
8010	2
8011	2
8012	3
8013	3
8014	0
8015	0
8016	1
8017	0
8018	0
8019	1
8020	0
8021	0
8022	0
8023	0
8024	1
8025	1
8026	1
8027	2
8028	2
8029	0
8030	2
8031	0
8032	0
8033	1
8034	3
8035	0
8036	0
8037	0
8038	2
8039	2
8040	0
8041	0
8042	1
8043	1
8044	1
8045	0
8046	0
8047	0
8048	0
8049	1
8050	0
8051	1
8052	1
8053	1
8054	1
8055	1
8056	1
8057	1
8058	0
8059	2
8060	0
8061	2
8062	2
8063	1
8064	2
8065	1
8066	0
8067	1
8068	0
8069	1
8070	2
8071	2
8072	1
8073	0
8074	0
8075	0
8076	1
8077	1
8078	2
8079	1
8080	0
8081	0
8082	0
8083	1
8084	0
8085	3
8086	0
8087	0
8088	0
8089	0
8090	0
8091	2
8092	1
8093	1
8094	2
8095	0
8096	1
8097	1
8098	1
8099	2
8100	0
8101	2
8102	0
8103	1
8104	1
8105	1
8106	2
8107	0
8108	1
8109	2
8110	0
8111	4
8112	1
8113	1
8114	1
8115	0
8116	1
8117	1
8118	1
8119	1
8120	0
8121	1
8122	0
8123	2
8124	0
8125	2
8126	0
8127	1
8128	1
8129	0
8130	1
8131	1
8132	1
8133	1
8134	1
8135	0
8136	1
8137	2
8138	0
8139	0
8140	1
8141	0
8142	0
8143	1
8144	0
8145	0
8146	1
8147	1
8148	0
8149	0
8150	0
8151	0
8152	0
8153	0
8154	0
8155	3
8156	1
8157	2
8158	0
8159	0
8160	0
8161	0
8162	1
8163	0
8164	1
8165	3
8166	2
8167	1
8168	1
8169	0
8170	1
8171	0
8172	1
8173	1
8174	3
8175	0
8176	1
8177	4
8178	1
8179	0
8180	1
8181	2
8182	1
8183	0
8184	1
8185	1
8186	1
8187	1
8188	0
8189	0
8190	0
8191	1
8192	2
8193	0
8194	2
8195	1
8196	0
8197	0
8198	1
8199	0
8200	2
8201	1
8202	0
8203	2
8204	0
8205	0
8206	2
8207	1
8208	1
8209	2
8210	0
8211	0
8212	2
8213	3
8214	1
8215	0
8216	0
8217	1
8218	2
8219	0
8220	1
8221	0
8222	1
8223	0
8224	0
8225	1
8226	2
8227	0
8228	0
8229	0
8230	0
8231	0
8232	2
8233	1
8234	1
8235	1
8236	0
8237	1
8238	1
8239	1
8240	0
8241	1
8242	1
8243	3
8244	1
8245	2
8246	2
8247	2
8248	2
8249	0
8250	0
8251	0
8252	0
8253	0
8254	1
8255	2
8256	1
8257	2
8258	3
8259	2
8260	1
8261	1
8262	2
8263	0
8264	0
8265	0
8266	1
8267	2
8268	0
8269	2
8270	1
8271	2
8272	2
8273	1
8274	0
8275	0
8276	0
8277	1
8278	0
8279	3
8280	2
8281	0
8282	0
8283	2
8284	5
8285	0
8286	1
8287	1
8288	0
8289	1
8290	1
8291	1
8292	0
8293	0
8294	1
8295	0
8296	2
8297	1
8298	1
8299	1
8300	2
8301	1
8302	1
8303	1
8304	0
8305	0
8306	3
8307	1
8308	1
8309	1
8310	2
8311	1
8312	3
8313	2
8314	0
8315	1
8316	0
8317	0
8318	1
8319	3
8320	1
8321	1
8322	1
8323	0
8324	1
8325	0
8326	1
8327	1
8328	0
8329	0
8330	2
8331	0
8332	2
8333	2
8334	3
8335	1
8336	1
8337	0
8338	0
8339	0
8340	0
8341	1
8342	3
8343	0
8344	2
8345	3
8346	0
8347	0
8348	2
8349	1
8350	2
8351	1
8352	1
8353	1
8354	0
8355	0
8356	1
8357	0
8358	3
8359	0
8360	0
8361	0
8362	1
8363	2
8364	2
8365	1
8366	3
8367	1
8368	1
8369	1
8370	0
8371	3
8372	0
8373	2
8374	0
8375	2
8376	0
8377	1
8378	5
8379	1
8380	0
8381	1
8382	1
8383	1
8384	3
8385	1
8386	1
8387	1
8388	0
8389	0
8390	2
8391	2
8392	0
8393	2
8394	0
8395	0
8396	2
8397	1
8398	3
8399	1
8400	3
8401	1
8402	0
8403	1
8404	2
8405	0
8406	0
8407	0
8408	0
8409	1
8410	3
8411	1
8412	1
8413	0
8414	0
8415	2
8416	2
8417	0
8418	0
8419	0
8420	0
8421	2
8422	3
8423	0
8424	0
8425	0
8426	1
8427	2
8428	1
8429	2
8430	1
8431	2
8432	0
8433	0
8434	1
8435	0
8436	0
8437	1
8438	0
8439	1
8440	0
8441	0
8442	2
8443	1
8444	3
8445	1
8446	1
8447	1
8448	2
8449	1
8450	0
8451	2
8452	2
8453	3
8454	3
8455	1
8456	0
8457	0
8458	1
8459	2
8460	0
8461	0
8462	1
8463	2
8464	3
8465	1
8466	0
8467	1
8468	0
8469	3
8470	1
8471	0
8472	1
8473	0
8474	2
8475	0
8476	1
8477	3
8478	0
8479	2
8480	1
8481	1
8482	1
8483	0
8484	2
8485	1
8486	1
8487	1
8488	0
8489	0
8490	3
8491	1
8492	1
8493	0
8494	1
8495	1
8496	1
8497	2
8498	1
8499	0
8500	2
8501	1
8502	1
8503	1
8504	3
8505	0
8506	0
8507	1
8508	0
8509	0
8510	1
8511	3
8512	1
8513	0
8514	1
8515	0
8516	0
8517	1
8518	1
8519	3
8520	1
8521	1
8522	1
8523	0
8524	2
8525	1
8526	1
8527	1
8528	1
8529	0
8530	0
8531	0
8532	0
8533	0
8534	0
8535	1
8536	1
8537	0
8538	0
8539	1
8540	0
8541	1
8542	0
8543	1
8544	0
8545	0
8546	0
8547	2
8548	0
8549	1
8550	0
8551	1
8552	1
8553	1
8554	1
8555	1
8556	1
8557	0
8558	2
8559	1
8560	1
8561	1
8562	1
8563	1
8564	0
8565	1
8566	0
8567	0
8568	2
8569	0
8570	3
8571	0
8572	2
8573	4
8574	0
8575	0
8576	1
8577	0
8578	1
8579	0
8580	0
8581	0
8582	0
8583	1
8584	0
8585	4
8586	3
8587	0
8588	3
8589	0
8590	4
8591	4
8592	0
8593	2
8594	0
8595	0
8596	0
8597	2
8598	0
8599	0
8600	0
8601	1
8602	0
8603	1
8604	0
8605	0
8606	0
8607	3
8608	0
8609	2
8610	0
8611	1
8612	0
8613	0
8614	1
8615	1
8616	2
8617	1
8618	1
8619	0
8620	3
8621	0
8622	1
8623	3
8624	0
8625	0
8626	1
8627	3
8628	0
8629	1
8630	1
8631	0
8632	0
8633	0
8634	1
8635	1
8636	0
8637	0
8638	2
8639	0
8640	0
8641	0
8642	2
8643	1
8644	0
8645	0
8646	0
8647	4
8648	1
8649	0
8650	2
8651	1
8652	0
8653	0
8654	1
8655	1
8656	0
8657	0
8658	1
8659	1
8660	0
8661	0
8662	0
8663	2
8664	0
8665	0
8666	0
8667	1
8668	1
8669	1
8670	0
8671	2
8672	0
8673	3
8674	2
8675	2
8676	0
8677	0
8678	2
8679	0
8680	1
8681	1
8682	0
8683	2
8684	0
8685	1
8686	1
8687	0
8688	1
8689	0
8690	2
8691	1
8692	0
8693	0
8694	1
8695	1
8696	2
8697	0
8698	1
8699	1
8700	1
8701	2
8702	1
8703	1
8704	1
8705	2
8706	2
8707	0
8708	1
8709	1
8710	2
8711	1
8712	0
8713	1
8714	0
8715	0
8716	1
8717	0
8718	2
8719	0
8720	0
8721	2
8722	2
8723	3
8724	0
8725	1
8726	0
8727	0
8728	3
8729	1
8730	0
8731	2
8732	0
8733	0
8734	0
8735	1
8736	2
8737	1
8738	2
8739	0
8740	0
8741	1
8742	0
8743	0
8744	0
8745	0
8746	0
8747	1
8748	0
8749	0
8750	0
8751	0
8752	0
8753	0
8754	1
8755	0
8756	0
8757	2
8758	2
8759	0
8760	1
8761	0
8762	1
8763	2
8764	1
8765	1
8766	0
8767	2
8768	1
8769	0
8770	2
8771	0
8772	1
8773	1
8774	0
8775	0
8776	1
8777	3
8778	2
8779	1
8780	0
8781	0
8782	0
8783	1
8784	0
8785	1
8786	2
8787	1
8788	0
8789	0
8790	1
8791	1
8792	0
8793	1
8794	1
8795	2
8796	0
8797	1
8798	0
8799	1
8800	0
8801	1
8802	1
8803	0
8804	0
8805	0
8806	2
8807	1
8808	1
8809	0
8810	0
8811	0
8812	0
8813	1
8814	1
8815	2
8816	0
8817	2
8818	1
8819	0
8820	0
8821	2
8822	1
8823	0
8824	0
8825	0
8826	1
8827	1
8828	0
8829	1
8830	0
8831	0
8832	1
8833	1
8834	1
8835	0
8836	1
8837	1
8838	0
8839	0
8840	0
8841	0
8842	2
8843	1
8844	0
8845	3
8846	0
8847	0
8848	0
8849	1
8850	0
8851	1
8852	1
8853	1
8854	2
8855	0
8856	1
8857	1
8858	2
8859	0
8860	0
8861	0
8862	1
8863	2
8864	0
8865	3
8866	1
8867	1
8868	0
8869	0
8870	1
8871	2
8872	2
8873	0
8874	0
8875	0
8876	0
8877	2
8878	0
8879	1
8880	1
8881	0
8882	2
8883	0
8884	2
8885	0
8886	2
8887	0
8888	0
8889	1
8890	2
8891	1
8892	0
8893	0
8894	1
8895	0
8896	1
8897	2
8898	0
8899	0
8900	2
8901	2
8902	1
8903	0
8904	1
8905	0
8906	0
8907	0
8908	0
8909	1
8910	1
8911	1
8912	0
8913	0
8914	2
8915	2
8916	0
8917	2
8918	0
8919	0
8920	1
8921	1
8922	1
8923	2
8924	1
8925	1
8926	0
8927	2
8928	1
8929	0
8930	0
8931	1
8932	1
8933	0
8934	1
8935	3
8936	0
8937	0
8938	0
8939	0
8940	1
8941	1
8942	0
8943	0
8944	1
8945	1
8946	0
8947	0
8948	1
8949	1
8950	0
8951	1
8952	1
8953	1
8954	1
8955	0
8956	1
8957	1
8958	0
8959	1
8960	0
8961	1
8962	1
8963	1
8964	0
8965	1
8966	1
8967	0
8968	1
8969	1
8970	0
8971	2
8972	0
8973	0
8974	2
8975	2
8976	0
8977	1
8978	0
8979	1
8980	0
8981	0
8982	0
8983	1
8984	1
8985	0
8986	1
8987	0
8988	0
8989	1
8990	0
8991	0
8992	1
8993	1
8994	0
8995	1
8996	1
8997	0
8998	0
8999	2
9000	1
9001	1
9002	0
9003	1
9004	0
9005	1
9006	1
9007	2
9008	1
9009	1
9010	0
9011	0
9012	0
9013	1
9014	1
9015	1
9016	0
9017	2
9018	0
9019	2
9020	0
9021	0
9022	0
9023	1
9024	0
9025	1
9026	1
9027	0
9028	0
9029	2
9030	2
9031	0
9032	0
9033	1
9034	2
9035	3
9036	3
9037	1
9038	1
9039	0
9040	0
9041	0
9042	0
9043	3
9044	0
9045	1
9046	0
9047	1
9048	0
9049	2
9050	0
9051	0
9052	2
9053	1
9054	1
9055	0
9056	0
9057	1
9058	1
9059	0
9060	1
9061	0
9062	1
9063	1
9064	0
9065	1
9066	0
9067	0
9068	2
9069	0
9070	0
9071	0
9072	0
9073	2
9074	0
9075	0
9076	1
9077	0
9078	0
9079	1
9080	1
9081	1
9082	1
9083	1
9084	0
9085	0
9086	0
9087	1
9088	1
9089	0
9090	2
9091	1
9092	0
9093	2
9094	0
9095	1
9096	1
9097	0
9098	0
9099	0
9100	0
9101	1
9102	1
9103	0
9104	1
9105	0
9106	0
9107	0
9108	2
9109	0
9110	1
9111	0
9112	0
9113	2
9114	0
9115	1
9116	1
9117	0
9118	0
9119	0
9120	0
9121	1
9122	0
9123	0
9124	1
9125	0
9126	1
9127	1
9128	0
9129	0
9130	2
9131	2
9132	4
9133	0
9134	1
9135	1
9136	2
9137	0
9138	1
9139	1
9140	2
9141	1
9142	0
9143	0
9144	0
9145	1
9146	1
9147	0
9148	1
9149	0
9150	1
9151	0
9152	0
9153	1
9154	2
9155	0
9156	1
9157	0
9158	0
9159	1
9160	0
9161	1
9162	1
9163	0
9164	1
9165	0
9166	1
9167	2
9168	2
9169	0
9170	2
9171	0
9172	0
9173	1
9174	0
9175	0
9176	0
9177	1
9178	0
9179	0
9180	0
9181	2
9182	1
9183	1
9184	1
9185	0
9186	0
9187	0
9188	1
9189	3
9190	1
9191	2
9192	0
9193	0
9194	1
9195	2
9196	1
9197	2
9198	2
9199	0
9200	0
9201	1
9202	1
9203	0
9204	2
9205	2
9206	3
9207	1
9208	0
9209	1
9210	1
9211	1
9212	1
9213	1
9214	0
9215	0
9216	1
9217	0
9218	0
9219	1
9220	1
9221	0
9222	0
9223	2
9224	2
9225	2
9226	0
9227	0
9228	0
9229	0
9230	1
9231	1
9232	0
9233	0
9234	1
9235	1
9236	2
9237	1
9238	1
9239	1
9240	1
9241	2
9242	2
9243	2
9244	0
9245	0
9246	1
9247	0
9248	2
9249	0
9250	1
9251	0
9252	0
9253	1
9254	0
9255	2
9256	0
9257	0
9258	1
9259	1
9260	0
9261	1
9262	0
9263	0
9264	1
9265	1
9266	1
9267	0
9268	3
9269	1
9270	0
9271	0
9272	1
9273	1
9274	2
9275	0
9276	1
9277	1
9278	2
9279	3
9280	0
9281	1
9282	1
9283	1
9284	1
9285	1
9286	1
9287	0
9288	1
9289	1
9290	1
9291	0
9292	3
9293	0
9294	1
9295	0
9296	0
9297	2
9298	2
9299	1
9300	0
9301	1
9302	2
9303	0
9304	0
9305	1
9306	0
9307	2
9308	0
9309	1
9310	1
9311	0
9312	0
9313	0
9314	2
9315	2
9316	0
9317	3
9318	0
9319	2
9320	0
9321	1
9322	2
9323	1
9324	0
9325	0
9326	1
9327	1
9328	0
9329	1
9330	1
9331	0
9332	1
9333	0
9334	2
9335	2
9336	0
9337	0
9338	1
9339	0
9340	2
9341	1
9342	2
9343	1
9344	0
9345	1
9346	0
9347	1
9348	0
9349	1
9350	0
9351	0
9352	0
9353	0
9354	0
9355	0
9356	0
9357	3
9358	1
9359	2
9360	0
9361	1
9362	0
9363	1
9364	0
9365	1
9366	2
9367	1
9368	1
9369	1
9370	0
9371	0
9372	0
9373	0
9374	1
9375	0
9376	0
9377	1
9378	1
9379	0
9380	0
9381	1
9382	1
9383	2
9384	2
9385	1
9386	0
9387	0
9388	1
9389	1
9390	2
9391	2
9392	1
9393	1
9394	2
9395	0
9396	1
9397	1
9398	1
9399	0
9400	1
9401	0
9402	1
9403	3
9404	0
9405	0
9406	0
9407	1
9408	1
9409	0
9410	0
9411	1
9412	1
9413	0
9414	0
9415	1
9416	1
9417	1
9418	0
9419	0
9420	2
9421	0
9422	1
9423	0
9424	0
9425	2
9426	2
9427	0
9428	0
9429	0
9430	0
9431	1
9432	0
9433	0
9434	1
9435	1
9436	0
9437	1
9438	1
9439	2
9440	1
9441	0
9442	1
9443	1
9444	2
9445	1
9446	2
9447	2
9448	0
9449	0
9450	2
9451	1
9452	1
9453	2
9454	0
9455	0
9456	0
9457	2
9458	2
9459	0
9460	0
9461	1
9462	1
9463	2
9464	0
9465	0
9466	0
9467	0
9468	1
9469	1
9470	1
9471	0
9472	1
9473	0
9474	2
9475	2
9476	0
9477	3
9478	1
9479	2
9480	2
9481	1
9482	0
9483	1
9484	1
9485	0
9486	0
9487	2
9488	1
9489	0
9490	1
9491	0
9492	3
9493	0
9494	0
9495	0
9496	0
9497	1
9498	0
9499	2
9500	2
9501	0
9502	1
9503	1
9504	0
9505	0
9506	0
9507	1
9508	1
9509	0
9510	0
9511	0
9512	1
9513	0
9514	1
9515	0
9516	0
9517	1
9518	0
9519	0
9520	0
9521	0
9522	0
9523	2
9524	1
9525	3
9526	0
9527	2
9528	0
9529	1
9530	0
9531	0
9532	2
9533	0
9534	0
9535	0
9536	0
9537	0
9538	0
9539	0
9540	1
9541	0
9542	1
9543	2
9544	0
9545	1
9546	0
9547	2
9548	0
9549	0
9550	1
9551	0
9552	2
9553	3
9554	0
9555	1
9556	1
9557	1
9558	4
9559	1
9560	0
9561	1
9562	0
9563	1
9564	1
9565	0
9566	0
9567	0
9568	0
9569	0
9570	3
9571	0
9572	0
9573	1
9574	1
9575	1
9576	0
9577	3
9578	0
9579	0
9580	0
9581	1
9582	1
9583	0
9584	2
9585	2
9586	1
9587	0
9588	0
9589	1
9590	1
9591	1
9592	0
9593	0
9594	0
9595	1
9596	0
9597	0
9598	1
9599	0
9600	3
9601	0
9602	1
9603	0
9604	1
9605	0
9606	1
9607	0
9608	3
9609	0
9610	1
9611	2
9612	2
9613	1
9614	0
9615	0
9616	2
9617	0
9618	2
9619	0
9620	1
9621	1
9622	1
9623	0
9624	1
9625	2
9626	0
9627	1
9628	0
9629	1
9630	1
9631	0
9632	2
9633	1
9634	1
9635	0
9636	1
9637	0
9638	0
9639	0
9640	1
9641	1
9642	0
9643	0
9644	1
9645	0
9646	1
9647	2
9648	1
9649	1
9650	0
9651	0
9652	1
9653	1
9654	1
9655	0
9656	0
9657	0
9658	0
9659	2
9660	2
9661	0
9662	0
9663	2
9664	1
9665	1
9666	0
9667	0
9668	0
9669	0
9670	1
9671	2
9672	1
9673	3
9674	0
9675	1
9676	0
9677	0
9678	2
9679	0
9680	0
9681	1
9682	1
9683	0
9684	1
9685	0
9686	1
9687	0
9688	1
9689	0
9690	0
9691	0
9692	0
9693	0
9694	1
9695	1
9696	0
9697	0
9698	0
9699	1
9700	1
9701	1
9702	0
9703	0
9704	0
9705	1
9706	0
9707	0
9708	0
9709	1
9710	0
9711	4
9712	1
9713	3
9714	1
9715	0
9716	1
9717	0
9718	0
9719	0
9720	0
9721	0
9722	1
9723	0
9724	0
9725	0
9726	2
9727	2
9728	3
9729	1
9730	2
9731	1
9732	0
9733	1
9734	1
9735	2
9736	2
9737	0
9738	4
9739	1
9740	5
9741	1
9742	1
9743	0
9744	2
9745	1
9746	0
9747	1
9748	0
9749	0
9750	1
9751	1
9752	1
9753	0
9754	1
9755	0
9756	1
9757	5
9758	1
9759	1
9760	2
9761	2
9762	1
9763	0
9764	1
9765	1
9766	0
9767	0
9768	2
9769	0
9770	1
9771	1
9772	0
9773	0
9774	0
9775	2
9776	0
9777	2
9778	1
9779	1
9780	0
9781	3
9782	1
9783	0
9784	1
9785	2
9786	0
9787	1
9788	0
9789	3
9790	0
9791	1
9792	2
9793	2
9794	2
9795	1
9796	1
9797	1
9798	0
9799	2
9800	0
9801	4
9802	2
9803	1
9804	0
9805	1
9806	1
9807	0
9808	0
9809	1
9810	0
9811	0
9812	0
9813	2
9814	0
9815	0
9816	1
9817	5
9818	2
9819	2
9820	1
9821	1
9822	0
9823	0
9824	1
9825	3
9826	1
9827	1
9828	0
9829	0
9830	0
9831	1
9832	3
9833	0
9834	1
9835	1
9836	4
9837	0
9838	0
9839	3
9840	0
9841	4
9842	1
9843	1
9844	2
9845	0
9846	0
9847	0
9848	0
9849	2
9850	0
9851	1
9852	2
9853	1
9854	2
9855	0
9856	1
9857	0
9858	1
9859	0
9860	1
9861	1
9862	1
9863	0
9864	1
9865	2
9866	1
9867	0
9868	1
9869	0
9870	0
9871	0
9872	0
9873	0
9874	1
9875	0
9876	0
9877	1
9878	0
9879	0
9880	1
9881	2
9882	0
9883	1
9884	0
9885	1
9886	0
9887	0
9888	0
9889	1
9890	2
9891	0
9892	0
9893	1
9894	0
9895	3
9896	3
9897	2
9898	3
9899	3
9900	2
9901	1
9902	0
9903	2
9904	0
9905	1
9906	0
9907	2
9908	0
9909	1
9910	1
9911	1
9912	0
9913	1
9914	1
9915	0
9916	3
9917	0
9918	1
9919	1
9920	0
9921	0
9922	2
9923	1
9924	0
9925	1
9926	4
9927	1
9928	1
9929	1
9930	1
9931	0
9932	0
9933	0
9934	1
9935	1
9936	1
9937	1
9938	2
9939	1
9940	0
9941	0
9942	1
9943	1
9944	0
9945	0
9946	1
9947	0
9948	2
9949	2
9950	0
9951	1
9952	0
9953	1
9954	0
9955	1
9956	1
9957	1
9958	0
9959	1
9960	0
9961	0
9962	1
9963	2
9964	0
9965	0
9966	2
9967	0
9968	1
9969	0
9970	0
9971	1
9972	0
9973	0
9974	1
9975	0
9976	0
9977	0
9978	0
9979	0
9980	1
9981	1
9982	0
9983	0
9984	0
9985	0
9986	0
9987	0
9988	3
9989	1
9990	0
9991	0
9992	1
9993	1
9994	2
9995	0
9996	0
9997	0
9998	1
9999	0
10000	0
