1	287679653
2	7397723
3	2611430
4	1843260
5	1567597
6	1500879
7	1562612
8	1766243
9	2109463
10	2646286
11	3390484
12	4345537
13	5491420
14	6751894
15	8036877
16	9236335
17	10203501
18	10868409
19	11164762
20	11073451
21	10588783
22	9787102
23	8755160
24	7595446
25	6398096
26	5249320
27	4172551
28	3239088
29	2469186
30	1842329
31	1343786
32	966913
33	694301
34	497502
35	363527
36	270224
37	209085
38	168657
39	141819
40	124565
41	113172
42	104514
43	98821
44	92363
45	88162
46	83188
47	76738
48	72917
49	68016
50	64323
51	59878
52	56043
53	52702
54	49155
55	46782
56	44723
57	42615
58	40766
59	39168
60	37399
61	36209
62	34510
63	34056
64	32625
65	31273
66	30273
67	29274
68	28085
69	26874
70	25899
71	24897
72	24507
73	23902
74	22755
75	21641
76	21020
77	19984
78	19509
79	18769
80	18468
81	17908
82	17201
83	16812
84	16199
85	15187
86	15015
87	14717
88	14325
89	13976
90	13770
91	13312
92	13313
93	13122
94	12721
95	12396
96	12118
97	11741
98	11711
99	11459
100	11480
101	11363
102	10845
103	10519
104	10144
105	9930
106	9760
107	9590
108	9406
109	9418
110	9243
111	9345
112	8982
113	8959
114	8885
115	8724
116	8494
117	8399
118	8310
119	8204
120	8135
121	7764
122	7894
123	7587
124	7435
125	7570
126	7399
127	7380
128	7248
129	7033
130	6870
131	7128
132	6813
133	6678
134	6486
135	6371
136	6555
137	6471
138	6304
139	6151
140	6278
141	5996
142	5868
143	5746
144	5804
145	5624
146	5471
147	5518
148	5428
149	5430
150	5502
151	5343
152	5340
153	5206
154	5179
155	5070
156	4986
157	5146
158	4891
159	4967
160	4818
161	4675
162	4610
163	4634
164	4526
165	4456
166	4554
167	4411
168	4336
169	4248
170	4167
171	4140
172	4035
173	4077
174	3927
175	4030
176	3834
177	3815
178	3852
179	3919
180	3733
181	3704
182	3652
183	3748
184	3676
185	3643
186	3635
187	3584
188	3524
189	3608
190	3521
191	3363
192	3313
193	3292
194	3139
195	3127
196	3188
197	3087
198	3053
199	3006
200	2978
201	2961
202	2799
203	2866
204	2870
205	2664
206	2586
207	2699
208	2778
209	2771
210	2590
211	2566
212	2681
213	2545
214	2590
215	2470
216	2515
217	2459
218	2538
219	2515
220	2369
221	2358
222	2262
223	2225
224	2186
225	2265
226	2219
227	2206
228	2187
229	2136
230	2179
231	2208
232	2081
233	2136
234	2122
235	1995
236	2159
237	2075
238	2111
239	2013
240	2010
241	2008
242	2023
243	1955
244	1969
245	1946
246	1918
247	1894
248	1906
249	1819
250	1772
251	1847
252	1768
253	1752
254	1712
255	1655
256	1734
257	1684
258	1672
259	1562
260	1640
261	1593
262	1665
263	1567
264	1591
265	1583
266	1572
267	1558
268	1655
269	1609
270	1538
271	1547
272	1540
273	1641
274	1566
275	1572
276	1513
277	1517
278	1548
279	1530
280	1468
281	1458
282	1501
283	1392
284	1386
285	1434
286	1380
287	1397
288	1380
289	1423
290	1321
291	1363
292	1346
293	1283
294	1263
295	1328
296	1298
297	1281
298	1327
299	1329
300	1254
301	1325
302	1224
303	1269
304	1277
305	1219
306	1216
307	1231
308	1232
309	1175
310	1195
311	1160
312	1152
313	1153
314	1061
315	1097
316	1132
317	1043
318	1089
319	1091
320	1047
321	1049
322	1057
323	1069
324	1108
325	1023
326	1060
327	1046
328	1056
329	1011
330	963
331	1017
332	1028
333	991
334	988
335	1053
336	975
337	965
338	941
339	925
340	945
341	952
342	939
343	928
344	937
345	923
346	944
347	927
348	915
349	909
350	863
351	931
352	852
353	872
354	818
355	828
356	889
357	896
358	851
359	846
360	854
361	870
362	862
363	858
364	890
365	884
366	851
367	925
368	897
369	922
370	873
371	834
372	807
373	835
374	811
375	843
376	787
377	789
378	790
379	823
380	825
381	793
382	820
383	753
384	768
385	787
386	780
387	735
388	736
389	719
390	741
391	715
392	728
393	748
394	698
395	732
396	703
397	712
398	701
399	711
400	676
401	733
402	684
403	677
404	678
405	670
406	684
407	728
408	650
409	669
410	719
411	684
412	699
413	642
414	649
415	713
416	680
417	630
418	654
419	658
420	668
421	680
422	657
423	641
424	614
425	605
426	668
427	651
428	673
429	628
430	632
431	635
432	669
433	642
434	627
435	601
436	654
437	655
438	615
439	638
440	583
441	664
442	643
443	612
444	628
445	608
446	620
447	587
448	658
449	596
450	597
451	604
452	592
453	628
454	567
455	547
456	585
457	570
458	555
459	605
460	581
461	589
462	568
463	516
464	569
465	528
466	548
467	534
468	530
469	558
470	516
471	550
472	507
473	496
474	501
475	493
476	524
477	528
478	538
479	532
480	478
481	532
482	493
483	497
484	478
485	473
486	485
487	476
488	471
489	529
490	492
491	509
492	505
493	450
494	484
495	467
496	466
497	459
498	447
499	466
500	498
501	455
502	482
503	507
504	462
505	453
506	483
507	433
508	467
509	515
510	418
511	428
512	442
513	470
514	464
515	452
516	458
517	458
518	461
519	436
520	394
521	376
522	400
523	402
524	389
525	405
526	396
527	419
528	381
529	422
530	379
531	399
532	386
533	393
534	391
535	447
536	406
537	396
538	385
539	398
540	431
541	375
542	425
543	404
544	412
545	399
546	380
547	372
548	387
549	415
550	359
551	381
552	420
553	404
554	397
555	391
556	355
557	369
558	384
559	386
560	387
561	370
562	350
563	335
564	392
565	376
566	375
567	333
568	349
569	351
570	339
571	327
572	349
573	332
574	346
575	374
576	359
577	331
578	299
579	310
580	331
581	347
582	362
583	318
584	361
585	342
586	311
587	365
588	348
589	345
590	349
591	377
592	318
593	374
594	337
595	333
596	378
597	330
598	323
599	291
600	334
601	315
602	294
603	311
604	300
605	306
606	307
607	297
608	322
609	292
610	308
611	277
612	262
613	297
614	284
615	261
616	248
617	282
618	241
619	263
620	306
621	271
622	258
623	299
624	274
625	253
626	288
627	267
628	274
629	284
630	265
631	278
632	265
633	272
634	264
635	260
636	278
637	254
638	298
639	258
640	294
641	248
642	233
643	258
644	256
645	239
646	250
647	247
648	216
649	232
650	270
651	261
652	236
653	271
654	247
655	246
656	265
657	272
658	284
659	248
660	238
661	251
662	219
663	243
664	209
665	215
666	259
667	222
668	236
669	256
670	256
671	243
672	248
673	237
674	264
675	248
676	233
677	222
678	240
679	251
680	212
681	184
682	214
683	199
684	244
685	226
686	240
687	216
688	225
689	221
690	229
691	215
692	224
693	218
694	195
695	205
696	207
697	208
698	180
699	201
700	189
701	223
702	207
703	190
704	193
705	217
706	196
707	180
708	212
709	201
710	191
711	188
712	196
713	215
714	196
715	215
716	187
717	181
718	166
719	205
720	196
721	190
722	193
723	211
724	212
725	196
726	191
727	185
728	184
729	166
730	167
731	153
732	168
733	189
734	212
735	191
736	187
737	180
738	150
739	152
740	170
741	171
742	192
743	187
744	184
745	162
746	169
747	174
748	177
749	172
750	190
751	165
752	192
753	151
754	186
755	173
756	172
757	187
758	177
759	193
760	212
761	180
762	216
763	175
764	205
765	190
766	186
767	175
768	203
769	179
770	194
771	182
772	163
773	183
774	166
775	175
776	185
777	195
778	163
779	201
780	170
781	200
782	182
783	172
784	214
785	163
786	167
787	170
788	202
789	195
790	199
791	191
792	161
793	162
794	218
795	186
796	158
797	216
798	192
799	184
800	164
801	212
802	170
803	169
804	155
805	183
806	172
807	182
808	171
809	152
810	142
811	160
812	167
813	155
814	170
815	148
816	161
817	144
818	158
819	149
820	180
821	158
822	173
823	159
824	186
825	154
826	149
827	165
828	166
829	186
830	168
831	179
832	176
833	185
834	163
835	158
836	182
837	154
838	156
839	190
840	161
841	158
842	155
843	169
844	138
845	148
846	143
847	169
848	152
849	148
850	141
851	172
852	153
853	129
854	140
855	164
856	151
857	172
858	162
859	162
860	169
861	153
862	164
863	156
864	148
865	174
866	170
867	183
868	151
869	156
870	176
871	158
872	155
873	142
874	142
875	158
876	170
877	162
878	155
879	168
880	157
881	154
882	172
883	142
884	178
885	161
886	158
887	187
888	170
889	171
890	166
891	176
892	177
893	157
894	146
895	171
896	192
897	171
898	181
899	137
900	151
901	126
902	159
903	174
904	165
905	147
906	170
907	183
908	163
909	179
910	160
911	150
912	191
913	188
914	156
915	173
916	175
917	167
918	149
919	164
920	170
921	157
922	166
923	168
924	162
925	142
926	159
927	145
928	171
929	153
930	151
931	166
932	149
933	161
934	150
935	151
936	158
937	145
938	167
939	153
940	156
941	135
942	142
943	124
944	162
945	153
946	144
947	142
948	132
949	159
950	149
951	156
952	126
953	141
954	160
955	141
956	143
957	130
958	157
959	143
960	146
961	129
962	143
963	151
964	140
965	142
966	164
967	149
968	142
969	127
970	133
971	115
972	121
973	120
974	142
975	150
976	148
977	126
978	132
979	164
980	144
981	130
982	146
983	137
984	121
985	141
986	100
987	127
988	134
989	130
990	134
991	141
992	132
993	123
994	118
995	126
996	117
997	132
998	122
999	125
1000	133
1001	135
1002	113
1003	119
1004	120
1005	139
1006	122
1007	134
1008	135
1009	113
1010	125
1011	156
1012	117
1013	121
1014	112
1015	129
1016	118
1017	104
1018	110
1019	95
1020	112
1021	111
1022	111
1023	98
1024	110
1025	120
1026	121
1027	115
1028	101
1029	117
1030	115
1031	121
1032	125
1033	122
1034	126
1035	124
1036	113
1037	101
1038	124
1039	98
1040	112
1041	104
1042	131
1043	120
1044	128
1045	101
1046	134
1047	107
1048	115
1049	106
1050	119
1051	108
1052	109
1053	102
1054	116
1055	111
1056	98
1057	116
1058	117
1059	123
1060	107
1061	114
1062	115
1063	97
1064	118
1065	104
1066	121
1067	107
1068	93
1069	77
1070	94
1071	101
1072	106
1073	88
1074	94
1075	116
1076	82
1077	92
1078	88
1079	80
1080	96
1081	98
1082	93
1083	98
1084	93
1085	89
1086	94
1087	92
1088	86
1089	85
1090	99
1091	92
1092	80
1093	94
1094	84
1095	81
1096	76
1097	93
1098	88
1099	91
1100	100
1101	90
1102	86
1103	99
1104	97
1105	82
1106	82
1107	81
1108	99
1109	87
1110	94
1111	94
1112	83
1113	91
1114	84
1115	81
1116	78
1117	92
1118	85
1119	101
1120	88
1121	77
1122	79
1123	79
1124	84
1125	85
1126	80
1127	87
1128	88
1129	85
1130	78
1131	91
1132	94
1133	90
1134	74
1135	80
1136	94
1137	91
1138	90
1139	65
1140	95
1141	98
1142	73
1143	84
1144	88
1145	87
1146	80
1147	88
1148	89
1149	92
1150	84
1151	72
1152	69
1153	80
1154	80
1155	83
1156	83
1157	77
1158	87
1159	81
1160	84
1161	81
1162	69
1163	83
1164	74
1165	82
1166	90
1167	86
1168	72
1169	82
1170	88
1171	84
1172	86
1173	87
1174	80
1175	93
1176	84
1177	84
1178	74
1179	83
1180	82
1181	72
1182	86
1183	86
1184	110
1185	77
1186	70
1187	91
1188	84
1189	102
1190	80
1191	93
1192	86
1193	81
1194	75
1195	75
1196	81
1197	76
1198	68
1199	80
1200	72
1201	59
1202	84
1203	78
1204	75
1205	88
1206	81
1207	75
1208	68
1209	68
1210	64
1211	67
1212	66
1213	72
1214	81
1215	75
1216	61
1217	71
1218	62
1219	61
1220	81
1221	75
1222	76
1223	67
1224	59
1225	64
1226	69
1227	58
1228	69
1229	70
1230	64
1231	67
1232	55
1233	76
1234	73
1235	73
1236	72
1237	62
1238	62
1239	68
1240	68
1241	59
1242	82
1243	61
1244	85
1245	77
1246	69
1247	67
1248	58
1249	70
1250	53
1251	72
1252	63
1253	73
1254	46
1255	60
1256	77
1257	54
1258	66
1259	61
1260	70
1261	63
1262	70
1263	60
1264	57
1265	67
1266	64
1267	66
1268	58
1269	54
1270	48
1271	60
1272	58
1273	63
1274	60
1275	71
1276	58
1277	72
1278	68
1279	68
1280	50
1281	66
1282	81
1283	63
1284	54
1285	74
1286	64
1287	59
1288	57
1289	73
1290	68
1291	52
1292	50
1293	63
1294	56
1295	58
1296	69
1297	64
1298	52
1299	83
1300	53
1301	58
1302	67
1303	62
1304	72
1305	71
1306	59
1307	72
1308	52
1309	72
1310	61
1311	60
1312	71
1313	66
1314	63
1315	65
1316	78
1317	68
1318	64
1319	71
1320	74
1321	77
1322	65
1323	69
1324	65
1325	56
1326	74
1327	72
1328	62
1329	79
1330	57
1331	71
1332	74
1333	63
1334	57
1335	63
1336	60
1337	60
1338	47
1339	57
1340	67
1341	61
1342	52
1343	57
1344	67
1345	60
1346	46
1347	58
1348	46
1349	46
1350	59
1351	78
1352	80
1353	68
1354	50
1355	50
1356	53
1357	70
1358	58
1359	62
1360	62
1361	49
1362	61
1363	61
1364	52
1365	64
1366	61
1367	60
1368	67
1369	54
1370	60
1371	55
1372	61
1373	53
1374	65
1375	58
1376	53
1377	74
1378	59
1379	58
1380	57
1381	62
1382	42
1383	52
1384	54
1385	57
1386	60
1387	57
1388	68
1389	52
1390	54
1391	58
1392	59
1393	66
1394	66
1395	74
1396	65
1397	65
1398	62
1399	65
1400	63
1401	71
1402	55
1403	71
1404	62
1405	61
1406	50
1407	64
1408	63
1409	70
1410	50
1411	72
1412	82
1413	70
1414	68
1415	46
1416	68
1417	56
1418	75
1419	70
1420	54
1421	71
1422	56
1423	79
1424	61
1425	75
1426	56
1427	49
1428	42
1429	58
1430	47
1431	56
1432	53
1433	57
1434	58
1435	52
1436	63
1437	47
1438	52
1439	75
1440	47
1441	59
1442	58
1443	61
1444	48
1445	41
1446	55
1447	67
1448	63
1449	51
1450	42
1451	60
1452	50
1453	58
1454	54
1455	39
1456	42
1457	59
1458	58
1459	73
1460	46
1461	54
1462	74
1463	59
1464	69
1465	59
1466	61
1467	57
1468	52
1469	58
1470	65
1471	52
1472	60
1473	56
1474	59
1475	52
1476	59
1477	67
1478	62
1479	51
1480	67
1481	59
1482	54
1483	53
1484	69
1485	54
1486	53
1487	58
1488	57
1489	57
1490	66
1491	48
1492	51
1493	40
1494	54
1495	55
1496	49
1497	52
1498	43
1499	58
1500	47
1501	50
1502	50
1503	60
1504	56
1505	44
1506	39
1507	48
1508	57
1509	57
1510	60
1511	56
1512	47
1513	52
1514	54
1515	54
1516	59
1517	68
1518	61
1519	48
1520	55
1521	45
1522	55
1523	60
1524	63
1525	62
1526	47
1527	55
1528	62
1529	45
1530	47
1531	67
1532	46
1533	45
1534	43
1535	49
1536	46
1537	42
1538	48
1539	59
1540	60
1541	46
1542	59
1543	59
1544	49
1545	50
1546	42
1547	51
1548	44
1549	39
1550	48
1551	51
1552	49
1553	43
1554	49
1555	49
1556	58
1557	51
1558	39
1559	56
1560	41
1561	49
1562	63
1563	54
1564	45
1565	63
1566	50
1567	47
1568	39
1569	46
1570	51
1571	61
1572	49
1573	45
1574	46
1575	44
1576	46
1577	41
1578	50
1579	45
1580	46
1581	60
1582	50
1583	53
1584	52
1585	49
1586	43
1587	36
1588	58
1589	49
1590	48
1591	37
1592	58
1593	46
1594	55
1595	48
1596	60
1597	55
1598	54
1599	54
1600	43
1601	70
1602	51
1603	39
1604	47
1605	44
1606	53
1607	55
1608	59
1609	44
1610	47
1611	38
1612	29
1613	55
1614	48
1615	47
1616	52
1617	41
1618	52
1619	45
1620	52
1621	49
1622	48
1623	36
1624	40
1625	35
1626	37
1627	59
1628	49
1629	48
1630	38
1631	46
1632	46
1633	44
1634	53
1635	40
1636	48
1637	39
1638	56
1639	40
1640	50
1641	41
1642	41
1643	48
1644	48
1645	47
1646	40
1647	56
1648	50
1649	31
1650	40
1651	45
1652	43
1653	56
1654	42
1655	46
1656	44
1657	54
1658	49
1659	41
1660	50
1661	46
1662	45
1663	53
1664	41
1665	42
1666	55
1667	41
1668	51
1669	41
1670	37
1671	54
1672	49
1673	54
1674	46
1675	48
1676	45
1677	39
1678	47
1679	37
1680	53
1681	47
1682	58
1683	50
1684	42
1685	56
1686	60
1687	62
1688	46
1689	44
1690	52
1691	38
1692	57
1693	57
1694	41
1695	50
1696	41
1697	59
1698	56
1699	43
1700	45
1701	43
1702	45
1703	50
1704	57
1705	42
1706	34
1707	50
1708	47
1709	39
1710	51
1711	54
1712	43
1713	61
1714	65
1715	43
1716	44
1717	40
1718	35
1719	45
1720	60
1721	34
1722	47
1723	41
1724	59
1725	50
1726	48
1727	43
1728	55
1729	45
1730	56
1731	56
1732	51
1733	40
1734	48
1735	54
1736	43
1737	43
1738	39
1739	48
1740	50
1741	45
1742	35
1743	50
1744	53
1745	50
1746	36
1747	45
1748	52
1749	52
1750	45
1751	43
1752	49
1753	37
1754	51
1755	55
1756	56
1757	40
1758	41
1759	56
1760	39
1761	42
1762	47
1763	44
1764	50
1765	45
1766	39
1767	42
1768	32
1769	44
1770	51
1771	46
1772	46
1773	50
1774	52
1775	43
1776	48
1777	54
1778	52
1779	52
1780	52
1781	54
1782	47
1783	49
1784	37
1785	36
1786	39
1787	37
1788	49
1789	40
1790	48
1791	47
1792	46
1793	51
1794	53
1795	41
1796	36
1797	45
1798	46
1799	41
1800	46
1801	35
1802	34
1803	41
1804	36
1805	43
1806	48
1807	36
1808	34
1809	25
1810	38
1811	37
1812	38
1813	37
1814	38
1815	50
1816	41
1817	57
1818	33
1819	42
1820	32
1821	44
1822	50
1823	42
1824	44
1825	48
1826	53
1827	44
1828	43
1829	53
1830	49
1831	38
1832	48
1833	59
1834	40
1835	50
1836	36
1837	31
1838	46
1839	45
1840	44
1841	35
1842	44
1843	51
1844	41
1845	55
1846	27
1847	32
1848	50
1849	29
1850	48
1851	46
1852	48
1853	40
1854	41
1855	38
1856	34
1857	33
1858	29
1859	55
1860	35
1861	45
1862	42
1863	35
1864	50
1865	52
1866	43
1867	34
1868	36
1869	31
1870	36
1871	46
1872	43
1873	35
1874	40
1875	46
1876	40
1877	42
1878	53
1879	37
1880	35
1881	45
1882	47
1883	44
1884	36
1885	40
1886	54
1887	34
1888	25
1889	44
1890	37
1891	48
1892	39
1893	32
1894	33
1895	31
1896	58
1897	40
1898	55
1899	42
1900	34
1901	43
1902	39
1903	49
1904	45
1905	51
1906	42
1907	50
1908	55
1909	50
1910	60
1911	44
1912	47
1913	36
1914	58
1915	47
1916	53
1917	50
1918	51
1919	50
1920	46
1921	56
1922	52
1923	49
1924	59
1925	46
1926	46
1927	54
1928	45
1929	47
1930	64
1931	45
1932	46
1933	51
1934	60
1935	54
1936	42
1937	59
1938	43
1939	56
1940	58
1941	47
1942	57
1943	40
1944	48
1945	44
1946	37
1947	58
1948	38
1949	54
1950	45
1951	45
1952	50
1953	50
1954	52
1955	55
1956	44
1957	38
1958	40
1959	41
1960	57
1961	32
1962	39
1963	37
1964	40
1965	52
1966	54
1967	47
1968	43
1969	42
1970	40
1971	51
1972	29
1973	39
1974	43
1975	45
1976	45
1977	42
1978	43
1979	47
1980	44
1981	43
1982	47
1983	41
1984	45
1985	47
1986	47
1987	37
1988	40
1989	45
1990	44
1991	39
1992	30
1993	45
1994	43
1995	35
1996	35
1997	57
1998	38
1999	44
2000	33
2001	37
2002	39
2003	26
2004	28
2005	25
2006	51
2007	39
2008	34
2009	48
2010	46
2011	33
2012	33
2013	37
2014	53
2015	32
2016	27
2017	41
2018	27
2019	31
2020	27
2021	37
2022	36
2023	33
2024	43
2025	29
2026	33
2027	23
2028	28
2029	37
2030	37
2031	45
2032	26
2033	32
2034	30
2035	39
2036	30
2037	36
2038	37
2039	21
2040	31
2041	26
2042	35
2043	31
2044	24
2045	36
2046	39
2047	32
2048	33
2049	33
2050	41
2051	29
2052	40
2053	32
2054	38
2055	34
2056	32
2057	32
2058	27
2059	30
2060	32
2061	37
2062	42
2063	44
2064	35
2065	34
2066	40
2067	34
2068	31
2069	38
2070	37
2071	34
2072	45
2073	40
2074	31
2075	40
2076	32
2077	33
2078	46
2079	44
2080	42
2081	29
2082	56
2083	38
2084	35
2085	35
2086	38
2087	30
2088	31
2089	36
2090	36
2091	23
2092	16
2093	25
2094	39
2095	31
2096	32
2097	32
2098	29
2099	32
2100	25
2101	31
2102	19
2103	30
2104	42
2105	28
2106	34
2107	34
2108	31
2109	38
2110	33
2111	33
2112	31
2113	36
2114	32
2115	32
2116	33
2117	34
2118	32
2119	38
2120	29
2121	46
2122	28
2123	32
2124	32
2125	37
2126	39
2127	32
2128	25
2129	43
2130	36
2131	40
2132	44
2133	40
2134	20
2135	37
2136	37
2137	37
2138	42
2139	34
2140	28
2141	45
2142	40
2143	39
2144	36
2145	31
2146	46
2147	32
2148	37
2149	49
2150	29
2151	35
2152	37
2153	38
2154	39
2155	32
2156	30
2157	31
2158	30
2159	37
2160	32
2161	31
2162	27
2163	34
2164	24
2165	36
2166	37
2167	27
2168	50
2169	33
2170	31
2171	35
2172	38
2173	36
2174	29
2175	28
2176	38
2177	47
2178	31
2179	38
2180	46
2181	37
2182	19
2183	39
2184	46
2185	26
2186	39
2187	35
2188	29
2189	35
2190	35
2191	29
2192	40
2193	37
2194	32
2195	36
2196	38
2197	30
2198	26
2199	33
2200	36
2201	38
2202	28
2203	33
2204	34
2205	36
2206	23
2207	35
2208	33
2209	34
2210	28
2211	27
2212	37
2213	25
2214	34
2215	36
2216	34
2217	29
2218	26
2219	30
2220	25
2221	31
2222	29
2223	31
2224	28
2225	28
2226	30
2227	29
2228	29
2229	27
2230	23
2231	19
2232	43
2233	34
2234	23
2235	26
2236	25
2237	32
2238	28
2239	24
2240	35
2241	24
2242	31
2243	37
2244	25
2245	24
2246	33
2247	28
2248	33
2249	38
2250	24
2251	31
2252	25
2253	26
2254	23
2255	28
2256	32
2257	34
2258	34
2259	33
2260	33
2261	24
2262	27
2263	25
2264	21
2265	29
2266	23
2267	48
2268	29
2269	20
2270	32
2271	24
2272	31
2273	18
2274	23
2275	35
2276	27
2277	30
2278	26
2279	34
2280	35
2281	29
2282	34
2283	33
2284	27
2285	28
2286	23
2287	29
2288	38
2289	28
2290	32
2291	30
2292	35
2293	25
2294	27
2295	33
2296	32
2297	30
2298	27
2299	25
2300	38
2301	29
2302	25
2303	30
2304	24
2305	29
2306	22
2307	28
2308	37
2309	31
2310	30
2311	33
2312	33
2313	28
2314	28
2315	31
2316	33
2317	35
2318	35
2319	38
2320	31
2321	38
2322	31
2323	34
2324	26
2325	34
2326	27
2327	39
2328	20
2329	37
2330	31
2331	46
2332	19
2333	37
2334	19
2335	27
2336	32
2337	21
2338	20
2339	27
2340	35
2341	25
2342	24
2343	23
2344	36
2345	36
2346	21
2347	20
2348	30
2349	35
2350	38
2351	20
2352	24
2353	21
2354	24
2355	21
2356	26
2357	28
2358	21
2359	23
2360	25
2361	27
2362	32
2363	25
2364	24
2365	20
2366	29
2367	24
2368	20
2369	16
2370	27
2371	23
2372	28
2373	28
2374	35
2375	22
2376	28
2377	20
2378	29
2379	28
2380	21
2381	14
2382	19
2383	31
2384	22
2385	18
2386	12
2387	16
2388	20
2389	21
2390	19
2391	27
2392	22
2393	31
2394	11
2395	22
2396	24
2397	19
2398	25
2399	19
2400	19
2401	19
2402	21
2403	12
2404	22
2405	24
2406	18
2407	24
2408	21
2409	21
2410	24
2411	20
2412	27
2413	23
2414	21
2415	18
2416	21
2417	12
2418	21
2419	21
2420	21
2421	21
2422	20
2423	19
2424	33
2425	16
2426	23
2427	24
2428	23
2429	21
2430	12
2431	21
2432	19
2433	17
2434	24
2435	25
2436	26
2437	24
2438	25
2439	17
2440	20
2441	22
2442	18
2443	13
2444	26
2445	26
2446	24
2447	29
2448	22
2449	31
2450	27
2451	17
2452	25
2453	28
2454	16
2455	30
2456	28
2457	21
2458	29
2459	25
2460	13
2461	22
2462	32
2463	21
2464	28
2465	30
2466	17
2467	16
2468	25
2469	24
2470	22
2471	22
2472	24
2473	23
2474	15
2475	22
2476	11
2477	20
2478	26
2479	20
2480	25
2481	17
2482	25
2483	19
2484	28
2485	39
2486	29
2487	26
2488	24
2489	27
2490	24
2491	28
2492	22
2493	15
2494	15
2495	38
2496	26
2497	28
2498	28
2499	25
2500	26
2501	24
2502	28
2503	24
2504	28
2505	21
2506	19
2507	27
2508	26
2509	19
2510	23
2511	14
2512	20
2513	20
2514	21
2515	24
2516	35
2517	24
2518	21
2519	20
2520	17
2521	18
2522	18
2523	19
2524	27
2525	24
2526	16
2527	27
2528	18
2529	19
2530	26
2531	26
2532	27
2533	20
2534	24
2535	31
2536	23
2537	30
2538	21
2539	20
2540	22
2541	24
2542	23
2543	27
2544	22
2545	27
2546	20
2547	21
2548	20
2549	25
2550	18
2551	24
2552	22
2553	24
2554	23
2555	24
2556	18
2557	20
2558	28
2559	28
2560	16
2561	17
2562	26
2563	29
2564	13
2565	20
2566	23
2567	16
2568	21
2569	24
2570	21
2571	29
2572	22
2573	14
2574	25
2575	16
2576	22
2577	22
2578	25
2579	20
2580	19
2581	30
2582	25
2583	24
2584	24
2585	19
2586	30
2587	29
2588	25
2589	23
2590	17
2591	31
2592	21
2593	19
2594	25
2595	22
2596	31
2597	22
2598	26
2599	29
2600	33
2601	24
2602	15
2603	19
2604	20
2605	24
2606	24
2607	18
2608	24
2609	19
2610	21
2611	31
2612	22
2613	21
2614	16
2615	16
2616	21
2617	23
2618	33
2619	22
2620	21
2621	28
2622	23
2623	18
2624	19
2625	20
2626	19
2627	26
2628	17
2629	26
2630	19
2631	19
2632	17
2633	26
2634	26
2635	22
2636	20
2637	23
2638	24
2639	12
2640	17
2641	23
2642	10
2643	20
2644	26
2645	21
2646	19
2647	24
2648	29
2649	19
2650	22
2651	22
2652	23
2653	20
2654	28
2655	20
2656	20
2657	23
2658	27
2659	23
2660	17
2661	35
2662	27
2663	31
2664	29
2665	27
2666	20
2667	21
2668	29
2669	25
2670	36
2671	25
2672	27
2673	29
2674	24
2675	31
2676	29
2677	29
2678	25
2679	20
2680	24
2681	26
2682	27
2683	26
2684	27
2685	22
2686	27
2687	28
2688	18
2689	28
2690	22
2691	24
2692	19
2693	28
2694	21
2695	24
2696	16
2697	18
2698	26
2699	15
2700	24
2701	19
2702	26
2703	17
2704	21
2705	23
2706	25
2707	16
2708	13
2709	18
2710	23
2711	28
2712	19
2713	19
2714	20
2715	20
2716	12
2717	25
2718	17
2719	21
2720	15
2721	15
2722	21
2723	19
2724	16
2725	26
2726	16
2727	26
2728	17
2729	19
2730	30
2731	25
2732	16
2733	17
2734	15
2735	26
2736	20
2737	20
2738	21
2739	17
2740	19
2741	20
2742	19
2743	28
2744	25
2745	28
2746	15
2747	25
2748	17
2749	29
2750	21
2751	24
2752	15
2753	19
2754	22
2755	14
2756	21
2757	19
2758	17
2759	27
2760	17
2761	20
2762	21
2763	15
2764	20
2765	20
2766	15
2767	17
2768	18
2769	24
2770	23
2771	15
2772	18
2773	15
2774	18
2775	25
2776	22
2777	17
2778	21
2779	25
2780	22
2781	14
2782	24
2783	20
2784	13
2785	15
2786	17
2787	16
2788	14
2789	21
2790	14
2791	18
2792	17
2793	19
2794	16
2795	17
2796	20
2797	11
2798	13
2799	14
2800	18
2801	20
2802	14
2803	12
2804	10
2805	13
2806	12
2807	12
2808	16
2809	9
2810	18
2811	13
2812	12
2813	17
2814	19
2815	15
2816	14
2817	13
2818	13
2819	19
2820	9
2821	9
2822	17
2823	14
2824	10
2825	16
2826	18
2827	15
2828	17
2829	10
2830	14
2831	17
2832	19
2833	16
2834	22
2835	14
2836	13
2837	16
2838	9
2839	14
2840	13
2841	18
2842	16
2843	18
2844	14
2845	9
2846	15
2847	12
2848	10
2849	15
2850	17
2851	20
2852	14
2853	14
2854	22
2855	16
2856	17
2857	14
2858	14
2859	21
2860	20
2861	15
2862	13
2863	21
2864	17
2865	20
2866	11
2867	15
2868	17
2869	13
2870	14
2871	18
2872	14
2873	25
2874	10
2875	9
2876	13
2877	15
2878	13
2879	9
2880	18
2881	18
2882	18
2883	12
2884	23
2885	15
2886	14
2887	18
2888	17
2889	15
2890	9
2891	15
2892	15
2893	18
2894	17
2895	15
2896	9
2897	15
2898	15
2899	16
2900	15
2901	20
2902	18
2903	10
2904	27
2905	21
2906	14
2907	20
2908	7
2909	17
2910	19
2911	14
2912	10
2913	14
2914	16
2915	14
2916	17
2917	21
2918	12
2919	14
2920	16
2921	12
2922	7
2923	17
2924	15
2925	11
2926	11
2927	10
2928	19
2929	15
2930	11
2931	13
2932	18
2933	15
2934	11
2935	11
2936	10
2937	10
2938	14
2939	13
2940	13
2941	17
2942	13
2943	12
2944	12
2945	18
2946	22
2947	15
2948	12
2949	16
2950	17
2951	12
2952	21
2953	13
2954	21
2955	14
2956	14
2957	9
2958	16
2959	11
2960	13
2961	18
2962	13
2963	6
2964	20
2965	10
2966	12
2967	13
2968	18
2969	14
2970	12
2971	21
2972	20
2973	19
2974	12
2975	20
2976	11
2977	12
2978	16
2979	16
2980	15
2981	16
2982	17
2983	13
2984	17
2985	19
2986	23
2987	16
2988	17
2989	21
2990	17
2991	12
2992	9
2993	14
2994	16
2995	15
2996	11
2997	14
2998	17
2999	15
3000	9
3001	13
3002	12
3003	15
3004	14
3005	10
3006	17
3007	16
3008	15
3009	13
3010	12
3011	16
3012	13
3013	19
3014	10
3015	10
3016	12
3017	11
3018	16
3019	12
3020	17
3021	16
3022	17
3023	9
3024	13
3025	16
3026	20
3027	14
3028	13
3029	14
3030	9
3031	11
3032	11
3033	15
3034	21
3035	10
3036	10
3037	11
3038	25
3039	19
3040	15
3041	12
3042	11
3043	20
3044	8
3045	14
3046	20
3047	17
3048	18
3049	14
3050	16
3051	21
3052	13
3053	23
3054	12
3055	22
3056	24
3057	21
3058	16
3059	17
3060	12
3061	25
3062	8
3063	15
3064	20
3065	16
3066	13
3067	13
3068	13
3069	22
3070	11
3071	20
3072	12
3073	20
3074	19
3075	23
3076	18
3077	27
3078	14
3079	19
3080	14
3081	13
3082	24
3083	25
3084	14
3085	19
3086	19
3087	11
3088	23
3089	15
3090	20
3091	19
3092	15
3093	13
3094	9
3095	14
3096	25
3097	9
3098	21
3099	13
3100	15
3101	14
3102	8
3103	18
3104	12
3105	13
3106	16
3107	15
3108	7
3109	18
3110	15
3111	19
3112	19
3113	11
3114	25
3115	13
3116	11
3117	15
3118	13
3119	16
3120	22
3121	28
3122	16
3123	14
3124	18
3125	15
3126	15
3127	25
3128	18
3129	10
3130	20
3131	11
3132	18
3133	22
3134	18
3135	15
3136	8
3137	19
3138	14
3139	23
3140	21
3141	24
3142	19
3143	20
3144	12
3145	16
3146	10
3147	23
3148	16
3149	14
3150	18
3151	17
3152	17
3153	20
3154	13
3155	13
3156	12
3157	14
3158	11
3159	20
3160	22
3161	14
3162	15
3163	18
3164	26
3165	9
3166	13
3167	17
3168	18
3169	22
3170	19
3171	28
3172	13
3173	10
3174	12
3175	18
3176	16
3177	21
3178	16
3179	18
3180	16
3181	21
3182	21
3183	16
3184	21
3185	14
3186	24
3187	17
3188	12
3189	16
3190	16
3191	22
3192	19
3193	25
3194	29
3195	29
3196	20
3197	16
3198	19
3199	15
3200	15
3201	17
3202	18
3203	20
3204	11
3205	14
3206	15
3207	19
3208	29
3209	23
3210	12
3211	17
3212	27
3213	20
3214	19
3215	15
3216	20
3217	16
3218	25
3219	18
3220	16
3221	14
3222	20
3223	18
3224	22
3225	24
3226	25
3227	19
3228	14
3229	20
3230	9
3231	7
3232	14
3233	23
3234	13
3235	21
3236	19
3237	18
3238	13
3239	22
3240	17
3241	16
3242	13
3243	18
3244	13
3245	16
3246	20
3247	14
3248	14
3249	9
3250	13
3251	14
3252	15
3253	16
3254	15
3255	17
3256	15
3257	31
3258	20
3259	12
3260	18
3261	22
3262	14
3263	16
3264	15
3265	18
3266	15
3267	18
3268	21
3269	18
3270	19
3271	19
3272	16
3273	16
3274	12
3275	16
3276	22
3277	11
3278	17
3279	24
3280	21
3281	18
3282	21
3283	18
3284	16
3285	15
3286	22
3287	14
3288	13
3289	10
3290	13
3291	16
3292	19
3293	13
3294	19
3295	16
3296	15
3297	21
3298	17
3299	23
3300	12
3301	18
3302	19
3303	15
3304	16
3305	22
3306	17
3307	18
3308	23
3309	25
3310	24
3311	24
3312	14
3313	17
3314	23
3315	20
3316	23
3317	23
3318	19
3319	18
3320	27
3321	22
3322	28
3323	23
3324	24
3325	29
3326	23
3327	16
3328	21
3329	19
3330	16
3331	23
3332	20
3333	25
3334	28
3335	26
3336	21
3337	20
3338	20
3339	23
3340	28
3341	21
3342	28
3343	15
3344	19
3345	29
3346	20
3347	20
3348	21
3349	22
3350	17
3351	18
3352	14
3353	15
3354	23
3355	14
3356	25
3357	18
3358	17
3359	14
3360	21
3361	10
3362	17
3363	20
3364	23
3365	14
3366	24
3367	15
3368	18
3369	19
3370	18
3371	21
3372	20
3373	11
3374	12
3375	23
3376	14
3377	14
3378	15
3379	22
3380	18
3381	17
3382	10
3383	18
3384	11
3385	19
3386	18
3387	17
3388	20
3389	19
3390	16
3391	19
3392	24
3393	16
3394	11
3395	21
3396	22
3397	14
3398	16
3399	18
3400	17
3401	21
3402	7
3403	16
3404	19
3405	12
3406	18
3407	9
3408	19
3409	14
3410	13
3411	13
3412	19
3413	25
3414	17
3415	24
3416	14
3417	18
3418	19
3419	24
3420	15
3421	16
3422	18
3423	21
3424	21
3425	17
3426	5
3427	18
3428	13
3429	27
3430	17
3431	18
3432	16
3433	14
3434	27
3435	23
3436	23
3437	20
3438	24
3439	11
3440	14
3441	19
3442	20
3443	16
3444	28
3445	20
3446	21
3447	16
3448	16
3449	23
3450	17
3451	21
3452	8
3453	10
3454	21
3455	18
3456	20
3457	16
3458	12
3459	18
3460	22
3461	15
3462	22
3463	14
3464	27
3465	16
3466	15
3467	22
3468	16
3469	16
3470	16
3471	23
3472	15
3473	23
3474	21
3475	19
3476	22
3477	18
3478	17
3479	17
3480	23
3481	19
3482	22
3483	17
3484	24
3485	23
3486	14
3487	20
3488	13
3489	16
3490	23
3491	17
3492	14
3493	11
3494	18
3495	13
3496	20
3497	22
3498	16
3499	25
3500	19
3501	10
3502	11
3503	17
3504	13
3505	17
3506	19
3507	29
3508	13
3509	17
3510	17
3511	19
3512	16
3513	16
3514	15
3515	22
3516	16
3517	12
3518	16
3519	12
3520	14
3521	21
3522	15
3523	18
3524	15
3525	9
3526	11
3527	18
3528	11
3529	17
3530	18
3531	15
3532	12
3533	12
3534	18
3535	13
3536	15
3537	12
3538	16
3539	18
3540	15
3541	18
3542	12
3543	19
3544	13
3545	18
3546	10
3547	11
3548	13
3549	10
3550	7
3551	12
3552	15
3553	13
3554	9
3555	18
3556	12
3557	9
3558	11
3559	16
3560	12
3561	9
3562	7
3563	10
3564	10
3565	12
3566	13
3567	17
3568	16
3569	7
3570	16
3571	9
3572	20
3573	14
3574	11
3575	9
3576	19
3577	14
3578	7
3579	12
3580	18
3581	19
3582	8
3583	13
3584	17
3585	11
3586	12
3587	15
3588	14
3589	12
3590	11
3591	23
3592	14
3593	13
3594	11
3595	11
3596	10
3597	15
3598	13
3599	20
3600	14
3601	12
3602	15
3603	11
3604	14
3605	12
3606	4
3607	6
3608	10
3609	13
3610	13
3611	8
3612	10
3613	11
3614	11
3615	8
3616	12
3617	22
3618	12
3619	14
3620	11
3621	7
3622	10
3623	9
3624	11
3625	5
3626	17
3627	12
3628	13
3629	14
3630	15
3631	11
3632	13
3633	20
3634	8
3635	13
3636	16
3637	12
3638	10
3639	10
3640	14
3641	17
3642	14
3643	11
3644	12
3645	10
3646	12
3647	5
3648	16
3649	3
3650	11
3651	9
3652	13
3653	11
3654	13
3655	13
3656	18
3657	15
3658	10
3659	17
3660	9
3661	11
3662	12
3663	10
3664	14
3665	13
3666	10
3667	13
3668	10
3669	12
3670	15
3671	4
3672	11
3673	18
3674	11
3675	13
3676	14
3677	14
3678	13
3679	9
3680	10
3681	15
3682	12
3683	9
3684	7
3685	16
3686	17
3687	20
3688	16
3689	13
3690	9
3691	10
3692	14
3693	14
3694	11
3695	15
3696	8
3697	13
3698	17
3699	15
3700	8
3701	14
3702	13
3703	12
3704	9
3705	15
3706	12
3707	11
3708	5
3709	21
3710	16
3711	10
3712	9
3713	11
3714	13
3715	10
3716	13
3717	8
3718	17
3719	16
3720	8
3721	13
3722	11
3723	11
3724	13
3725	16
3726	14
3727	11
3728	12
3729	19
3730	13
3731	9
3732	11
3733	11
3734	11
3735	6
3736	10
3737	9
3738	6
3739	11
3740	14
3741	12
3742	13
3743	20
3744	7
3745	12
3746	11
3747	15
3748	12
3749	7
3750	11
3751	7
3752	12
3753	9
3754	13
3755	14
3756	12
3757	11
3758	11
3759	9
3760	9
3761	7
3762	14
3763	6
3764	9
3765	6
3766	10
3767	11
3768	9
3769	12
3770	11
3771	5
3772	13
3773	15
3774	9
3775	10
3776	8
3777	12
3778	4
3779	11
3780	7
3781	4
3782	15
3783	15
3784	6
3785	5
3786	13
3787	11
3788	7
3789	10
3790	12
3791	11
3792	6
3793	10
3794	15
3795	3
3796	12
3797	12
3798	10
3799	10
3800	5
3801	8
3802	13
3803	12
3804	6
3805	8
3806	9
3807	8
3808	9
3809	8
3810	5
3811	8
3812	4
3813	10
3814	4
3815	2
3816	4
3817	2
3818	5
3819	9
3820	9
3821	7
3822	4
3823	5
3824	5
3825	10
3826	5
3827	9
3828	10
3829	8
3830	6
3831	6
3832	7
3833	7
3834	6
3835	7
3836	7
3837	8
3838	9
3839	10
3840	4
3841	7
3842	12
3843	6
3844	3
3845	4
3846	6
3847	7
3848	10
3849	6
3850	7
3851	4
3852	9
3853	9
3854	4
3855	10
3856	9
3857	11
3858	8
3859	6
3860	5
3861	5
3862	2
3863	7
3864	8
3865	4
3866	2
3867	6
3868	5
3869	6
3870	6
3871	8
3872	3
3873	6
3874	6
3875	4
3876	5
3877	6
3878	4
3879	9
3880	4
3881	4
3882	6
3883	7
3884	1
3885	2
3886	2
3887	8
3888	9
3889	4
3890	0
3891	7
3892	6
3893	6
3894	4
3895	7
3896	4
3897	8
3898	4
3899	3
3900	7
3901	5
3902	3
3903	7
3904	1
3905	5
3906	6
3907	10
3908	8
3909	4
3910	4
3911	4
3912	4
3913	6
3914	3
3915	5
3916	4
3917	8
3918	6
3919	9
3920	5
3921	4
3922	6
3923	7
3924	4
3925	9
3926	4
3927	2
3928	3
3929	8
3930	5
3931	5
3932	12
3933	12
3934	7
3935	8
3936	6
3937	4
3938	8
3939	8
3940	3
3941	9
3942	8
3943	6
3944	4
3945	7
3946	5
3947	4
3948	3
3949	2
3950	8
3951	10
3952	5
3953	9
3954	8
3955	5
3956	6
3957	8
3958	9
3959	7
3960	9
3961	5
3962	6
3963	4
3964	9
3965	9
3966	7
3967	6
3968	8
3969	9
3970	7
3971	8
3972	4
3973	6
3974	6
3975	9
3976	5
3977	4
3978	5
3979	12
3980	7
3981	6
3982	5
3983	5
3984	7
3985	5
3986	6
3987	6
3988	9
3989	6
3990	10
3991	6
3992	7
3993	9
3994	10
3995	12
3996	3
3997	8
3998	3
3999	11
4000	4
4001	8
4002	6
4003	5
4004	5
4005	6
4006	9
4007	7
4008	9
4009	10
4010	5
4011	9
4012	12
4013	9
4014	9
4015	10
4016	4
4017	13
4018	4
4019	5
4020	11
4021	11
4022	7
4023	10
4024	10
4025	7
4026	6
4027	6
4028	7
4029	9
4030	8
4031	7
4032	8
4033	7
4034	7
4035	5
4036	7
4037	10
4038	10
4039	13
4040	6
4041	6
4042	4
4043	5
4044	5
4045	9
4046	6
4047	9
4048	7
4049	5
4050	7
4051	2
4052	4
4053	6
4054	2
4055	8
4056	7
4057	6
4058	5
4059	9
4060	7
4061	7
4062	3
4063	9
4064	4
4065	11
4066	1
4067	5
4068	6
4069	3
4070	3
4071	2
4072	4
4073	2
4074	8
4075	6
4076	4
4077	8
4078	3
4079	7
4080	1
4081	4
4082	11
4083	5
4084	5
4085	0
4086	6
4087	5
4088	4
4089	2
4090	4
4091	4
4092	7
4093	1
4094	5
4095	4
4096	3
4097	3
4098	4
4099	3
4100	6
4101	4
4102	9
4103	3
4104	6
4105	4
4106	6
4107	7
4108	2
4109	4
4110	4
4111	1
4112	3
4113	3
4114	3
4115	5
4116	4
4117	2
4118	6
4119	2
4120	5
4121	6
4122	1
4123	7
4124	3
4125	1
4126	3
4127	6
4128	2
4129	1
4130	1
4131	4
4132	4
4133	6
4134	5
4135	4
4136	6
4137	7
4138	1
4139	1
4140	2
4141	12
4142	2
4143	8
4144	5
4145	7
4146	3
4147	5
4148	4
4149	4
4150	4
4151	7
4152	3
4153	6
4154	3
4155	5
4156	4
4157	2
4158	2
4159	1
4160	3
4161	5
4162	6
4163	2
4164	3
4165	2
4166	8
4167	6
4168	7
4169	9
4170	3
4171	5
4172	7
4173	6
4174	2
4175	4
4176	2
4177	0
4178	7
4179	7
4180	4
4181	3
4182	4
4183	4
4184	4
4185	1
4186	2
4187	4
4188	5
4189	3
4190	7
4191	3
4192	2
4193	3
4194	5
4195	5
4196	7
4197	2
4198	5
4199	3
4200	5
4201	7
4202	1
4203	8
4204	8
4205	3
4206	4
4207	8
4208	6
4209	2
4210	7
4211	3
4212	4
4213	1
4214	5
4215	3
4216	10
4217	6
4218	2
4219	6
4220	4
4221	2
4222	5
4223	2
4224	5
4225	3
4226	4
4227	3
4228	1
4229	2
4230	1
4231	3
4232	4
4233	5
4234	4
4235	3
4236	4
4237	3
4238	4
4239	4
4240	4
4241	3
4242	1
4243	4
4244	5
4245	3
4246	3
4247	5
4248	4
4249	4
4250	4
4251	4
4252	4
4253	4
4254	4
4255	3
4256	4
4257	3
4258	0
4259	5
4260	4
4261	3
4262	7
4263	7
4264	3
4265	4
4266	2
4267	2
4268	5
4269	4
4270	6
4271	2
4272	4
4273	0
4274	1
4275	2
4276	7
4277	1
4278	5
4279	0
4280	2
4281	2
4282	2
4283	5
4284	3
4285	4
4286	3
4287	1
4288	1
4289	7
4290	3
4291	4
4292	3
4293	3
4294	3
4295	6
4296	6
4297	5
4298	3
4299	4
4300	3
4301	3
4302	3
4303	6
4304	2
4305	5
4306	2
4307	1
4308	4
4309	4
4310	2
4311	2
4312	2
4313	5
4314	3
4315	5
4316	1
4317	5
4318	1
4319	4
4320	4
4321	1
4322	5
4323	2
4324	5
4325	4
4326	3
4327	2
4328	2
4329	3
4330	5
4331	4
4332	5
4333	2
4334	1
4335	2
4336	2
4337	2
4338	3
4339	3
4340	3
4341	1
4342	1
4343	1
4344	5
4345	4
4346	4
4347	2
4348	2
4349	6
4350	5
4351	5
4352	4
4353	6
4354	2
4355	2
4356	4
4357	2
4358	6
4359	0
4360	2
4361	2
4362	5
4363	2
4364	4
4365	5
4366	2
4367	4
4368	0
4369	4
4370	1
4371	2
4372	5
4373	2
4374	3
4375	0
4376	1
4377	1
4378	3
4379	6
4380	0
4381	3
4382	3
4383	1
4384	3
4385	3
4386	2
4387	5
4388	7
4389	5
4390	2
4391	4
4392	3
4393	2
4394	4
4395	4
4396	1
4397	2
4398	2
4399	4
4400	4
4401	1
4402	6
4403	2
4404	3
4405	3
4406	5
4407	3
4408	2
4409	2
4410	2
4411	2
4412	1
4413	3
4414	7
4415	3
4416	3
4417	3
4418	4
4419	0
4420	4
4421	0
4422	1
4423	4
4424	3
4425	9
4426	5
4427	1
4428	0
4429	4
4430	5
4431	1
4432	2
4433	7
4434	4
4435	5
4436	2
4437	1
4438	7
4439	5
4440	2
4441	2
4442	4
4443	1
4444	0
4445	1
4446	3
4447	1
4448	3
4449	2
4450	5
4451	3
4452	1
4453	3
4454	2
4455	5
4456	6
4457	4
4458	5
4459	2
4460	2
4461	1
4462	3
4463	2
4464	2
4465	4
4466	4
4467	5
4468	2
4469	6
4470	0
4471	3
4472	1
4473	2
4474	3
4475	6
4476	2
4477	3
4478	2
4479	5
4480	2
4481	7
4482	5
4483	1
4484	1
4485	1
4486	2
4487	1
4488	6
4489	2
4490	1
4491	4
4492	5
4493	1
4494	7
4495	1
4496	3
4497	1
4498	2
4499	5
4500	4
4501	4
4502	3
4503	1
4504	1
4505	7
4506	1
4507	2
4508	2
4509	1
4510	4
4511	1
4512	2
4513	2
4514	1
4515	5
4516	3
4517	2
4518	4
4519	5
4520	4
4521	6
4522	1
4523	1
4524	3
4525	4
4526	2
4527	2
4528	3
4529	2
4530	2
4531	0
4532	1
4533	0
4534	7
4535	1
4536	3
4537	3
4538	4
4539	4
4540	2
4541	2
4542	4
4543	2
4544	2
4545	5
4546	1
4547	1
4548	7
4549	3
4550	1
4551	2
4552	3
4553	2
4554	0
4555	1
4556	4
4557	5
4558	5
4559	4
4560	3
4561	2
4562	4
4563	3
4564	3
4565	2
4566	2
4567	3
4568	2
4569	4
4570	0
4571	0
4572	0
4573	3
4574	4
4575	3
4576	1
4577	0
4578	2
4579	3
4580	3
4581	0
4582	2
4583	2
4584	2
4585	3
4586	3
4587	2
4588	2
4589	1
4590	3
4591	2
4592	3
4593	3
4594	4
4595	2
4596	4
4597	7
4598	0
4599	4
4600	0
4601	3
4602	0
4603	2
4604	2
4605	3
4606	2
4607	2
4608	2
4609	0
4610	2
4611	5
4612	3
4613	1
4614	2
4615	5
4616	4
4617	0
4618	1
4619	6
4620	2
4621	1
4622	3
4623	2
4624	1
4625	1
4626	0
4627	3
4628	0
4629	1
4630	2
4631	2
4632	3
4633	4
4634	1
4635	4
4636	2
4637	2
4638	3
4639	4
4640	4
4641	2
4642	1
4643	2
4644	4
4645	1
4646	3
4647	4
4648	1
4649	2
4650	2
4651	1
4652	1
4653	2
4654	3
4655	1
4656	1
4657	3
4658	2
4659	3
4660	3
4661	1
4662	2
4663	0
4664	3
4665	0
4666	2
4667	2
4668	2
4669	1
4670	1
4671	3
4672	0
4673	2
4674	3
4675	1
4676	1
4677	3
4678	6
4679	4
4680	0
4681	2
4682	6
4683	0
4684	1
4685	3
4686	2
4687	1
4688	4
4689	1
4690	0
4691	1
4692	1
4693	1
4694	4
4695	4
4696	3
4697	1
4698	3
4699	2
4700	3
4701	1
4702	3
4703	2
4704	2
4705	2
4706	4
4707	3
4708	0
4709	1
4710	3
4711	1
4712	2
4713	0
4714	1
4715	6
4716	1
4717	1
4718	3
4719	2
4720	2
4721	3
4722	1
4723	1
4724	2
4725	5
4726	4
4727	2
4728	5
4729	1
4730	3
4731	4
4732	1
4733	2
4734	4
4735	1
4736	1
4737	1
4738	2
4739	2
4740	1
4741	1
4742	1
4743	1
4744	3
4745	4
4746	4
4747	0
4748	4
4749	1
4750	3
4751	0
4752	3
4753	2
4754	0
4755	3
4756	3
4757	4
4758	3
4759	3
4760	4
4761	1
4762	4
4763	0
4764	6
4765	3
4766	4
4767	3
4768	2
4769	2
4770	0
4771	4
4772	1
4773	1
4774	2
4775	1
4776	2
4777	1
4778	4
4779	1
4780	6
4781	3
4782	3
4783	4
4784	0
4785	4
4786	2
4787	1
4788	1
4789	4
4790	4
4791	0
4792	0
4793	1
4794	1
4795	1
4796	1
4797	1
4798	0
4799	2
4800	2
4801	2
4802	1
4803	2
4804	2
4805	1
4806	1
4807	0
4808	1
4809	6
4810	4
4811	3
4812	2
4813	0
4814	2
4815	4
4816	1
4817	2
4818	4
4819	1
4820	4
4821	1
4822	2
4823	2
4824	1
4825	3
4826	1
4827	1
4828	2
4829	1
4830	0
4831	2
4832	3
4833	2
4834	2
4835	0
4836	2
4837	1
4838	3
4839	4
4840	4
4841	1
4842	1
4843	0
4844	1
4845	1
4846	2
4847	0
4848	1
4849	2
4850	3
4851	2
4852	2
4853	2
4854	1
4855	3
4856	0
4857	3
4858	0
4859	1
4860	2
4861	4
4862	0
4863	4
4864	2
4865	2
4866	1
4867	4
4868	2
4869	0
4870	1
4871	0
4872	1
4873	1
4874	1
4875	2
4876	2
4877	2
4878	0
4879	2
4880	5
4881	3
4882	1
4883	4
4884	0
4885	3
4886	3
4887	1
4888	1
4889	3
4890	2
4891	2
4892	2
4893	0
4894	3
4895	4
4896	2
4897	3
4898	1
4899	3
4900	2
4901	1
4902	2
4903	1
4904	3
4905	1
4906	3
4907	7
4908	6
4909	3
4910	2
4911	1
4912	3
4913	4
4914	3
4915	1
4916	3
4917	2
4918	4
4919	4
4920	0
4921	3
4922	6
4923	1
4924	2
4925	3
4926	0
4927	1
4928	3
4929	1
4930	3
4931	4
4932	0
4933	1
4934	5
4935	1
4936	2
4937	7
4938	3
4939	3
4940	3
4941	2
4942	3
4943	4
4944	1
4945	1
4946	2
4947	1
4948	5
4949	2
4950	2
4951	0
4952	2
4953	3
4954	1
4955	4
4956	2
4957	2
4958	2
4959	3
4960	4
4961	2
4962	4
4963	3
4964	4
4965	3
4966	5
4967	2
4968	3
4969	5
4970	1
4971	1
4972	3
4973	3
4974	0
4975	2
4976	6
4977	3
4978	2
4979	3
4980	2
4981	3
4982	4
4983	2
4984	2
4985	2
4986	3
4987	5
4988	1
4989	4
4990	3
4991	1
4992	1
4993	3
4994	1
4995	4
4996	0
4997	2
4998	2
4999	4
5000	3
5001	3
5002	3
5003	3
5004	6
5005	1
5006	3
5007	1
5008	4
5009	2
5010	3
5011	0
5012	1
5013	4
5014	5
5015	1
5016	2
5017	2
5018	3
5019	1
5020	2
5021	4
5022	2
5023	1
5024	1
5025	4
5026	4
5027	3
5028	1
5029	2
5030	2
5031	1
5032	2
5033	1
5034	2
5035	0
5036	2
5037	4
5038	0
5039	2
5040	3
5041	3
5042	4
5043	2
5044	1
5045	4
5046	3
5047	2
5048	5
5049	4
5050	6
5051	3
5052	0
5053	3
5054	2
5055	5
5056	4
5057	5
5058	4
5059	2
5060	4
5061	2
5062	3
5063	2
5064	3
5065	2
5066	0
5067	2
5068	1
5069	3
5070	2
5071	0
5072	1
5073	4
5074	3
5075	2
5076	4
5077	0
5078	3
5079	0
5080	1
5081	1
5082	2
5083	4
5084	0
5085	1
5086	4
5087	3
5088	3
5089	2
5090	1
5091	4
5092	1
5093	2
5094	2
5095	3
5096	1
5097	0
5098	4
5099	2
5100	3
5101	1
5102	2
5103	2
5104	0
5105	1
5106	3
5107	3
5108	1
5109	2
5110	0
5111	2
5112	2
5113	0
5114	3
5115	0
5116	4
5117	0
5118	3
5119	1
5120	3
5121	3
5122	1
5123	0
5124	2
5125	1
5126	3
5127	5
5128	0
5129	2
5130	1
5131	1
5132	5
5133	4
5134	0
5135	4
5136	4
5137	1
5138	2
5139	4
5140	2
5141	1
5142	0
5143	4
5144	2
5145	2
5146	3
5147	1
5148	2
5149	1
5150	3
5151	2
5152	0
5153	0
5154	2
5155	1
5156	3
5157	2
5158	4
5159	2
5160	0
5161	6
5162	3
5163	2
5164	2
5165	1
5166	2
5167	2
5168	2
5169	3
5170	3
5171	3
5172	0
5173	3
5174	0
5175	5
5176	0
5177	2
5178	1
5179	2
5180	6
5181	0
5182	2
5183	2
5184	3
5185	2
5186	3
5187	4
5188	2
5189	3
5190	1
5191	1
5192	3
5193	1
5194	1
5195	0
5196	1
5197	2
5198	1
5199	0
5200	1
5201	3
5202	3
5203	1
5204	2
5205	2
5206	4
5207	0
5208	0
5209	3
5210	3
5211	1
5212	2
5213	1
5214	2
5215	1
5216	0
5217	3
5218	3
5219	1
5220	1
5221	2
5222	2
5223	2
5224	2
5225	4
5226	1
5227	5
5228	2
5229	5
5230	4
5231	2
5232	2
5233	2
5234	0
5235	1
5236	3
5237	2
5238	2
5239	1
5240	2
5241	2
5242	1
5243	1
5244	2
5245	2
5246	4
5247	0
5248	2
5249	3
5250	5
5251	4
5252	1
5253	0
5254	1
5255	6
5256	4
5257	0
5258	3
5259	3
5260	1
5261	2
5262	4
5263	1
5264	0
5265	2
5266	4
5267	2
5268	2
5269	2
5270	1
5271	2
5272	7
5273	1
5274	3
5275	5
5276	1
5277	2
5278	0
5279	0
5280	0
5281	2
5282	4
5283	1
5284	3
5285	4
5286	0
5287	1
5288	3
5289	1
5290	1
5291	3
5292	3
5293	3
5294	3
5295	0
5296	3
5297	0
5298	3
5299	0
5300	0
5301	1
5302	2
5303	1
5304	1
5305	0
5306	1
5307	0
5308	3
5309	2
5310	3
5311	1
5312	2
5313	1
5314	2
5315	2
5316	1
5317	4
5318	2
5319	3
5320	0
5321	1
5322	1
5323	4
5324	0
5325	5
5326	2
5327	1
5328	3
5329	0
5330	1
5331	3
5332	1
5333	1
5334	2
5335	1
5336	2
5337	0
5338	0
5339	2
5340	0
5341	2
5342	2
5343	0
5344	2
5345	1
5346	2
5347	2
5348	0
5349	3
5350	2
5351	1
5352	0
5353	1
5354	1
5355	1
5356	0
5357	2
5358	1
5359	1
5360	1
5361	2
5362	0
5363	2
5364	1
5365	0
5366	1
5367	1
5368	2
5369	5
5370	1
5371	4
5372	3
5373	1
5374	3
5375	3
5376	2
5377	2
5378	4
5379	3
5380	2
5381	1
5382	0
5383	0
5384	1
5385	3
5386	2
5387	0
5388	0
5389	5
5390	2
5391	3
5392	3
5393	2
5394	3
5395	2
5396	5
5397	2
5398	2
5399	2
5400	4
5401	2
5402	4
5403	4
5404	2
5405	3
5406	1
5407	0
5408	0
5409	1
5410	1
5411	3
5412	1
5413	4
5414	4
5415	0
5416	0
5417	3
5418	1
5419	2
5420	0
5421	2
5422	1
5423	1
5424	2
5425	2
5426	3
5427	1
5428	5
5429	2
5430	2
5431	2
5432	4
5433	2
5434	4
5435	2
5436	1
5437	2
5438	0
5439	4
5440	0
5441	1
5442	3
5443	2
5444	2
5445	2
5446	2
5447	1
5448	2
5449	1
5450	5
5451	0
5452	2
5453	1
5454	3
5455	3
5456	3
5457	3
5458	0
5459	4
5460	2
5461	0
5462	1
5463	1
5464	0
5465	1
5466	2
5467	3
5468	1
5469	4
5470	3
5471	1
5472	0
5473	2
5474	3
5475	1
5476	2
5477	3
5478	1
5479	3
5480	2
5481	2
5482	4
5483	1
5484	1
5485	2
5486	0
5487	1
5488	1
5489	1
5490	2
5491	1
5492	2
5493	2
5494	2
5495	1
5496	1
5497	1
5498	1
5499	3
5500	0
5501	3
5502	4
5503	0
5504	1
5505	0
5506	1
5507	2
5508	2
5509	3
5510	3
5511	0
5512	2
5513	2
5514	1
5515	2
5516	0
5517	2
5518	0
5519	1
5520	2
5521	4
5522	4
5523	1
5524	0
5525	2
5526	2
5527	4
5528	2
5529	5
5530	0
5531	1
5532	1
5533	2
5534	2
5535	2
5536	1
5537	0
5538	2
5539	4
5540	0
5541	1
5542	1
5543	3
5544	0
5545	1
5546	3
5547	2
5548	1
5549	0
5550	0
5551	0
5552	2
5553	3
5554	1
5555	0
5556	3
5557	3
5558	1
5559	3
5560	1
5561	1
5562	2
5563	2
5564	0
5565	4
5566	1
5567	2
5568	0
5569	3
5570	2
5571	0
5572	1
5573	4
5574	3
5575	4
5576	1
5577	1
5578	1
5579	4
5580	1
5581	0
5582	2
5583	3
5584	2
5585	1
5586	2
5587	2
5588	1
5589	3
5590	3
5591	2
5592	0
5593	1
5594	1
5595	2
5596	1
5597	2
5598	1
5599	2
5600	5
5601	2
5602	1
5603	4
5604	1
5605	1
5606	4
5607	4
5608	2
5609	0
5610	2
5611	1
5612	5
5613	1
5614	2
5615	0
5616	0
5617	1
5618	2
5619	0
5620	2
5621	4
5622	2
5623	1
5624	2
5625	2
5626	2
5627	1
5628	2
5629	2
5630	2
5631	3
5632	1
5633	3
5634	0
5635	2
5636	3
5637	2
5638	1
5639	3
5640	1
5641	2
5642	2
5643	1
5644	3
5645	1
5646	0
5647	0
5648	3
5649	1
5650	1
5651	1
5652	6
5653	1
5654	1
5655	2
5656	1
5657	4
5658	3
5659	4
5660	0
5661	2
5662	2
5663	3
5664	2
5665	4
5666	2
5667	1
5668	1
5669	0
5670	3
5671	1
5672	3
5673	1
5674	1
5675	2
5676	3
5677	3
5678	2
5679	4
5680	1
5681	2
5682	0
5683	0
5684	2
5685	2
5686	1
5687	2
5688	5
5689	4
5690	1
5691	3
5692	0
5693	0
5694	4
5695	3
5696	4
5697	2
5698	3
5699	2
5700	1
5701	2
5702	2
5703	0
5704	3
5705	2
5706	4
5707	0
5708	2
5709	2
5710	1
5711	3
5712	0
5713	0
5714	3
5715	4
5716	0
5717	1
5718	0
5719	2
5720	1
5721	2
5722	2
5723	2
5724	5
5725	5
5726	5
5727	2
5728	0
5729	8
5730	2
5731	2
5732	2
5733	2
5734	2
5735	2
5736	1
5737	1
5738	2
5739	4
5740	3
5741	2
5742	2
5743	4
5744	0
5745	3
5746	2
5747	2
5748	3
5749	2
5750	2
5751	2
5752	0
5753	2
5754	2
5755	2
5756	0
5757	3
5758	3
5759	2
5760	2
5761	0
5762	3
5763	1
5764	2
5765	0
5766	1
5767	3
5768	0
5769	0
5770	1
5771	1
5772	1
5773	2
5774	1
5775	2
5776	2
5777	3
5778	1
5779	2
5780	1
5781	0
5782	3
5783	1
5784	0
5785	3
5786	1
5787	4
5788	2
5789	0
5790	1
5791	3
5792	1
5793	0
5794	1
5795	1
5796	1
5797	1
5798	2
5799	2
5800	1
5801	3
5802	0
5803	0
5804	2
5805	1
5806	1
5807	0
5808	1
5809	2
5810	0
5811	0
5812	2
5813	1
5814	1
5815	1
5816	2
5817	0
5818	3
5819	0
5820	1
5821	1
5822	0
5823	0
5824	2
5825	3
5826	0
5827	1
5828	0
5829	2
5830	1
5831	0
5832	1
5833	2
5834	2
5835	0
5836	4
5837	2
5838	0
5839	2
5840	0
5841	1
5842	3
5843	2
5844	3
5845	2
5846	1
5847	2
5848	0
5849	2
5850	3
5851	0
5852	1
5853	0
5854	1
5855	2
5856	0
5857	2
5858	3
5859	2
5860	2
5861	0
5862	1
5863	4
5864	3
5865	1
5866	1
5867	0
5868	2
5869	1
5870	2
5871	2
5872	0
5873	1
5874	1
5875	2
5876	3
5877	2
5878	0
5879	2
5880	1
5881	3
5882	1
5883	2
5884	1
5885	0
5886	1
5887	1
5888	1
5889	1
5890	3
5891	0
5892	1
5893	2
5894	2
5895	2
5896	2
5897	2
5898	1
5899	1
5900	2
5901	0
5902	1
5903	3
5904	1
5905	1
5906	1
5907	2
5908	2
5909	1
5910	0
5911	2
5912	2
5913	0
5914	1
5915	1
5916	3
5917	4
5918	1
5919	1
5920	3
5921	2
5922	1
5923	2
5924	1
5925	0
5926	0
5927	2
5928	2
5929	3
5930	2
5931	1
5932	2
5933	0
5934	1
5935	2
5936	6
5937	0
5938	0
5939	2
5940	0
5941	1
5942	2
5943	1
5944	3
5945	2
5946	1
5947	2
5948	1
5949	2
5950	2
5951	0
5952	2
5953	2
5954	1
5955	2
5956	3
5957	1
5958	5
5959	0
5960	2
5961	2
5962	2
5963	3
5964	0
5965	1
5966	1
5967	1
5968	5
5969	6
5970	1
5971	2
5972	1
5973	0
5974	2
5975	2
5976	2
5977	1
5978	2
5979	1
5980	3
5981	2
5982	3
5983	1
5984	1
5985	2
5986	0
5987	2
5988	1
5989	1
5990	2
5991	2
5992	1
5993	3
5994	3
5995	0
5996	2
5997	2
5998	3
5999	1
6000	3
6001	4
6002	3
6003	1
6004	4
6005	2
6006	1
6007	3
6008	2
6009	2
6010	4
6011	2
6012	3
6013	1
6014	2
6015	1
6016	0
6017	2
6018	2
6019	3
6020	2
6021	2
6022	3
6023	0
6024	1
6025	1
6026	1
6027	1
6028	0
6029	2
6030	0
6031	4
6032	1
6033	0
6034	0
6035	3
6036	0
6037	3
6038	0
6039	1
6040	0
6041	2
6042	1
6043	1
6044	3
6045	0
6046	1
6047	0
6048	2
6049	1
6050	3
6051	3
6052	2
6053	1
6054	0
6055	2
6056	1
6057	2
6058	0
6059	1
6060	2
6061	1
6062	1
6063	1
6064	2
6065	2
6066	2
6067	3
6068	1
6069	3
6070	0
6071	1
6072	0
6073	2
6074	0
6075	1
6076	4
6077	2
6078	3
6079	1
6080	3
6081	1
6082	1
6083	2
6084	2
6085	2
6086	0
6087	2
6088	1
6089	1
6090	1
6091	0
6092	5
6093	1
6094	0
6095	2
6096	4
6097	3
6098	4
6099	3
6100	2
6101	2
6102	1
6103	1
6104	2
6105	3
6106	2
6107	1
6108	2
6109	4
6110	2
6111	0
6112	3
6113	2
6114	4
6115	2
6116	3
6117	0
6118	3
6119	1
6120	0
6121	1
6122	4
6123	4
6124	1
6125	1
6126	2
6127	4
6128	1
6129	2
6130	3
6131	5
6132	4
6133	5
6134	0
6135	1
6136	2
6137	1
6138	1
6139	2
6140	3
6141	0
6142	2
6143	1
6144	3
6145	2
6146	3
6147	1
6148	3
6149	0
6150	7
6151	2
6152	0
6153	3
6154	4
6155	4
6156	1
6157	2
6158	1
6159	1
6160	1
6161	4
6162	4
6163	3
6164	3
6165	5
6166	1
6167	0
6168	1
6169	0
6170	2
6171	3
6172	2
6173	2
6174	1
6175	5
6176	3
6177	0
6178	1
6179	0
6180	1
6181	1
6182	1
6183	2
6184	3
6185	2
6186	5
6187	0
6188	0
6189	3
6190	3
6191	1
6192	3
6193	2
6194	1
6195	3
6196	3
6197	3
6198	4
6199	1
6200	1
6201	3
6202	3
6203	0
6204	1
6205	2
6206	2
6207	1
6208	0
6209	1
6210	1
6211	0
6212	1
6213	3
6214	1
6215	1
6216	1
6217	5
6218	0
6219	2
6220	1
6221	0
6222	4
6223	1
6224	3
6225	3
6226	1
6227	0
6228	1
6229	1
6230	1
6231	3
6232	2
6233	3
6234	0
6235	1
6236	2
6237	2
6238	0
6239	3
6240	1
6241	8
6242	1
6243	3
6244	1
6245	3
6246	3
6247	0
6248	2
6249	0
6250	1
6251	2
6252	3
6253	4
6254	1
6255	1
6256	1
6257	3
6258	4
6259	2
6260	0
6261	0
6262	2
6263	1
6264	4
6265	2
6266	1
6267	2
6268	1
6269	0
6270	1
6271	2
6272	0
6273	2
6274	2
6275	1
6276	2
6277	0
6278	0
6279	3
6280	4
6281	1
6282	0
6283	3
6284	3
6285	2
6286	0
6287	1
6288	3
6289	2
6290	1
6291	4
6292	0
6293	0
6294	4
6295	1
6296	4
6297	3
6298	1
6299	0
6300	1
6301	2
6302	2
6303	1
6304	1
6305	0
6306	2
6307	1
6308	0
6309	3
6310	4
6311	1
6312	3
6313	4
6314	1
6315	0
6316	1
6317	2
6318	0
6319	1
6320	0
6321	2
6322	1
6323	0
6324	1
6325	0
6326	4
6327	2
6328	1
6329	2
6330	2
6331	2
6332	0
6333	3
6334	3
6335	1
6336	2
6337	1
6338	1
6339	1
6340	0
6341	3
6342	4
6343	1
6344	1
6345	1
6346	0
6347	0
6348	0
6349	1
6350	0
6351	1
6352	4
6353	0
6354	1
6355	1
6356	2
6357	0
6358	1
6359	2
6360	0
6361	3
6362	0
6363	3
6364	1
6365	2
6366	1
6367	1
6368	0
6369	2
6370	0
6371	2
6372	3
6373	6
6374	1
6375	3
6376	1
6377	3
6378	1
6379	2
6380	6
6381	4
6382	0
6383	2
6384	1
6385	4
6386	1
6387	2
6388	1
6389	2
6390	3
6391	0
6392	1
6393	0
6394	0
6395	2
6396	2
6397	1
6398	1
6399	1
6400	3
6401	0
6402	3
6403	2
6404	3
6405	3
6406	3
6407	3
6408	1
6409	1
6410	0
6411	0
6412	2
6413	4
6414	4
6415	2
6416	4
6417	2
6418	0
6419	0
6420	3
6421	2
6422	5
6423	2
6424	0
6425	1
6426	0
6427	1
6428	3
6429	2
6430	1
6431	3
6432	0
6433	0
6434	1
6435	2
6436	2
6437	0
6438	3
6439	2
6440	0
6441	4
6442	1
6443	1
6444	4
6445	0
6446	1
6447	1
6448	2
6449	0
6450	1
6451	2
6452	2
6453	0
6454	2
6455	0
6456	3
6457	0
6458	1
6459	2
6460	0
6461	0
6462	3
6463	1
6464	1
6465	2
6466	3
6467	1
6468	0
6469	3
6470	3
6471	0
6472	6
6473	1
6474	2
6475	1
6476	2
6477	3
6478	1
6479	0
6480	3
6481	0
6482	1
6483	2
6484	3
6485	1
6486	3
6487	0
6488	3
6489	2
6490	1
6491	1
6492	2
6493	1
6494	2
6495	1
6496	5
6497	3
6498	0
6499	4
6500	4
6501	4
6502	2
6503	1
6504	1
6505	3
6506	1
6507	3
6508	1
6509	1
6510	2
6511	0
6512	0
6513	0
6514	3
6515	3
6516	1
6517	2
6518	2
6519	1
6520	1
6521	1
6522	3
6523	2
6524	2
6525	4
6526	1
6527	0
6528	2
6529	0
6530	0
6531	1
6532	0
6533	2
6534	2
6535	0
6536	2
6537	1
6538	2
6539	0
6540	2
6541	3
6542	3
6543	1
6544	1
6545	2
6546	2
6547	2
6548	2
6549	2
6550	1
6551	1
6552	0
6553	3
6554	4
6555	4
6556	0
6557	0
6558	2
6559	3
6560	0
6561	1
6562	3
6563	0
6564	1
6565	2
6566	1
6567	0
6568	3
6569	2
6570	2
6571	2
6572	2
6573	1
6574	0
6575	2
6576	2
6577	1
6578	2
6579	0
6580	1
6581	0
6582	2
6583	0
6584	1
6585	2
6586	3
6587	1
6588	0
6589	0
6590	4
6591	1
6592	1
6593	1
6594	1
6595	1
6596	1
6597	4
6598	2
6599	4
6600	1
6601	1
6602	2
6603	0
6604	2
6605	0
6606	2
6607	1
6608	1
6609	3
6610	1
6611	2
6612	1
6613	5
6614	0
6615	1
6616	4
6617	1
6618	2
6619	1
6620	1
6621	0
6622	2
6623	1
6624	1
6625	0
6626	2
6627	0
6628	1
6629	1
6630	1
6631	2
6632	1
6633	2
6634	0
6635	2
6636	0
6637	3
6638	0
6639	2
6640	1
6641	2
6642	1
6643	1
6644	3
6645	0
6646	0
6647	1
6648	1
6649	1
6650	0
6651	0
6652	4
6653	1
6654	2
6655	0
6656	3
6657	2
6658	0
6659	1
6660	0
6661	0
6662	3
6663	3
6664	1
6665	2
6666	0
6667	0
6668	0
6669	1
6670	0
6671	3
6672	0
6673	0
6674	2
6675	3
6676	0
6677	2
6678	1
6679	0
6680	0
6681	1
6682	1
6683	1
6684	3
6685	4
6686	1
6687	2
6688	0
6689	1
6690	2
6691	2
6692	1
6693	1
6694	2
6695	2
6696	0
6697	1
6698	1
6699	4
6700	1
6701	0
6702	2
6703	0
6704	1
6705	0
6706	1
6707	1
6708	0
6709	2
6710	0
6711	2
6712	1
6713	3
6714	1
6715	1
6716	1
6717	4
6718	4
6719	1
6720	0
6721	0
6722	2
6723	1
6724	0
6725	1
6726	0
6727	0
6728	1
6729	0
6730	3
6731	0
6732	1
6733	1
6734	1
6735	1
6736	2
6737	1
6738	0
6739	0
6740	3
6741	0
6742	2
6743	3
6744	0
6745	1
6746	0
6747	1
6748	2
6749	4
6750	1
6751	3
6752	3
6753	3
6754	2
6755	3
6756	0
6757	2
6758	1
6759	1
6760	1
6761	3
6762	2
6763	1
6764	4
6765	1
6766	1
6767	0
6768	5
6769	2
6770	1
6771	2
6772	1
6773	5
6774	3
6775	4
6776	3
6777	3
6778	3
6779	4
6780	1
6781	1
6782	1
6783	1
6784	1
6785	1
6786	3
6787	1
6788	2
6789	0
6790	0
6791	1
6792	5
6793	3
6794	2
6795	2
6796	4
6797	2
6798	1
6799	3
6800	3
6801	2
6802	0
6803	4
6804	3
6805	2
6806	1
6807	0
6808	2
6809	2
6810	2
6811	0
6812	2
6813	1
6814	1
6815	1
6816	3
6817	3
6818	1
6819	1
6820	1
6821	1
6822	4
6823	0
6824	3
6825	2
6826	0
6827	2
6828	3
6829	1
6830	2
6831	3
6832	0
6833	2
6834	2
6835	1
6836	2
6837	3
6838	1
6839	0
6840	0
6841	1
6842	1
6843	2
6844	0
6845	2
6846	1
6847	3
6848	5
6849	1
6850	1
6851	2
6852	1
6853	1
6854	0
6855	0
6856	1
6857	4
6858	0
6859	3
6860	1
6861	0
6862	1
6863	1
6864	3
6865	2
6866	0
6867	4
6868	0
6869	3
6870	0
6871	1
6872	1
6873	0
6874	0
6875	1
6876	1
6877	5
6878	0
6879	1
6880	1
6881	2
6882	1
6883	0
6884	0
6885	0
6886	1
6887	3
6888	0
6889	1
6890	2
6891	1
6892	0
6893	1
6894	2
6895	1
6896	0
6897	1
6898	3
6899	0
6900	0
6901	0
6902	0
6903	0
6904	1
6905	0
6906	1
6907	1
6908	0
6909	1
6910	1
6911	1
6912	3
6913	3
6914	1
6915	1
6916	2
6917	1
6918	2
6919	1
6920	0
6921	1
6922	0
6923	2
6924	1
6925	0
6926	4
6927	3
6928	1
6929	2
6930	2
6931	1
6932	1
6933	2
6934	1
6935	1
6936	1
6937	1
6938	3
6939	3
6940	0
6941	0
6942	2
6943	3
6944	1
6945	1
6946	1
6947	1
6948	1
6949	0
6950	0
6951	2
6952	0
6953	2
6954	0
6955	1
6956	2
6957	0
6958	1
6959	0
6960	1
6961	1
6962	0
6963	1
6964	1
6965	1
6966	2
6967	4
6968	4
6969	0
6970	2
6971	0
6972	0
6973	2
6974	2
6975	2
6976	2
6977	0
6978	1
6979	1
6980	2
6981	4
6982	1
6983	5
6984	3
6985	1
6986	0
6987	1
6988	3
6989	2
6990	1
6991	1
6992	0
6993	0
6994	1
6995	0
6996	0
6997	0
6998	1
6999	0
7000	3
7001	0
7002	2
7003	3
7004	3
7005	1
7006	1
7007	2
7008	1
7009	5
7010	1
7011	1
7012	0
7013	2
7014	1
7015	2
7016	2
7017	1
7018	2
7019	5
7020	1
7021	1
7022	2
7023	2
7024	3
7025	1
7026	0
7027	1
7028	1
7029	0
7030	1
7031	4
7032	2
7033	1
7034	3
7035	2
7036	2
7037	1
7038	0
7039	0
7040	1
7041	1
7042	1
7043	0
7044	1
7045	1
7046	1
7047	0
7048	2
7049	0
7050	1
7051	2
7052	1
7053	1
7054	1
7055	3
7056	0
7057	0
7058	0
7059	3
7060	0
7061	0
7062	3
7063	1
7064	1
7065	0
7066	3
7067	1
7068	0
7069	5
7070	2
7071	1
7072	0
7073	0
7074	1
7075	0
7076	2
7077	1
7078	0
7079	2
7080	0
7081	4
7082	0
7083	0
7084	0
7085	1
7086	1
7087	1
7088	0
7089	1
7090	1
7091	0
7092	1
7093	2
7094	0
7095	1
7096	1
7097	1
7098	0
7099	0
7100	1
7101	1
7102	0
7103	1
7104	1
7105	0
7106	0
7107	1
7108	0
7109	1
7110	5
7111	1
7112	1
7113	3
7114	0
7115	0
7116	1
7117	4
7118	2
7119	0
7120	1
7121	0
7122	0
7123	0
7124	3
7125	4
7126	1
7127	0
7128	0
7129	1
7130	1
7131	0
7132	0
7133	1
7134	0
7135	1
7136	4
7137	0
7138	1
7139	2
7140	0
7141	2
7142	1
7143	0
7144	0
7145	1
7146	1
7147	0
7148	1
7149	1
7150	0
7151	1
7152	3
7153	2
7154	1
7155	2
7156	0
7157	0
7158	3
7159	2
7160	0
7161	1
7162	2
7163	1
7164	1
7165	0
7166	4
7167	3
7168	1
7169	0
7170	1
7171	0
7172	1
7173	1
7174	0
7175	2
7176	1
7177	1
7178	0
7179	1
7180	0
7181	0
7182	2
7183	1
7184	1
7185	1
7186	0
7187	4
7188	0
7189	0
7190	1
7191	1
7192	1
7193	0
7194	0
7195	2
7196	1
7197	1
7198	0
7199	1
7200	3
7201	0
7202	2
7203	3
7204	2
7205	1
7206	0
7207	3
7208	2
7209	1
7210	0
7211	1
7212	1
7213	3
7214	2
7215	1
7216	2
7217	0
7218	0
7219	0
7220	0
7221	2
7222	2
7223	1
7224	1
7225	1
7226	1
7227	0
7228	3
7229	0
7230	1
7231	1
7232	0
7233	2
7234	2
7235	2
7236	2
7237	1
7238	1
7239	2
7240	2
7241	0
7242	0
7243	2
7244	1
7245	1
7246	3
7247	1
7248	2
7249	1
7250	2
7251	1
7252	1
7253	2
7254	2
7255	2
7256	1
7257	2
7258	0
7259	0
7260	2
7261	0
7262	0
7263	3
7264	1
7265	1
7266	5
7267	2
7268	1
7269	4
7270	0
7271	0
7272	2
7273	1
7274	3
7275	0
7276	2
7277	2
7278	2
7279	1
7280	0
7281	4
7282	2
7283	0
7284	0
7285	1
7286	0
7287	3
7288	0
7289	0
7290	1
7291	0
7292	3
7293	0
7294	0
7295	1
7296	0
7297	1
7298	1
7299	1
7300	0
7301	1
7302	1
7303	1
7304	1
7305	0
7306	0
7307	1
7308	3
7309	1
7310	2
7311	1
7312	2
7313	0
7314	0
7315	1
7316	1
7317	2
7318	2
7319	5
7320	0
7321	1
7322	3
7323	0
7324	2
7325	3
7326	1
7327	0
7328	2
7329	4
7330	0
7331	1
7332	2
7333	1
7334	2
7335	1
7336	4
7337	2
7338	1
7339	1
7340	0
7341	1
7342	1
7343	3
7344	0
7345	1
7346	0
7347	2
7348	1
7349	0
7350	1
7351	0
7352	2
7353	0
7354	3
7355	0
7356	1
7357	2
7358	4
7359	1
7360	0
7361	1
7362	0
7363	1
7364	0
7365	3
7366	3
7367	4
7368	1
7369	1
7370	2
7371	1
7372	1
7373	1
7374	1
7375	1
7376	2
7377	0
7378	1
7379	1
7380	0
7381	1
7382	0
7383	1
7384	0
7385	0
7386	0
7387	3
7388	1
7389	1
7390	2
7391	2
7392	1
7393	1
7394	1
7395	1
7396	2
7397	1
7398	2
7399	1
7400	1
7401	2
7402	3
7403	1
7404	0
7405	3
7406	1
7407	3
7408	2
7409	1
7410	0
7411	0
7412	1
7413	1
7414	0
7415	0
7416	0
7417	1
7418	2
7419	3
7420	3
7421	1
7422	1
7423	0
7424	1
7425	1
7426	3
7427	1
7428	0
7429	1
7430	1
7431	2
7432	2
7433	3
7434	0
7435	1
7436	3
7437	1
7438	2
7439	0
7440	1
7441	0
7442	0
7443	1
7444	1
7445	1
7446	1
7447	3
7448	0
7449	2
7450	4
7451	1
7452	1
7453	2
7454	0
7455	2
7456	2
7457	4
7458	1
7459	2
7460	0
7461	0
7462	2
7463	0
7464	1
7465	0
7466	2
7467	0
7468	2
7469	3
7470	0
7471	1
7472	0
7473	1
7474	2
7475	0
7476	2
7477	1
7478	1
7479	0
7480	0
7481	2
7482	0
7483	1
7484	3
7485	2
7486	2
7487	1
7488	1
7489	1
7490	3
7491	1
7492	1
7493	2
7494	0
7495	1
7496	4
7497	1
7498	2
7499	2
7500	0
7501	2
7502	1
7503	1
7504	0
7505	3
7506	3
7507	2
7508	1
7509	2
7510	0
7511	0
7512	0
7513	3
7514	2
7515	4
7516	1
7517	2
7518	1
7519	2
7520	2
7521	1
7522	1
7523	1
7524	1
7525	2
7526	1
7527	2
7528	0
7529	1
7530	0
7531	2
7532	2
7533	2
7534	1
7535	1
7536	2
7537	0
7538	2
7539	2
7540	1
7541	1
7542	3
7543	1
7544	1
7545	1
7546	2
7547	1
7548	2
7549	0
7550	0
7551	0
7552	2
7553	3
7554	2
7555	3
7556	1
7557	0
7558	0
7559	0
7560	3
7561	1
7562	2
7563	0
7564	2
7565	0
7566	2
7567	1
7568	2
7569	3
7570	0
7571	1
7572	0
7573	0
7574	0
7575	1
7576	2
7577	1
7578	2
7579	0
7580	0
7581	2
7582	0
7583	2
7584	1
7585	0
7586	1
7587	2
7588	1
7589	1
7590	0
7591	1
7592	1
7593	2
7594	0
7595	0
7596	1
7597	0
7598	0
7599	0
7600	1
7601	1
7602	1
7603	1
7604	1
7605	0
7606	0
7607	2
7608	0
7609	1
7610	3
7611	4
7612	1
7613	0
7614	3
7615	0
7616	1
7617	0
7618	2
7619	1
7620	0
7621	2
7622	1
7623	1
7624	1
7625	2
7626	1
7627	2
7628	2
7629	0
7630	1
7631	0
7632	1
7633	0
7634	1
7635	2
7636	1
7637	1
7638	1
7639	1
7640	1
7641	1
7642	2
7643	1
7644	1
7645	1
7646	1
7647	0
7648	1
7649	0
7650	0
7651	2
7652	0
7653	1
7654	1
7655	1
7656	4
7657	1
7658	1
7659	1
7660	1
7661	1
7662	4
7663	2
7664	3
7665	2
7666	0
7667	1
7668	2
7669	1
7670	1
7671	3
7672	3
7673	0
7674	2
7675	1
7676	1
7677	1
7678	2
7679	1
7680	0
7681	0
7682	2
7683	2
7684	0
7685	1
7686	1
7687	6
7688	1
7689	2
7690	0
7691	0
7692	0
7693	7
7694	1
7695	3
7696	1
7697	1
7698	2
7699	0
7700	1
7701	1
7702	0
7703	2
7704	0
7705	1
7706	1
7707	1
7708	3
7709	0
7710	1
7711	0
7712	0
7713	0
7714	1
7715	0
7716	0
7717	2
7718	0
7719	2
7720	1
7721	1
7722	0
7723	0
7724	1
7725	1
7726	0
7727	0
7728	1
7729	0
7730	2
7731	1
7732	0
7733	3
7734	1
7735	1
7736	1
7737	0
7738	0
7739	0
7740	0
7741	0
7742	2
7743	1
7744	1
7745	0
7746	1
7747	1
7748	2
7749	0
7750	0
7751	1
7752	3
7753	0
7754	0
7755	2
7756	1
7757	2
7758	2
7759	0
7760	3
7761	1
7762	1
7763	1
7764	1
7765	2
7766	1
7767	4
7768	1
7769	0
7770	1
7771	1
7772	1
7773	2
7774	0
7775	0
7776	0
7777	0
7778	0
7779	1
7780	2
7781	0
7782	0
7783	1
7784	1
7785	0
7786	0
7787	2
7788	3
7789	0
7790	0
7791	2
7792	0
7793	0
7794	0
7795	0
7796	2
7797	3
7798	1
7799	1
7800	2
7801	0
7802	3
7803	2
7804	2
7805	1
7806	1
7807	0
7808	1
7809	1
7810	1
7811	1
7812	1
7813	2
7814	0
7815	0
7816	0
7817	1
7818	1
7819	0
7820	1
7821	0
7822	0
7823	2
7824	0
7825	2
7826	2
7827	1
7828	2
7829	1
7830	0
7831	1
7832	1
7833	1
7834	0
7835	2
7836	1
7837	1
7838	2
7839	0
7840	0
7841	2
7842	0
7843	1
7844	3
7845	0
7846	1
7847	2
7848	1
7849	3
7850	1
7851	0
7852	0
7853	2
7854	0
7855	0
7856	0
7857	2
7858	0
7859	4
7860	1
7861	2
7862	1
7863	1
7864	2
7865	2
7866	0
7867	1
7868	1
7869	1
7870	2
7871	2
7872	0
7873	0
7874	1
7875	3
7876	1
7877	1
7878	2
7879	0
7880	0
7881	1
7882	0
7883	2
7884	1
7885	1
7886	0
7887	1
7888	1
7889	2
7890	1
7891	0
7892	0
7893	1
7894	2
7895	1
7896	1
7897	0
7898	3
7899	1
7900	1
7901	1
7902	0
7903	2
7904	0
7905	2
7906	0
7907	2
7908	0
7909	2
7910	1
7911	0
7912	0
7913	1
7914	0
7915	1
7916	0
7917	1
7918	2
7919	1
7920	0
7921	0
7922	0
7923	0
7924	0
7925	0
7926	1
7927	2
7928	1
7929	0
7930	0
7931	0
7932	0
7933	1
7934	1
7935	2
7936	4
7937	1
7938	2
7939	1
7940	1
7941	0
7942	1
7943	2
7944	1
7945	0
7946	2
7947	4
7948	1
7949	1
7950	0
7951	2
7952	0
7953	3
7954	1
7955	0
7956	0
7957	0
7958	2
7959	2
7960	1
7961	1
7962	3
7963	0
7964	2
7965	1
7966	0
7967	0
7968	2
7969	0
7970	1
7971	1
7972	2
7973	2
7974	2
7975	0
7976	1
7977	1
7978	1
7979	2
7980	0
7981	0
7982	3
7983	0
7984	0
7985	1
7986	3
7987	1
7988	2
7989	2
7990	4
7991	1
7992	2
7993	2
7994	0
7995	3
7996	0
7997	0
7998	1
7999	0
8000	1
8001	0
8002	1
8003	1
8004	3
8005	1
8006	1
8007	3
8008	0
8009	1
8010	1
8011	0
8012	0
8013	0
8014	1
8015	0
8016	0
8017	0
8018	2
8019	2
8020	1
8021	1
8022	0
8023	0
8024	1
8025	1
8026	0
8027	1
8028	0
8029	0
8030	1
8031	3
8032	2
8033	1
8034	1
8035	4
8036	1
8037	0
8038	1
8039	0
8040	0
8041	3
8042	0
8043	0
8044	1
8045	1
8046	1
8047	3
8048	0
8049	1
8050	2
8051	1
8052	0
8053	1
8054	0
8055	0
8056	1
8057	1
8058	3
8059	2
8060	1
8061	0
8062	0
8063	3
8064	0
8065	0
8066	1
8067	0
8068	1
8069	0
8070	0
8071	0
8072	0
8073	1
8074	2
8075	3
8076	1
8077	1
8078	3
8079	1
8080	0
8081	0
8082	1
8083	1
8084	0
8085	2
8086	0
8087	0
8088	0
8089	2
8090	1
8091	1
8092	3
8093	2
8094	0
8095	1
8096	0
8097	1
8098	1
8099	0
8100	0
8101	3
8102	0
8103	1
8104	2
8105	1
8106	3
8107	2
8108	1
8109	1
8110	2
8111	1
8112	1
8113	0
8114	3
8115	2
8116	1
8117	0
8118	0
8119	3
8120	1
8121	0
8122	0
8123	0
8124	0
8125	1
8126	4
8127	2
8128	0
8129	0
8130	1
8131	0
8132	1
8133	1
8134	2
8135	0
8136	1
8137	1
8138	1
8139	1
8140	0
8141	2
8142	2
8143	0
8144	0
8145	0
8146	4
8147	1
8148	0
8149	4
8150	1
8151	0
8152	1
8153	2
8154	1
8155	1
8156	1
8157	3
8158	0
8159	0
8160	1
8161	1
8162	3
8163	0
8164	1
8165	0
8166	1
8167	2
8168	2
8169	1
8170	1
8171	1
8172	0
8173	1
8174	0
8175	3
8176	0
8177	0
8178	1
8179	1
8180	2
8181	1
8182	0
8183	0
8184	4
8185	3
8186	0
8187	1
8188	0
8189	1
8190	2
8191	1
8192	1
8193	1
8194	2
8195	1
8196	1
8197	0
8198	3
8199	0
8200	2
8201	0
8202	0
8203	1
8204	2
8205	1
8206	0
8207	0
8208	0
8209	0
8210	0
8211	0
8212	2
8213	1
8214	0
8215	1
8216	0
8217	3
8218	0
8219	2
8220	3
8221	2
8222	2
8223	1
8224	1
8225	0
8226	0
8227	1
8228	1
8229	0
8230	3
8231	1
8232	1
8233	1
8234	1
8235	1
8236	0
8237	3
8238	0
8239	1
8240	0
8241	3
8242	3
8243	2
8244	0
8245	0
8246	0
8247	0
8248	1
8249	0
8250	0
8251	1
8252	0
8253	0
8254	2
8255	3
8256	2
8257	1
8258	0
8259	1
8260	0
8261	1
8262	2
8263	1
8264	0
8265	2
8266	0
8267	0
8268	1
8269	1
8270	0
8271	0
8272	0
8273	0
8274	1
8275	2
8276	1
8277	0
8278	0
8279	1
8280	0
8281	1
8282	0
8283	0
8284	1
8285	0
8286	0
8287	0
8288	2
8289	0
8290	0
8291	2
8292	2
8293	0
8294	1
8295	1
8296	0
8297	0
8298	0
8299	1
8300	2
8301	1
8302	0
8303	0
8304	1
8305	1
8306	1
8307	0
8308	3
8309	0
8310	1
8311	1
8312	1
8313	1
8314	3
8315	0
8316	1
8317	1
8318	0
8319	0
8320	0
8321	1
8322	0
8323	3
8324	0
8325	0
8326	0
8327	0
8328	2
8329	1
8330	0
8331	0
8332	0
8333	1
8334	0
8335	2
8336	3
8337	0
8338	0
8339	0
8340	2
8341	0
8342	0
8343	1
8344	1
8345	0
8346	3
8347	0
8348	1
8349	0
8350	2
8351	0
8352	1
8353	1
8354	1
8355	2
8356	0
8357	2
8358	2
8359	2
8360	2
8361	0
8362	2
8363	0
8364	1
8365	0
8366	1
8367	2
8368	0
8369	1
8370	1
8371	1
8372	0
8373	1
8374	1
8375	1
8376	2
8377	3
8378	3
8379	1
8380	2
8381	2
8382	1
8383	2
8384	1
8385	0
8386	1
8387	0
8388	2
8389	3
8390	2
8391	1
8392	1
8393	2
8394	4
8395	2
8396	0
8397	0
8398	2
8399	1
8400	0
8401	0
8402	0
8403	0
8404	1
8405	1
8406	1
8407	1
8408	1
8409	1
8410	3
8411	1
8412	1
8413	1
8414	1
8415	0
8416	0
8417	1
8418	1
8419	0
8420	1
8421	1
8422	1
8423	2
8424	2
8425	0
8426	1
8427	0
8428	0
8429	0
8430	2
8431	0
8432	0
8433	0
8434	3
8435	2
8436	1
8437	2
8438	1
8439	0
8440	0
8441	0
8442	0
8443	1
8444	1
8445	1
8446	1
8447	2
8448	2
8449	0
8450	0
8451	2
8452	1
8453	2
8454	0
8455	1
8456	0
8457	0
8458	0
8459	1
8460	0
8461	1
8462	0
8463	0
8464	0
8465	0
8466	0
8467	1
8468	2
8469	3
8470	0
8471	0
8472	2
8473	0
8474	2
8475	0
8476	0
8477	2
8478	1
8479	1
8480	2
8481	2
8482	2
8483	1
8484	0
8485	2
8486	1
8487	0
8488	1
8489	1
8490	1
8491	3
8492	2
8493	0
8494	1
8495	1
8496	1
8497	0
8498	2
8499	1
8500	0
8501	2
8502	0
8503	0
8504	3
8505	0
8506	1
8507	0
8508	3
8509	1
8510	1
8511	1
8512	0
8513	0
8514	0
8515	0
8516	0
8517	2
8518	0
8519	1
8520	0
8521	1
8522	1
8523	2
8524	2
8525	2
8526	1
8527	1
8528	0
8529	1
8530	0
8531	0
8532	2
8533	2
8534	2
8535	0
8536	0
8537	2
8538	1
8539	2
8540	0
8541	1
8542	1
8543	1
8544	2
8545	1
8546	0
8547	1
8548	1
8549	2
8550	0
8551	0
8552	1
8553	0
8554	0
8555	1
8556	0
8557	3
8558	0
8559	0
8560	1
8561	0
8562	0
8563	0
8564	1
8565	1
8566	0
8567	0
8568	0
8569	0
8570	0
8571	0
8572	1
8573	0
8574	0
8575	2
8576	1
8577	3
8578	1
8579	0
8580	1
8581	0
8582	1
8583	1
8584	0
8585	1
8586	1
8587	1
8588	2
8589	1
8590	1
8591	2
8592	0
8593	0
8594	0
8595	1
8596	1
8597	0
8598	0
8599	2
8600	3
8601	1
8602	0
8603	1
8604	0
8605	0
8606	0
8607	2
8608	0
8609	1
8610	2
8611	2
8612	0
8613	2
8614	0
8615	0
8616	3
8617	0
8618	0
8619	0
8620	1
8621	0
8622	1
8623	0
8624	2
8625	0
8626	0
8627	1
8628	1
8629	0
8630	0
8631	1
8632	0
8633	0
8634	0
8635	0
8636	0
8637	0
8638	1
8639	0
8640	1
8641	0
8642	0
8643	0
8644	1
8645	1
8646	0
8647	0
8648	0
8649	0
8650	0
8651	0
8652	0
8653	0
8654	1
8655	0
8656	2
8657	0
8658	2
8659	0
8660	2
8661	1
8662	0
8663	1
8664	1
8665	1
8666	0
8667	0
8668	0
8669	1
8670	1
8671	0
8672	0
8673	0
8674	0
8675	0
8676	0
8677	2
8678	0
8679	1
8680	1
8681	0
8682	0
8683	0
8684	0
8685	0
8686	2
8687	1
8688	0
8689	0
8690	3
8691	0
8692	1
8693	1
8694	1
8695	0
8696	1
8697	2
8698	2
8699	1
8700	3
8701	2
8702	0
8703	2
8704	1
8705	0
8706	1
8707	0
8708	1
8709	0
8710	1
8711	2
8712	1
8713	0
8714	0
8715	1
8716	1
8717	1
8718	1
8719	0
8720	1
8721	0
8722	0
8723	0
8724	1
8725	1
8726	0
8727	0
8728	0
8729	1
8730	1
8731	1
8732	1
8733	1
8734	1
8735	1
8736	0
8737	1
8738	1
8739	0
8740	1
8741	1
8742	1
8743	0
8744	0
8745	0
8746	0
8747	0
8748	0
8749	1
8750	1
8751	1
8752	0
8753	0
8754	0
8755	0
8756	0
8757	1
8758	0
8759	2
8760	1
8761	1
8762	0
8763	0
8764	2
8765	2
8766	0
8767	1
8768	0
8769	1
8770	2
8771	0
8772	0
8773	0
8774	3
8775	1
8776	0
8777	0
8778	1
8779	0
8780	0
8781	1
8782	2
8783	1
8784	1
8785	1
8786	0
8787	0
8788	1
8789	0
8790	1
8791	0
8792	0
8793	0
8794	1
8795	0
8796	2
8797	0
8798	0
8799	0
8800	1
8801	1
8802	0
8803	0
8804	2
8805	0
8806	3
8807	0
8808	1
8809	3
8810	0
8811	1
8812	0
8813	0
8814	1
8815	0
8816	0
8817	0
8818	1
8819	1
8820	0
8821	0
8822	0
8823	1
8824	1
8825	1
8826	0
8827	1
8828	1
8829	0
8830	0
8831	1
8832	0
8833	0
8834	0
8835	1
8836	0
8837	0
8838	1
8839	1
8840	0
8841	0
8842	1
8843	0
8844	0
8845	2
8846	0
8847	1
8848	1
8849	0
8850	0
8851	0
8852	0
8853	2
8854	1
8855	0
8856	0
8857	0
8858	0
8859	0
8860	1
8861	0
8862	1
8863	0
8864	2
8865	0
8866	2
8867	1
8868	0
8869	1
8870	2
8871	0
8872	1
8873	0
8874	0
8875	0
8876	1
8877	0
8878	1
8879	2
8880	1
8881	0
8882	0
8883	2
8884	1
8885	2
8886	1
8887	0
8888	0
8889	1
8890	0
8891	0
8892	0
8893	0
8894	0
8895	0
8896	1
8897	1
8898	1
8899	0
8900	0
8901	0
8902	1
8903	0
8904	1
8905	1
8906	1
8907	0
8908	1
8909	0
8910	1
8911	0
8912	2
8913	0
8914	1
8915	0
8916	1
8917	0
8918	1
8919	0
8920	0
8921	0
8922	0
8923	0
8924	0
8925	0
8926	0
8927	1
8928	2
8929	0
8930	0
8931	1
8932	0
8933	2
8934	2
8935	1
8936	0
8937	0
8938	0
8939	1
8940	1
8941	3
8942	2
8943	0
8944	3
8945	1
8946	0
8947	1
8948	3
8949	3
8950	0
8951	0
8952	0
8953	1
8954	3
8955	2
8956	0
8957	2
8958	1
8959	0
8960	0
8961	0
8962	1
8963	0
8964	3
8965	1
8966	1
8967	0
8968	1
8969	1
8970	1
8971	0
8972	3
8973	0
8974	1
8975	3
8976	1
8977	0
8978	0
8979	0
8980	0
8981	1
8982	2
8983	0
8984	1
8985	0
8986	1
8987	1
8988	1
8989	0
8990	1
8991	1
8992	1
8993	0
8994	0
8995	1
8996	1
8997	0
8998	0
8999	2
9000	2
9001	1
9002	0
9003	0
9004	0
9005	0
9006	0
9007	2
9008	2
9009	1
9010	0
9011	2
9012	0
9013	0
9014	1
9015	0
9016	1
9017	0
9018	0
9019	0
9020	2
9021	1
9022	0
9023	0
9024	0
9025	0
9026	2
9027	0
9028	3
9029	2
9030	1
9031	0
9032	0
9033	0
9034	0
9035	0
9036	0
9037	1
9038	0
9039	0
9040	0
9041	0
9042	1
9043	0
9044	1
9045	1
9046	1
9047	1
9048	2
9049	0
9050	0
9051	2
9052	0
9053	0
9054	2
9055	0
9056	1
9057	0
9058	1
9059	1
9060	1
9061	1
9062	0
9063	1
9064	1
9065	0
9066	1
9067	0
9068	3
9069	0
9070	1
9071	0
9072	1
9073	0
9074	0
9075	2
9076	0
9077	0
9078	0
9079	1
9080	0
9081	0
9082	1
9083	0
9084	1
9085	2
9086	0
9087	1
9088	0
9089	0
9090	0
9091	1
9092	2
9093	1
9094	0
9095	2
9096	0
9097	0
9098	1
9099	0
9100	1
9101	1
9102	2
9103	2
9104	2
9105	0
9106	0
9107	1
9108	1
9109	0
9110	1
9111	0
9112	2
9113	0
9114	0
9115	1
9116	0
9117	3
9118	0
9119	1
9120	1
9121	3
9122	2
9123	2
9124	1
9125	3
9126	2
9127	1
9128	0
9129	2
9130	0
9131	2
9132	1
9133	1
9134	0
9135	0
9136	1
9137	0
9138	1
9139	1
9140	1
9141	0
9142	0
9143	0
9144	1
9145	1
9146	3
9147	0
9148	0
9149	0
9150	1
9151	1
9152	1
9153	2
9154	0
9155	0
9156	2
9157	0
9158	0
9159	0
9160	0
9161	0
9162	0
9163	1
9164	1
9165	4
9166	2
9167	0
9168	2
9169	1
9170	0
9171	1
9172	1
9173	0
9174	0
9175	0
9176	1
9177	1
9178	1
9179	1
9180	0
9181	0
9182	1
9183	1
9184	0
9185	4
9186	2
9187	0
9188	2
9189	1
9190	0
9191	1
9192	0
9193	1
9194	1
9195	0
9196	2
9197	0
9198	3
9199	2
9200	0
9201	2
9202	1
9203	0
9204	0
9205	0
9206	0
9207	0
9208	0
9209	1
9210	0
9211	0
9212	0
9213	1
9214	1
9215	0
9216	1
9217	3
9218	1
9219	2
9220	2
9221	3
9222	0
9223	0
9224	1
9225	1
9226	0
9227	0
9228	0
9229	2
9230	0
9231	1
9232	0
9233	1
9234	2
9235	2
9236	2
9237	0
9238	0
9239	0
9240	1
9241	2
9242	0
9243	0
9244	1
9245	1
9246	2
9247	1
9248	0
9249	2
9250	2
9251	2
9252	2
9253	1
9254	1
9255	0
9256	2
9257	1
9258	2
9259	0
9260	0
9261	1
9262	0
9263	4
9264	0
9265	1
9266	0
9267	2
9268	2
9269	1
9270	0
9271	2
9272	0
9273	0
9274	1
9275	0
9276	1
9277	2
9278	0
9279	1
9280	0
9281	1
9282	0
9283	1
9284	0
9285	1
9286	0
9287	0
9288	0
9289	0
9290	0
9291	1
9292	1
9293	0
9294	0
9295	1
9296	1
9297	0
9298	3
9299	1
9300	1
9301	0
9302	0
9303	0
9304	1
9305	1
9306	1
9307	3
9308	1
9309	3
9310	2
9311	2
9312	2
9313	1
9314	0
9315	2
9316	0
9317	0
9318	0
9319	0
9320	0
9321	0
9322	0
9323	1
9324	0
9325	1
9326	1
9327	0
9328	1
9329	1
9330	0
9331	1
9332	1
9333	1
9334	2
9335	0
9336	0
9337	1
9338	0
9339	3
9340	3
9341	0
9342	3
9343	0
9344	2
9345	0
9346	1
9347	2
9348	2
9349	0
9350	0
9351	0
9352	1
9353	1
9354	0
9355	0
9356	3
9357	1
9358	0
9359	0
9360	0
9361	0
9362	0
9363	0
9364	2
9365	0
9366	0
9367	0
9368	3
9369	0
9370	2
9371	2
9372	0
9373	1
9374	0
9375	2
9376	1
9377	0
9378	0
9379	1
9380	1
9381	0
9382	0
9383	0
9384	1
9385	1
9386	1
9387	0
9388	1
9389	0
9390	0
9391	1
9392	2
9393	0
9394	2
9395	1
9396	1
9397	0
9398	1
9399	0
9400	2
9401	2
9402	0
9403	1
9404	0
9405	0
9406	0
9407	1
9408	0
9409	0
9410	0
9411	0
9412	1
9413	1
9414	1
9415	0
9416	2
9417	0
9418	1
9419	1
9420	1
9421	0
9422	0
9423	3
9424	0
9425	0
9426	2
9427	2
9428	0
9429	1
9430	0
9431	1
9432	2
9433	1
9434	3
9435	1
9436	1
9437	3
9438	0
9439	1
9440	1
9441	0
9442	0
9443	1
9444	1
9445	2
9446	2
9447	0
9448	0
9449	1
9450	0
9451	0
9452	0
9453	0
9454	2
9455	1
9456	1
9457	0
9458	0
9459	0
9460	1
9461	1
9462	0
9463	0
9464	1
9465	1
9466	0
9467	0
9468	1
9469	1
9470	0
9471	0
9472	3
9473	0
9474	3
9475	5
9476	2
9477	1
9478	0
9479	0
9480	0
9481	2
9482	2
9483	0
9484	1
9485	0
9486	0
9487	2
9488	1
9489	0
9490	1
9491	0
9492	0
9493	1
9494	0
9495	1
9496	0
9497	2
9498	0
9499	0
9500	1
9501	0
9502	1
9503	0
9504	0
9505	0
9506	1
9507	0
9508	0
9509	1
9510	1
9511	0
9512	0
9513	2
9514	1
9515	1
9516	0
9517	0
9518	4
9519	0
9520	1
9521	0
9522	0
9523	1
9524	1
9525	1
9526	0
9527	0
9528	0
9529	0
9530	0
9531	0
9532	0
9533	0
9534	0
9535	2
9536	1
9537	0
9538	2
9539	2
9540	0
9541	0
9542	1
9543	0
9544	0
9545	0
9546	1
9547	0
9548	1
9549	0
9550	1
9551	0
9552	0
9553	1
9554	0
9555	1
9556	0
9557	0
9558	1
9559	1
9560	0
9561	0
9562	0
9563	0
9564	0
9565	1
9566	2
9567	0
9568	0
9569	0
9570	0
9571	1
9572	1
9573	0
9574	1
9575	2
9576	0
9577	0
9578	1
9579	1
9580	3
9581	1
9582	0
9583	1
9584	1
9585	0
9586	0
9587	0
9588	1
9589	0
9590	0
9591	0
9592	1
9593	1
9594	3
9595	0
9596	3
9597	1
9598	0
9599	0
9600	0
9601	0
9602	2
9603	1
9604	1
9605	1
9606	1
9607	2
9608	2
9609	0
9610	0
9611	0
9612	0
9613	0
9614	3
9615	0
9616	1
9617	0
9618	0
9619	2
9620	0
9621	1
9622	0
9623	0
9624	1
9625	0
9626	0
9627	1
9628	0
9629	0
9630	1
9631	0
9632	1
9633	0
9634	1
9635	1
9636	1
9637	2
9638	1
9639	1
9640	2
9641	1
9642	1
9643	1
9644	0
9645	0
9646	3
9647	2
9648	1
9649	1
9650	0
9651	1
9652	0
9653	0
9654	0
9655	0
9656	0
9657	0
9658	1
9659	1
9660	0
9661	0
9662	0
9663	1
9664	0
9665	1
9666	1
9667	2
9668	0
9669	0
9670	0
9671	0
9672	1
9673	1
9674	0
9675	0
9676	0
9677	2
9678	0
9679	1
9680	0
9681	0
9682	2
9683	2
9684	1
9685	0
9686	0
9687	0
9688	1
9689	0
9690	2
9691	1
9692	2
9693	0
9694	2
9695	1
9696	3
9697	1
9698	0
9699	1
9700	1
9701	0
9702	1
9703	1
9704	0
9705	0
9706	0
9707	0
9708	0
9709	1
9710	0
9711	1
9712	0
9713	0
9714	0
9715	1
9716	2
9717	0
9718	2
9719	0
9720	0
9721	1
9722	0
9723	1
9724	0
9725	0
9726	2
9727	0
9728	1
9729	1
9730	1
9731	2
9732	0
9733	1
9734	1
9735	1
9736	0
9737	1
9738	0
9739	0
9740	2
9741	1
9742	0
9743	0
9744	0
9745	1
9746	2
9747	1
9748	0
9749	0
9750	0
9751	0
9752	0
9753	1
9754	0
9755	2
9756	0
9757	0
9758	0
9759	0
9760	0
9761	1
9762	1
9763	1
9764	1
9765	0
9766	1
9767	0
9768	1
9769	0
9770	2
9771	0
9772	0
9773	2
9774	1
9775	0
9776	3
9777	0
9778	1
9779	0
9780	1
9781	0
9782	0
9783	0
9784	1
9785	0
9786	1
9787	0
9788	0
9789	1
9790	0
9791	0
9792	2
9793	2
9794	2
9795	1
9796	0
9797	1
9798	0
9799	0
9800	1
9801	0
9802	2
9803	3
9804	1
9805	0
9806	2
9807	1
9808	1
9809	3
9810	0
9811	0
9812	0
9813	0
9814	0
9815	1
9816	2
9817	1
9818	1
9819	2
9820	1
9821	0
9822	1
9823	0
9824	0
9825	1
9826	0
9827	1
9828	1
9829	1
9830	2
9831	0
9832	1
9833	0
9834	0
9835	0
9836	0
9837	0
9838	3
9839	1
9840	1
9841	0
9842	0
9843	1
9844	1
9845	1
9846	1
9847	1
9848	1
9849	0
9850	0
9851	0
9852	0
9853	0
9854	0
9855	1
9856	0
9857	2
9858	2
9859	0
9860	1
9861	0
9862	2
9863	2
9864	1
9865	1
9866	0
9867	0
9868	0
9869	0
9870	2
9871	1
9872	0
9873	1
9874	1
9875	1
9876	0
9877	1
9878	0
9879	0
9880	0
9881	0
9882	1
9883	1
9884	1
9885	0
9886	0
9887	1
9888	0
9889	0
9890	2
9891	2
9892	1
9893	1
9894	0
9895	0
9896	0
9897	1
9898	0
9899	1
9900	1
9901	0
9902	0
9903	1
9904	1
9905	0
9906	2
9907	1
9908	1
9909	1
9910	1
9911	1
9912	0
9913	0
9914	0
9915	1
9916	2
9917	0
9918	0
9919	0
9920	0
9921	1
9922	1
9923	2
9924	0
9925	1
9926	1
9927	0
9928	0
9929	0
9930	0
9931	2
9932	2
9933	1
9934	0
9935	1
9936	0
9937	4
9938	1
9939	0
9940	0
9941	0
9942	2
9943	1
9944	0
9945	0
9946	0
9947	1
9948	0
9949	0
9950	0
9951	1
9952	0
9953	0
9954	2
9955	0
9956	0
9957	0
9958	0
9959	0
9960	1
9961	0
9962	2
9963	0
9964	0
9965	2
9966	0
9967	0
9968	1
9969	1
9970	2
9971	0
9972	2
9973	0
9974	1
9975	0
9976	1
9977	3
9978	0
9979	1
9980	1
9981	2
9982	0
9983	0
9984	1
9985	1
9986	0
9987	1
9988	0
9989	0
9990	0
9991	1
9992	0
9993	0
9994	1
9995	1
9996	0
9997	1
9998	1
9999	1
10000	2
